simulation_type,subj_id,sight_radius,n_gabors,block_ix,landscape_name,starting_pos,starting_score,trial,pos,stims,selected,score,delta
optimal,random_robot_24,10,6,1,SimpleHill,0-0,0,0,0-0,6-4;5-4;5-2;2-4;3-2;0-1,6-4,18,18
optimal,random_robot_24,10,6,1,SimpleHill,0-0,0,1,6-4,14-8;0-12;15-0;7-3;8-9;1-2,14-8,38,20
optimal,random_robot_24,10,6,1,SimpleHill,0-0,0,2,14-8,18-1;13-3;6-4;12-10;20-3;17-15,17-15,53,15
optimal,random_robot_24,10,6,1,SimpleHill,0-0,0,3,17-15,14-24;10-13;13-9;20-24;17-18;22-13,20-24,68,15
optimal,random_robot_24,10,6,1,SimpleHill,0-0,0,4,20-24,28-29;26-17;19-15;27-31;16-33;23-30,27-31,82,14
optimal,random_robot_24,10,6,1,SimpleHill,0-0,0,5,27-31,36-32;26-33;33-27;29-33;22-37;30-22,36-32,89,7
optimal,random_robot_24,10,6,1,SimpleHill,0-0,0,6,36-32,27-33;29-37;35-24;44-32;35-41;42-38,42-38,95,6
optimal,random_robot_24,10,6,1,SimpleHill,0-0,0,7,42-38,39-47;46-43;48-32;40-30;44-34;40-42,46-43,98,3
optimal,random_robot_24,10,6,1,SimpleHill,0-0,0,8,46-43,53-43;49-46;49-41;48-48;42-51;53-42,48-48,99,1
optimal,random_robot_24,10,6,1,SimpleHill,0-0,0,9,48-48,53-46;57-46;44-43;43-40;48-55;54-41,53-46,99,0
optimal,random_robot_24,10,6,1,SimpleHill,0-0,0,10,53-46,59-47;52-51;48-53;47-53;57-50;49-44,47-53,99,0
optimal,random_robot_24,10,6,1,SimpleHill,0-0,0,11,47-53,50-57;47-57;51-54;48-45;52-52;50-48,50-57,99,0
optimal,random_robot_24,10,6,1,SimpleHill,0-0,0,12,50-57,46-66;48-51;47-60;55-63;53-64;59-56,48-51,99,0
optimal,random_robot_24,10,6,1,SimpleHill,0-0,0,13,48-51,45-45;55-56;57-49;44-57;45-51;42-53,45-45,99,0
optimal,random_robot_24,10,6,1,SimpleHill,0-0,0,14,45-45,44-44;51-42;50-41;48-43;39-40;36-47,44-44,98,-1
optimal,random_robot_24,10,6,1,SimpleHill,0-0,0,15,44-44,51-45;44-46;49-48;39-39;48-38;45-42,51-45,99,1
optimal,random_robot_24,10,6,1,SimpleHill,0-0,0,16,51-45,45-52;54-42;49-50;54-50;54-44;60-41,45-52,99,0
optimal,random_robot_24,10,6,1,SimpleHill,0-0,0,17,45-52,50-47;48-50;39-46;40-46;37-52;43-47,50-47,99,0
optimal,random_robot_24,10,6,1,SimpleHill,0-0,0,18,50-47,52-45;45-44;42-47;47-45;57-52;52-43,52-45,99,0
optimal,random_robot_24,10,6,1,SimpleHill,0-0,0,19,52-45,58-49;48-36;58-48;54-51;59-38;56-53,54-51,99,0
optimal,random_robot_24,10,6,1,SimpleHill,0-0,0,20,54-51,56-58;48-45;54-54;47-44;52-44;57-52,47-44,99,0
optimal,random_robot_24,10,6,1,SimpleHill,0-0,0,21,47-44,52-48;56-40;52-38;47-48;45-46;44-39,52-48,99,0
optimal,random_robot_24,10,6,1,SimpleHill,0-0,0,22,52-48,56-45;53-57;60-45;45-51;51-43;60-54,45-51,99,0
optimal,random_robot_24,10,6,1,SimpleHill,0-0,0,23,45-51,38-50;50-57;51-49;39-44;50-55;44-59,50-55,99,0
optimal,random_robot_24,10,6,1,SimpleHill,0-0,0,24,50-55,47-51;52-52;44-63;51-54;48-58;55-53,47-51,99,0
optimal,random_robot_24,10,6,1,SimpleHill,0-0,0,25,47-51,43-55;48-54;41-48;41-55;47-49;56-51,47-49,99,0
optimal,random_robot_24,10,6,1,SimpleHill,0-0,0,26,47-49,40-49;49-40;54-47;49-52;48-53;42-47,48-53,99,0
optimal,random_robot_24,10,6,1,SimpleHill,0-0,0,27,48-53,56-48;45-52;40-47;48-55;45-60;50-59,56-48,99,0
optimal,random_robot_24,10,6,1,SimpleHill,0-0,0,28,56-48,62-48;52-42;59-47;62-47;64-49;62-45,52-42,98,-1
optimal,random_robot_24,10,6,1,SimpleHill,0-0,0,29,52-42,57-41;50-40;46-36;43-42;46-42;47-40,46-42,98,0
optimal,random_robot_24,10,6,1,SimpleHill,0-0,0,30,46-42,48-36;42-50;45-40;44-36;52-34;37-42,42-50,98,0
optimal,random_robot_24,10,6,1,SimpleHill,0-0,0,31,42-50,35-49;49-47;41-59;33-46;45-42;38-44,49-47,99,1
optimal,random_robot_24,10,6,1,SimpleHill,0-0,0,32,49-47,53-44;47-53;49-45;43-43;50-40;44-47,53-44,99,0
optimal,random_robot_24,10,6,1,SimpleHill,0-0,0,33,53-44,62-42;48-49;49-48;56-47;44-48;52-35,44-48,99,0
optimal,random_robot_24,10,6,1,SimpleHill,0-0,0,34,44-48,40-55;44-45;42-46;45-43;48-46;49-52,48-46,99,0
optimal,random_robot_24,10,6,1,SimpleHill,0-0,0,35,48-46,57-46;42-51;49-42;54-52;52-42;46-52,46-52,99,0
optimal,random_robot_24,10,6,1,SimpleHill,0-0,0,36,46-52,53-55;42-45;40-46;47-44;46-42;42-48,53-55,99,0
optimal,random_robot_24,10,6,1,SimpleHill,0-0,0,37,53-55,54-59;61-60;44-58;46-62;51-50;50-58,51-50,99,0
optimal,random_robot_24,10,6,1,SimpleHill,0-0,0,38,51-50,58-54;49-53;56-56;50-55;46-55;53-54,46-55,99,0
optimal,random_robot_24,10,6,1,SimpleHill,0-0,0,39,46-55,46-53;45-62;43-63;42-62;43-48;48-50,46-53,99,0
