simulation_type,subj_id,sight_radius,n_gabors,block_ix,landscape_name,starting_pos,starting_score,trial,pos,stims,selected,score,delta
random,random_robot_9,10,6,1,SimpleHill,0-0,0,0,0-0,6-5;0-2;6-8;3-2;5-3;7-0,6-8,26,26
random,random_robot_9,10,6,1,SimpleHill,0-0,0,1,6-8,3-11;4-12;12-5;1-3;14-8;7-16,7-16,39,13
random,random_robot_9,10,6,1,SimpleHill,0-0,0,2,7-16,0-16;2-16;2-8;1-18;12-24;3-16,12-24,57,18
random,random_robot_9,10,6,1,SimpleHill,0-0,0,3,12-24,13-26;7-19;8-21;8-26;20-24;6-19,20-24,68,11
random,random_robot_9,10,6,1,SimpleHill,0-0,0,4,20-24,23-28;24-32;19-27;18-16;14-27;17-20,24-32,80,12
random,random_robot_9,10,6,1,SimpleHill,0-0,0,5,24-32,20-27;15-30;27-32;16-37;27-40;30-31,27-40,87,7
random,random_robot_9,10,6,1,SimpleHill,0-0,0,6,27-40,23-40;20-37;23-48;23-45;27-35;26-47,26-47,88,1
random,random_robot_9,10,6,1,SimpleHill,0-0,0,7,26-47,29-53;26-57;27-50;30-45;25-56;28-55,29-53,91,3
random,random_robot_9,10,6,1,SimpleHill,0-0,0,8,29-53,21-56;31-55;21-55;27-52;38-53;37-49,37-49,96,5
random,random_robot_9,10,6,1,SimpleHill,0-0,0,9,37-49,29-52;46-48;41-50;38-53;30-46;32-52,46-48,99,3
random,random_robot_9,10,6,1,SimpleHill,0-0,0,10,46-48,54-49;46-44;53-45;41-45;49-50;48-56,54-49,99,0
random,random_robot_9,10,6,1,SimpleHill,0-0,0,11,54-49,47-44;52-44;51-41;52-50;52-58;59-51,47-44,99,0
random,random_robot_9,10,6,1,SimpleHill,0-0,0,12,47-44,55-38;41-40;45-37;43-37;51-46;46-40,51-46,99,0
random,random_robot_9,10,6,1,SimpleHill,0-0,0,13,51-46,44-46;56-52;42-48;44-41;48-43;57-50,56-52,99,0
random,random_robot_9,10,6,1,SimpleHill,0-0,0,14,56-52,57-43;62-46;48-55;56-62;54-52;59-49,48-55,99,0
random,random_robot_9,10,6,1,SimpleHill,0-0,0,15,48-55,55-56;44-59;55-54;56-59;53-63;52-55,52-55,99,0
random,random_robot_9,10,6,1,SimpleHill,0-0,0,16,52-55,55-58;50-63;53-63;57-52;48-58;49-62,55-58,98,-1
random,random_robot_9,10,6,1,SimpleHill,0-0,0,17,55-58,58-64;53-56;64-56;55-59;56-54;57-54,53-56,99,1
random,random_robot_9,10,6,1,SimpleHill,0-0,0,18,53-56,61-57;56-58;59-55;60-63;46-53;45-62,46-53,99,0
random,random_robot_9,10,6,1,SimpleHill,0-0,0,19,46-53,53-55;47-47;51-57;50-57;42-56;38-57,53-55,99,0
random,random_robot_9,10,6,1,SimpleHill,0-0,0,20,53-55,61-57;57-57;57-59;43-55;46-49;60-62,46-49,99,0
random,random_robot_9,10,6,1,SimpleHill,0-0,0,21,46-49,40-43;55-51;48-55;46-50;48-42;41-52,46-50,99,0
random,random_robot_9,10,6,1,SimpleHill,0-0,0,22,46-50,37-52;40-48;45-51;52-52;49-45;41-45,45-51,99,0
random,random_robot_9,10,6,1,SimpleHill,0-0,0,23,45-51,42-54;42-50;44-47;48-46;54-50;46-55,44-47,99,0
random,random_robot_9,10,6,1,SimpleHill,0-0,0,24,44-47,42-48;46-42;35-49;39-51;37-50;52-42,42-48,98,-1
random,random_robot_9,10,6,1,SimpleHill,0-0,0,25,42-48,40-52;46-57;42-49;51-50;40-57;50-44,50-44,99,1
random,random_robot_9,10,6,1,SimpleHill,0-0,0,26,50-44,46-45;47-53;47-46;54-40;53-36;55-51,46-45,99,0
random,random_robot_9,10,6,1,SimpleHill,0-0,0,27,46-45,51-39;52-49;40-52;50-49;48-41;49-41,50-49,99,0
random,random_robot_9,10,6,1,SimpleHill,0-0,0,28,50-49,55-47;44-56;56-53;49-43;54-48;45-56,55-47,99,0
random,random_robot_9,10,6,1,SimpleHill,0-0,0,29,55-47,56-45;47-48;47-44;60-54;47-53;57-43,47-44,99,0
random,random_robot_9,10,6,1,SimpleHill,0-0,0,30,47-44,52-36;54-46;52-43;55-46;53-36;49-40,54-46,99,0
random,random_robot_9,10,6,1,SimpleHill,0-0,0,31,54-46,49-50;48-54;47-40;58-48;50-49;45-49,49-50,99,0
random,random_robot_9,10,6,1,SimpleHill,0-0,0,32,49-50,48-42;56-53;45-41;53-43;42-57;44-48,44-48,99,0
random,random_robot_9,10,6,1,SimpleHill,0-0,0,33,44-48,39-45;39-44;41-56;36-53;37-54;44-49,44-49,99,0
random,random_robot_9,10,6,1,SimpleHill,0-0,0,34,44-49,46-45;36-46;39-56;42-50;47-53;47-41,46-45,99,0
random,random_robot_9,10,6,1,SimpleHill,0-0,0,35,46-45,52-49;41-41;54-41;54-39;44-39;45-44,52-49,99,0
random,random_robot_9,10,6,1,SimpleHill,0-0,0,36,52-49,56-47;49-51;58-43;43-50;51-54;46-44,56-47,99,0
random,random_robot_9,10,6,1,SimpleHill,0-0,0,37,56-47,61-50;52-55;51-54;58-52;53-43;60-41,51-54,99,0
random,random_robot_9,10,6,1,SimpleHill,0-0,0,38,51-54,54-62;44-51;48-45;56-55;53-60;47-45,44-51,99,0
random,random_robot_9,10,6,1,SimpleHill,0-0,0,39,44-51,45-58;39-44;54-51;46-53;37-54;41-59,46-53,99,0
