simulation_type,subj_id,sight_radius,n_gabors,block_ix,landscape_name,starting_pos,starting_score,trial,pos,stims,selected,score,delta
optimal,random_robot_25,10,6,1,SimpleHill,0-0,0,0,0-0,8-5;3-9;5-4;8-3;8-2;6-7,8-5,24,24
optimal,random_robot_25,10,6,1,SimpleHill,0-0,0,1,8-5,2-1;8-15;9-13;13-7;5-6;11-9,8-15,40,16
optimal,random_robot_25,10,6,1,SimpleHill,0-0,0,2,8-15,4-18;13-16;8-17;6-15;10-8;13-23,13-23,58,18
optimal,random_robot_25,10,6,1,SimpleHill,0-0,0,3,13-23,20-27;8-25;7-25;10-24;6-22;7-19,20-27,71,13
optimal,random_robot_25,10,6,1,SimpleHill,0-0,0,4,20-27,16-27;19-30;22-19;22-31;21-26;12-24,22-31,77,6
optimal,random_robot_25,10,6,1,SimpleHill,0-0,0,5,22-31,19-37;15-38;24-25;24-33;18-30;17-39,24-33,80,3
optimal,random_robot_25,10,6,1,SimpleHill,0-0,0,6,24-33,25-35;30-27;19-30;26-31;23-39;32-37,32-37,90,10
optimal,random_robot_25,10,6,1,SimpleHill,0-0,0,7,32-37,26-44;28-40;38-37;25-38;26-37;27-40,38-37,93,3
optimal,random_robot_25,10,6,1,SimpleHill,0-0,0,8,38-37,36-32;39-44;38-31;35-37;30-40;47-41,47-41,98,5
optimal,random_robot_25,10,6,1,SimpleHill,0-0,0,9,47-41,41-43;41-38;47-32;50-41;50-44;54-36,50-44,99,1
optimal,random_robot_25,10,6,1,SimpleHill,0-0,0,10,50-44,50-43;58-44;58-42;55-43;42-38;51-37,50-43,99,0
optimal,random_robot_25,10,6,1,SimpleHill,0-0,0,11,50-43,52-50;51-48;46-50;48-36;51-36;54-36,52-50,99,0
optimal,random_robot_25,10,6,1,SimpleHill,0-0,0,12,52-50,46-58;49-41;53-48;58-44;43-50;48-50,43-50,99,0
optimal,random_robot_25,10,6,1,SimpleHill,0-0,0,13,43-50,41-55;50-49;40-59;42-42;47-52;46-45,46-45,99,0
optimal,random_robot_25,10,6,1,SimpleHill,0-0,0,14,46-45,49-53;43-50;49-46;46-48;39-52;53-46,49-53,99,0
optimal,random_robot_25,10,6,1,SimpleHill,0-0,0,15,49-53,40-55;40-56;44-59;55-50;57-55;43-45,55-50,99,0
optimal,random_robot_25,10,6,1,SimpleHill,0-0,0,16,55-50,53-45;51-54;60-47;46-52;55-44;56-59,53-45,99,0
optimal,random_robot_25,10,6,1,SimpleHill,0-0,0,17,53-45,59-52;50-48;57-49;48-38;59-45;60-44,50-48,99,0
optimal,random_robot_25,10,6,1,SimpleHill,0-0,0,18,50-48,47-44;54-45;43-54;56-47;56-45;49-40,47-44,99,0
optimal,random_robot_25,10,6,1,SimpleHill,0-0,0,19,47-44,43-47;51-41;40-49;50-51;49-47;50-37,49-47,99,0
optimal,random_robot_25,10,6,1,SimpleHill,0-0,0,20,49-47,46-48;47-39;44-48;42-48;57-41;55-55,46-48,99,0
optimal,random_robot_25,10,6,1,SimpleHill,0-0,0,21,46-48,51-54;48-48;48-56;37-51;42-41;43-50,51-54,99,0
optimal,random_robot_25,10,6,1,SimpleHill,0-0,0,22,51-54,56-61;48-60;53-59;44-61;55-48;51-63,55-48,99,0
optimal,random_robot_25,10,6,1,SimpleHill,0-0,0,23,55-48,56-43;62-49;51-43;56-47;52-53;57-41,51-43,99,0
optimal,random_robot_25,10,6,1,SimpleHill,0-0,0,24,51-43,52-43;56-47;60-44;47-50;59-40;55-52,47-50,99,0
optimal,random_robot_25,10,6,1,SimpleHill,0-0,0,25,47-50,41-54;48-42;44-55;41-50;43-56;51-58,41-54,98,-1
optimal,random_robot_25,10,6,1,SimpleHill,0-0,0,26,41-54,50-50;46-49;45-57;40-61;32-50;47-55,50-50,100,2
optimal,random_robot_25,10,6,1,SimpleHill,0-0,0,27,50-50,54-45;53-50;44-53;50-46;46-59;51-41,54-45,99,-1
optimal,random_robot_25,10,6,1,SimpleHill,0-0,0,28,54-45,50-50;55-54;49-41;49-51;48-37;47-38,50-50,100,1
optimal,random_robot_25,10,6,1,SimpleHill,0-0,0,29,50-50,48-54;44-48;41-48;46-47;55-50;56-46,48-54,99,-1
optimal,random_robot_25,10,6,1,SimpleHill,0-0,0,30,48-54,48-57;48-62;49-60;52-47;45-47;51-51,45-47,99,0
optimal,random_robot_25,10,6,1,SimpleHill,0-0,0,31,45-47,48-51;45-54;52-43;53-52;38-48;40-53,48-51,99,0
optimal,random_robot_25,10,6,1,SimpleHill,0-0,0,32,48-51,50-55;51-43;46-56;39-55;52-47;47-52,50-55,99,0
optimal,random_robot_25,10,6,1,SimpleHill,0-0,0,33,50-55,57-61;48-59;53-57;44-60;42-50;48-53,48-53,99,0
optimal,random_robot_25,10,6,1,SimpleHill,0-0,0,34,48-53,44-60;40-53;54-48;53-54;57-57;46-44,53-54,99,0
optimal,random_robot_25,10,6,1,SimpleHill,0-0,0,35,53-54,47-62;57-55;45-59;45-58;61-55;59-61,45-58,98,-1
optimal,random_robot_25,10,6,1,SimpleHill,0-0,0,36,45-58,50-51;43-60;49-65;48-49;42-66;42-59,50-51,99,1
optimal,random_robot_25,10,6,1,SimpleHill,0-0,0,37,50-51,46-46;41-51;49-57;53-53;47-47;47-60,46-46,99,0
optimal,random_robot_25,10,6,1,SimpleHill,0-0,0,38,46-46,42-51;51-51;39-40;38-40;42-37;46-48,46-48,99,0
optimal,random_robot_25,10,6,1,SimpleHill,0-0,0,39,46-48,48-54;46-42;42-44;43-44;40-53;38-52,48-54,99,0
optimal,random_robot_25,10,6,1,SimpleHill,0-0,0,40,48-54,45-46;46-49;47-61;50-56;42-49;46-54,45-46,99,0
optimal,random_robot_25,10,6,1,SimpleHill,0-0,0,41,45-46,42-39;45-56;45-46;49-40;50-40;47-42,45-46,99,0
optimal,random_robot_25,10,6,1,SimpleHill,0-0,0,42,45-46,38-51;44-42;42-50;51-40;39-52;48-43,42-50,98,-1
optimal,random_robot_25,10,6,1,SimpleHill,0-0,0,43,42-50,40-57;38-44;39-41;38-47;44-55;35-54,44-55,98,0
optimal,random_robot_25,10,6,1,SimpleHill,0-0,0,44,44-55,49-59;41-54;37-59;36-49;41-47;52-52,52-52,99,1
optimal,random_robot_25,10,6,1,SimpleHill,0-0,0,45,52-52,50-50;58-59;54-52;54-61;48-59;53-49,50-50,100,1
optimal,random_robot_25,10,6,1,SimpleHill,0-0,0,46,50-50,45-56;58-46;57-52;55-50;45-48;51-53,45-48,99,-1
optimal,random_robot_25,10,6,1,SimpleHill,0-0,0,47,45-48,37-44;39-44;40-52;53-44;42-45;48-53,48-53,99,0
optimal,random_robot_25,10,6,1,SimpleHill,0-0,0,48,48-53,46-47;50-50;44-57;50-54;46-61;52-52,50-50,100,1
optimal,random_robot_25,10,6,1,SimpleHill,0-0,0,49,50-50,44-43;49-54;47-50;53-41;50-42;53-54,47-50,99,-1
optimal,random_robot_25,10,6,1,SimpleHill,0-0,0,50,47-50,41-52;50-44;46-51;45-49;54-57;38-54,45-49,99,0
optimal,random_robot_25,10,6,1,SimpleHill,0-0,0,51,45-49,38-54;46-41;49-48;44-48;48-46;47-40,44-48,99,0
optimal,random_robot_25,10,6,1,SimpleHill,0-0,0,52,44-48,53-52;46-49;36-46;48-50;43-52;49-46,53-52,99,0
optimal,random_robot_25,10,6,1,SimpleHill,0-0,0,53,53-52,50-56;45-52;53-53;57-50;60-54;62-54,50-56,99,0
optimal,random_robot_25,10,6,1,SimpleHill,0-0,0,54,50-56,59-56;55-50;46-57;45-51;48-58;57-51,45-51,99,0
optimal,random_robot_25,10,6,1,SimpleHill,0-0,0,55,45-51,51-44;44-60;45-61;44-57;45-49;43-60,51-44,99,0
optimal,random_robot_25,10,6,1,SimpleHill,0-0,0,56,51-44,47-45;55-37;43-46;53-49;49-41;55-39,47-45,99,0
optimal,random_robot_25,10,6,1,SimpleHill,0-0,0,57,47-45,39-50;39-45;53-49;47-39;54-51;52-43,53-49,99,0
optimal,random_robot_25,10,6,1,SimpleHill,0-0,0,58,53-49,47-57;58-51;56-44;55-57;61-44;61-53,47-57,98,-1
optimal,random_robot_25,10,6,1,SimpleHill,0-0,0,59,47-57,40-58;52-54;48-53;45-64;47-55;50-48,47-55,99,1
optimal,random_robot_25,10,6,1,SimpleHill,0-0,0,60,47-55,47-58;49-48;40-57;50-61;53-52;45-53,45-53,99,0
optimal,random_robot_25,10,6,1,SimpleHill,0-0,0,61,45-53,43-47;43-54;42-53;47-62;51-53;40-56,51-53,99,0
optimal,random_robot_25,10,6,1,SimpleHill,0-0,0,62,51-53,52-52;52-50;48-51;44-46;52-49;50-44,52-52,99,0
optimal,random_robot_25,10,6,1,SimpleHill,0-0,0,63,52-52,59-56;50-43;51-46;50-47;48-55;52-52,48-55,99,0
optimal,random_robot_25,10,6,1,SimpleHill,0-0,0,64,48-55,56-57;46-55;46-53;51-48;46-63;49-53,46-53,99,0
optimal,random_robot_25,10,6,1,SimpleHill,0-0,0,65,46-53,51-60;42-48;51-54;49-47;52-47;42-54,49-47,99,0
optimal,random_robot_25,10,6,1,SimpleHill,0-0,0,66,49-47,41-53;45-51;51-41;49-43;41-49;52-40,45-51,99,0
optimal,random_robot_25,10,6,1,SimpleHill,0-0,0,67,45-51,51-54;36-48;46-55;40-53;45-54;48-60,51-54,99,0
optimal,random_robot_25,10,6,1,SimpleHill,0-0,0,68,51-54,44-57;52-52;49-45;52-51;43-54;47-47,47-47,99,0
optimal,random_robot_25,10,6,1,SimpleHill,0-0,0,69,47-47,49-52;49-49;48-38;55-44;55-48;46-53,49-52,99,0
optimal,random_robot_25,10,6,1,SimpleHill,0-0,0,70,49-52,54-47;58-56;49-43;49-51;52-60;51-45,54-47,99,0
optimal,random_robot_25,10,6,1,SimpleHill,0-0,0,71,54-47,47-42;57-48;52-50;58-43;60-54;61-45,52-50,99,0
optimal,random_robot_25,10,6,1,SimpleHill,0-0,0,72,52-50,58-50;54-48;52-51;48-45;47-43;58-43,48-45,99,0
optimal,random_robot_25,10,6,1,SimpleHill,0-0,0,73,48-45,49-41;43-51;49-40;54-42;41-44;46-40,43-51,99,0
optimal,random_robot_25,10,6,1,SimpleHill,0-0,0,74,43-51,42-45;46-47;42-46;39-56;49-47;34-53,46-47,99,0
optimal,random_robot_25,10,6,1,SimpleHill,0-0,0,75,46-47,39-47;53-52;51-49;44-54;39-40;43-44,51-49,99,0
optimal,random_robot_25,10,6,1,SimpleHill,0-0,0,76,51-49,48-55;57-46;43-46;52-57;43-51;51-42,48-55,99,0
optimal,random_robot_25,10,6,1,SimpleHill,0-0,0,77,48-55,40-55;40-58;48-57;44-48;42-62;44-58,44-48,99,0
optimal,random_robot_25,10,6,1,SimpleHill,0-0,0,78,44-48,40-43;35-47;49-49;34-48;50-44;40-57,49-49,99,0
optimal,random_robot_25,10,6,1,SimpleHill,0-0,0,79,49-49,47-46;58-49;53-46;56-44;53-50;54-56,47-46,99,0
