simulation_type,subj_id,sight_radius,n_gabors,block_ix,landscape_name,starting_pos,starting_score,trial,pos,stims,selected,score,delta
random,random_robot_33,10,6,1,SimpleHill,0-0,0,0,0-0,1-3;3-3;2-7;5-6;0-9;3-0,5-6,20,20
random,random_robot_33,10,6,1,SimpleHill,0-0,0,1,5-6,12-8;11-13;9-3;6-9;13-11;6-11,11-13,42,22
random,random_robot_33,10,6,1,SimpleHill,0-0,0,2,11-13,7-8;11-4;3-13;2-12;11-16;7-6,11-16,46,4
random,random_robot_33,10,6,1,SimpleHill,0-0,0,3,11-16,13-19;17-11;7-8;7-22;16-20;18-18,18-18,59,13
random,random_robot_33,10,6,1,SimpleHill,0-0,0,4,18-18,20-22;11-22;23-12;16-12;21-26;17-23,21-26,71,12
random,random_robot_33,10,6,1,SimpleHill,0-0,0,5,21-26,22-22;19-21;29-30;21-29;13-26;20-33,29-30,83,12
random,random_robot_33,10,6,1,SimpleHill,0-0,0,6,29-30,33-27;36-30;25-35;36-34;23-23;33-21,36-34,90,7
random,random_robot_33,10,6,1,SimpleHill,0-0,0,7,36-34,41-27;40-41;31-31;35-40;28-40;42-35,40-41,96,6
random,random_robot_33,10,6,1,SimpleHill,0-0,0,8,40-41,35-49;42-44;36-40;50-41;34-46;36-37,42-44,98,2
random,random_robot_33,10,6,1,SimpleHill,0-0,0,9,42-44,46-44;40-45;51-47;40-43;39-43;50-43,50-43,99,1
random,random_robot_33,10,6,1,SimpleHill,0-0,0,10,50-43,57-37;46-36;54-42;48-50;45-45;41-40,45-45,99,0
random,random_robot_33,10,6,1,SimpleHill,0-0,0,11,45-45,39-51;40-46;54-47;48-39;44-43;50-43,50-43,99,0
random,random_robot_33,10,6,1,SimpleHill,0-0,0,12,50-43,55-41;44-46;48-40;59-47;56-45;49-40,44-46,98,-1
random,random_robot_33,10,6,1,SimpleHill,0-0,0,13,44-46,48-37;49-52;42-45;43-40;38-44;43-44,49-52,99,1
random,random_robot_33,10,6,1,SimpleHill,0-0,0,14,49-52,45-48;49-59;44-60;56-51;56-55;55-47,45-48,99,0
random,random_robot_33,10,6,1,SimpleHill,0-0,0,15,45-48,46-55;40-51;40-56;51-47;43-40;38-41,46-55,99,0
random,random_robot_33,10,6,1,SimpleHill,0-0,0,16,46-55,52-49;38-55;41-56;49-57;48-55;45-51,52-49,99,0
random,random_robot_33,10,6,1,SimpleHill,0-0,0,17,52-49,44-48;52-56;43-51;46-47;60-50;45-42,44-48,99,0
random,random_robot_33,10,6,1,SimpleHill,0-0,0,18,44-48,49-46;44-38;36-42;47-46;43-57;53-47,49-46,99,0
random,random_robot_33,10,6,1,SimpleHill,0-0,0,19,49-46,51-46;54-39;51-43;49-40;46-49;54-40,51-46,99,0
random,random_robot_33,10,6,1,SimpleHill,0-0,0,20,51-46,52-49;54-50;44-42;53-41;55-37;49-48,52-49,99,0
random,random_robot_33,10,6,1,SimpleHill,0-0,0,21,52-49,52-45;48-47;44-46;43-47;52-41;52-52,52-45,99,0
random,random_robot_33,10,6,1,SimpleHill,0-0,0,22,52-45,53-53;50-54;47-50;52-40;61-45;50-50,50-50,100,1
random,random_robot_33,10,6,1,SimpleHill,0-0,0,23,50-50,41-48;42-51;58-49;47-51;48-58;45-58,47-51,99,-1
random,random_robot_33,10,6,1,SimpleHill,0-0,0,24,47-51,55-47;42-57;44-42;44-46;54-50;48-49,55-47,99,0
random,random_robot_33,10,6,1,SimpleHill,0-0,0,25,55-47,53-41;64-43;51-41;50-41;52-49;61-41,52-49,99,0
random,random_robot_33,10,6,1,SimpleHill,0-0,0,26,52-49,57-41;59-51;61-50;53-52;49-42;60-53,53-52,99,0
random,random_robot_33,10,6,1,SimpleHill,0-0,0,27,53-52,57-57;60-59;56-57;61-57;47-48;53-60,47-48,99,0
random,random_robot_33,10,6,1,SimpleHill,0-0,0,28,47-48,46-41;41-49;51-57;45-42;46-57;55-43,51-57,99,0
random,random_robot_33,10,6,1,SimpleHill,0-0,0,29,51-57,46-52;55-55;55-58;55-49;59-53;47-53,46-52,99,0
random,random_robot_33,10,6,1,SimpleHill,0-0,0,30,46-52,49-56;43-60;44-58;48-49;43-45;40-47,49-56,99,0
random,random_robot_33,10,6,1,SimpleHill,0-0,0,31,49-56,52-55;40-60;52-64;49-59;50-65;42-59,52-55,99,0
random,random_robot_33,10,6,1,SimpleHill,0-0,0,32,52-55,57-56;45-59;43-52;46-52;43-55;52-54,46-52,99,0
random,random_robot_33,10,6,1,SimpleHill,0-0,0,33,46-52,37-50;41-47;53-51;39-54;47-52;39-52,47-52,99,0
random,random_robot_33,10,6,1,SimpleHill,0-0,0,34,47-52,52-58;52-45;45-48;49-56;44-43;51-51,45-48,99,0
random,random_robot_33,10,6,1,SimpleHill,0-0,0,35,45-48,39-48;50-47;42-39;52-41;53-50;47-43,50-47,99,0
random,random_robot_33,10,6,1,SimpleHill,0-0,0,36,50-47,57-40;45-50;52-44;51-44;43-41;47-51,45-50,99,0
random,random_robot_33,10,6,1,SimpleHill,0-0,0,37,45-50,36-50;45-47;53-49;45-48;38-55;42-57,45-47,99,0
random,random_robot_33,10,6,1,SimpleHill,0-0,0,38,45-47,49-38;40-41;46-40;42-47;44-40;45-46,45-46,99,0
random,random_robot_33,10,6,1,SimpleHill,0-0,0,39,45-46,53-44;36-46;42-40;41-37;52-42;51-52,53-44,99,0
