simulation_type,subj_id,sight_radius,n_gabors,block_ix,landscape_name,starting_pos,starting_score,trial,pos,stims,selected,score,delta
optimal,random_robot_43,10,6,1,SimpleHill,0-0,0,0,0-0,4-4;2-4;0-2;0-8;2-5;2-0,4-4,15,15
optimal,random_robot_43,10,6,1,SimpleHill,0-0,0,1,4-4,7-2;13-3;12-6;0-4;4-1;10-7,12-6,32,17
optimal,random_robot_43,10,6,1,SimpleHill,0-0,0,2,12-6,19-0;3-4;7-3;15-12;16-6;4-6,15-12,46,14
optimal,random_robot_43,10,6,1,SimpleHill,0-0,0,3,15-12,9-18;14-18;20-17;20-9;22-6;12-21,20-17,60,14
optimal,random_robot_43,10,6,1,SimpleHill,0-0,0,4,20-17,13-24;15-14;19-23;28-22;28-12;18-10,28-22,74,14
optimal,random_robot_43,10,6,1,SimpleHill,0-0,0,5,28-22,28-15;26-20;28-25;27-26;30-16;26-30,26-30,80,6
optimal,random_robot_43,10,6,1,SimpleHill,0-0,0,6,26-30,34-27;17-29;32-34;20-28;20-26;30-37,30-37,88,8
optimal,random_robot_43,10,6,1,SimpleHill,0-0,0,7,30-37,37-43;27-43;20-37;26-32;34-31;32-38,37-43,95,7
optimal,random_robot_43,10,6,1,SimpleHill,0-0,0,8,37-43,33-40;40-51;43-37;32-45;32-48;45-37,40-51,97,2
optimal,random_robot_43,10,6,1,SimpleHill,0-0,0,9,40-51,37-60;39-51;35-55;31-48;32-50;45-43,45-43,98,1
optimal,random_robot_43,10,6,1,SimpleHill,0-0,0,10,45-43,44-35;39-45;49-47;45-50;44-37;49-40,45-50,99,1
optimal,random_robot_43,10,6,1,SimpleHill,0-0,0,11,45-50,50-51;44-55;42-41;51-45;44-41;51-58,50-51,99,0
optimal,random_robot_43,10,6,1,SimpleHill,0-0,0,12,50-51,46-48;55-43;48-56;57-44;44-48;49-56,46-48,99,0
optimal,random_robot_43,10,6,1,SimpleHill,0-0,0,13,46-48,39-52;48-57;47-57;45-52;52-43;48-40,45-52,99,0
optimal,random_robot_43,10,6,1,SimpleHill,0-0,0,14,45-52,42-51;45-51;42-61;41-53;37-53;40-56,45-51,99,0
optimal,random_robot_43,10,6,1,SimpleHill,0-0,0,15,45-51,42-57;47-47;41-60;47-50;44-46;38-49,47-47,99,0
optimal,random_robot_43,10,6,1,SimpleHill,0-0,0,16,47-47,57-47;45-38;45-39;48-50;44-49;51-51,44-49,99,0
optimal,random_robot_43,10,6,1,SimpleHill,0-0,0,17,44-49,49-51;37-44;44-42;49-42;39-50;37-47,49-51,99,0
optimal,random_robot_43,10,6,1,SimpleHill,0-0,0,18,49-51,45-42;44-54;45-56;46-44;40-50;46-56,45-42,98,-1
optimal,random_robot_43,10,6,1,SimpleHill,0-0,0,19,45-42,37-43;51-48;46-38;52-43;52-35;51-38,51-48,99,1
optimal,random_robot_43,10,6,1,SimpleHill,0-0,0,20,51-48,59-44;58-50;52-50;47-42;42-45;54-48,52-50,99,0
optimal,random_robot_43,10,6,1,SimpleHill,0-0,0,21,52-50,56-44;46-55;51-42;43-49;46-48;59-45,43-49,99,0
optimal,random_robot_43,10,6,1,SimpleHill,0-0,0,22,43-49,48-44;49-47;42-51;48-52;46-48;43-44,48-44,99,0
optimal,random_robot_43,10,6,1,SimpleHill,0-0,0,23,48-44,39-46;52-46;46-41;57-41;43-40;56-41,52-46,99,0
optimal,random_robot_43,10,6,1,SimpleHill,0-0,0,24,52-46,53-44;56-37;55-43;57-44;49-48;51-51,53-44,99,0
optimal,random_robot_43,10,6,1,SimpleHill,0-0,0,25,53-44,49-45;58-46;47-47;47-43;48-41;56-42,49-45,99,0
optimal,random_robot_43,10,6,1,SimpleHill,0-0,0,26,49-45,54-40;57-48;52-54;44-37;55-53;53-49,52-54,99,0
optimal,random_robot_43,10,6,1,SimpleHill,0-0,0,27,52-54,50-63;54-63;60-49;53-54;55-55;60-58,53-54,99,0
optimal,random_robot_43,10,6,1,SimpleHill,0-0,0,28,53-54,53-45;50-55;46-51;62-52;52-61;45-56,53-45,99,0
optimal,random_robot_43,10,6,1,SimpleHill,0-0,0,29,53-45,49-52;57-51;55-38;50-41;61-41;53-36,49-52,99,0
optimal,random_robot_43,10,6,1,SimpleHill,0-0,0,30,49-52,46-60;44-60;51-56;50-47;44-52;46-45,44-52,99,0
optimal,random_robot_43,10,6,1,SimpleHill,0-0,0,31,44-52,51-53;39-56;50-50;50-45;52-46;41-44,50-50,100,1
optimal,random_robot_43,10,6,1,SimpleHill,0-0,0,32,50-50,48-50;54-41;57-46;58-46;46-42;59-49,48-50,99,-1
optimal,random_robot_43,10,6,1,SimpleHill,0-0,0,33,48-50,39-48;51-52;43-47;50-57;55-57;54-55,50-57,99,0
optimal,random_robot_43,10,6,1,SimpleHill,0-0,0,34,50-57,43-54;53-53;45-62;41-61;46-59;52-55,52-55,99,0
optimal,random_robot_43,10,6,1,SimpleHill,0-0,0,35,52-55,57-63;55-57;57-47;54-46;47-47;49-53,47-47,99,0
optimal,random_robot_43,10,6,1,SimpleHill,0-0,0,36,47-47,44-56;40-54;40-47;48-55;52-42;54-49,48-55,99,0
optimal,random_robot_43,10,6,1,SimpleHill,0-0,0,37,48-55,47-48;55-54;57-54;52-46;53-59;39-57,47-48,99,0
optimal,random_robot_43,10,6,1,SimpleHill,0-0,0,38,47-48,45-41;52-43;43-51;41-41;49-40;51-48,43-51,99,0
optimal,random_robot_43,10,6,1,SimpleHill,0-0,0,39,43-51,35-53;40-58;47-57;47-49;44-54;45-54,45-54,99,0
