simulation_type,subj_id,sight_radius,n_gabors,block_ix,landscape_name,starting_pos,starting_score,trial,pos,stims,selected,score,delta
optimal,random_robot_5,10,6,1,SimpleHill,0-0,0,0,0-0,0-8;7-0;7-4;5-1;8-1;6-4,7-4,20,20
optimal,random_robot_5,10,6,1,SimpleHill,0-0,0,1,7-4,10-9;13-12;4-12;13-9;0-3;4-4,13-12,43,23
optimal,random_robot_5,10,6,1,SimpleHill,0-0,0,2,13-12,5-18;12-3;20-12;14-5;17-21;17-8,17-21,61,18
optimal,random_robot_5,10,6,1,SimpleHill,0-0,0,3,17-21,22-17;10-20;23-22;13-13;23-29;17-14,23-29,76,15
optimal,random_robot_5,10,6,1,SimpleHill,0-0,0,4,23-29,16-26;30-31;21-34;28-26;25-23;22-28,30-31,84,8
optimal,random_robot_5,10,6,1,SimpleHill,0-0,0,5,30-31,36-25;34-32;23-25;31-36;25-39;37-31,37-31,89,5
optimal,random_robot_5,10,6,1,SimpleHill,0-0,0,6,37-31,41-33;37-37;39-24;45-29;34-37;35-37,37-37,93,4
optimal,random_robot_5,10,6,1,SimpleHill,0-0,0,7,37-37,43-29;38-38;44-32;44-44;41-43;31-36,44-44,98,5
optimal,random_robot_5,10,6,1,SimpleHill,0-0,0,8,44-44,43-38;44-43;47-45;52-39;50-38;41-39,47-45,99,1
optimal,random_robot_5,10,6,1,SimpleHill,0-0,0,9,47-45,46-45;52-40;41-44;43-40;46-52;44-52,46-45,99,0
optimal,random_robot_5,10,6,1,SimpleHill,0-0,0,10,46-45,47-41;40-48;44-38;52-45;48-44;43-43,48-44,99,0
optimal,random_robot_5,10,6,1,SimpleHill,0-0,0,11,48-44,45-36;45-48;39-46;47-50;46-38;39-48,45-48,99,0
optimal,random_robot_5,10,6,1,SimpleHill,0-0,0,12,45-48,50-41;44-50;40-48;52-46;51-40;39-52,44-50,99,0
optimal,random_robot_5,10,6,1,SimpleHill,0-0,0,13,44-50,52-53;42-53;41-53;42-47;37-47;50-52,52-53,99,0
optimal,random_robot_5,10,6,1,SimpleHill,0-0,0,14,52-53,52-58;45-46;51-49;47-46;59-57;46-59,45-46,99,0
optimal,random_robot_5,10,6,1,SimpleHill,0-0,0,15,45-46,50-45;50-50;41-37;52-41;51-52;39-42,50-50,100,1
optimal,random_robot_5,10,6,1,SimpleHill,0-0,0,16,50-50,46-59;56-49;49-48;41-48;57-50;52-49,49-48,99,-1
optimal,random_robot_5,10,6,1,SimpleHill,0-0,0,17,49-48,44-54;57-49;54-55;47-57;46-46;45-47,45-47,99,0
optimal,random_robot_5,10,6,1,SimpleHill,0-0,0,18,45-47,54-45;42-51;52-44;49-49;45-50;52-47,54-45,99,0
optimal,random_robot_5,10,6,1,SimpleHill,0-0,0,19,54-45,54-47;47-38;58-47;61-49;47-39;60-50,54-47,99,0
optimal,random_robot_5,10,6,1,SimpleHill,0-0,0,20,54-47,56-54;48-53;61-51;59-39;61-50;50-52,48-53,99,0
optimal,random_robot_5,10,6,1,SimpleHill,0-0,0,21,48-53,52-48;52-44;45-50;44-50;42-48;41-47,52-48,99,0
optimal,random_robot_5,10,6,1,SimpleHill,0-0,0,22,52-48,51-39;51-49;51-52;43-49;58-53;59-47,43-49,99,0
optimal,random_robot_5,10,6,1,SimpleHill,0-0,0,23,43-49,51-49;45-58;43-44;45-48;38-55;46-45,51-49,99,0
optimal,random_robot_5,10,6,1,SimpleHill,0-0,0,24,51-49,48-51;44-45;53-40;45-48;49-40;55-55,48-51,99,0
optimal,random_robot_5,10,6,1,SimpleHill,0-0,0,25,48-51,56-45;56-55;49-48;52-53;53-45;53-43,49-48,99,0
optimal,random_robot_5,10,6,1,SimpleHill,0-0,0,26,49-48,53-39;51-54;43-51;54-49;47-42;53-52,43-51,99,0
optimal,random_robot_5,10,6,1,SimpleHill,0-0,0,27,43-51,51-54;47-57;38-45;36-53;46-50;45-60,51-54,99,0
optimal,random_robot_5,10,6,1,SimpleHill,0-0,0,28,51-54,50-58;43-57;59-49;59-55;59-54;54-50,54-50,99,0
optimal,random_robot_5,10,6,1,SimpleHill,0-0,0,29,54-50,50-48;61-46;50-50;49-57;58-54;55-45,50-50,100,1
optimal,random_robot_5,10,6,1,SimpleHill,0-0,0,30,50-50,52-42;57-51;47-53;43-55;56-53;51-50,47-53,99,-1
optimal,random_robot_5,10,6,1,SimpleHill,0-0,0,31,47-53,50-54;56-56;39-50;40-60;44-62;50-47,50-54,99,0
optimal,random_robot_5,10,6,1,SimpleHill,0-0,0,32,50-54,53-49;47-59;50-59;42-50;41-58;42-59,53-49,99,0
optimal,random_robot_5,10,6,1,SimpleHill,0-0,0,33,53-49,48-42;47-57;58-43;48-56;52-57;50-43,48-56,99,0
optimal,random_robot_5,10,6,1,SimpleHill,0-0,0,34,48-56,42-63;43-58;49-54;54-59;42-50;52-63,49-54,99,0
optimal,random_robot_5,10,6,1,SimpleHill,0-0,0,35,49-54,48-59;40-50;51-59;41-58;57-60;58-56,48-59,98,-1
optimal,random_robot_5,10,6,1,SimpleHill,0-0,0,36,48-59,53-58;54-60;46-54;49-52;55-58;54-51,46-54,99,1
optimal,random_robot_5,10,6,1,SimpleHill,0-0,0,37,46-54,52-47;40-52;41-55;37-50;49-59;51-53,52-47,99,0
optimal,random_robot_5,10,6,1,SimpleHill,0-0,0,38,52-47,48-45;55-41;53-42;57-54;57-45;56-54,48-45,99,0
optimal,random_robot_5,10,6,1,SimpleHill,0-0,0,39,48-45,46-49;52-48;42-44;51-47;45-47;56-49,46-49,99,0
