simulation_type,subj_id,sight_radius,n_gabors,block_ix,landscape_name,starting_pos,starting_score,trial,pos,stims,selected,score,delta
random,random_robot_126,10,6,1,SimpleHill,0-0,0,0,0-0,4-8;5-5;0-4;7-0;4-0;7-4,0-4,7,7
random,random_robot_126,10,6,1,SimpleHill,0-0,0,1,0-4,4-0;3-12;2-3;4-6;4-13;8-1,3-12,26,19
random,random_robot_126,10,6,1,SimpleHill,0-0,0,2,3-12,7-6;9-9;3-5;0-15;12-13;7-10,0-15,25,-1
random,random_robot_126,10,6,1,SimpleHill,0-0,0,3,0-15,7-18;2-14;2-17;4-22;7-10;0-5,7-18,42,17
random,random_robot_126,10,6,1,SimpleHill,0-0,0,4,7-18,12-17;15-17;1-25;8-9;13-26;7-13,13-26,61,19
random,random_robot_126,10,6,1,SimpleHill,0-0,0,5,13-26,12-25;20-28;17-19;8-28;17-24;16-33,16-33,71,10
random,random_robot_126,10,6,1,SimpleHill,0-0,0,6,16-33,21-29;20-24;19-30;8-36;14-29;21-39,20-24,68,-3
random,random_robot_126,10,6,1,SimpleHill,0-0,0,7,20-24,23-18;27-27;18-20;16-28;18-26;19-17,27-27,78,10
random,random_robot_126,10,6,1,SimpleHill,0-0,0,8,27-27,26-30;35-29;23-32;18-31;32-29;29-18,26-30,80,2
random,random_robot_126,10,6,1,SimpleHill,0-0,0,9,26-30,33-32;19-37;24-39;25-30;30-27;23-27,24-39,84,4
random,random_robot_126,10,6,1,SimpleHill,0-0,0,10,24-39,27-41;24-46;17-41;27-40;18-42;22-43,17-41,76,-8
random,random_robot_126,10,6,1,SimpleHill,0-0,0,11,17-41,26-38;22-47;18-48;16-35;17-36;20-37,16-35,72,-4
random,random_robot_126,10,6,1,SimpleHill,0-0,0,12,16-35,13-30;16-36;23-30;12-30;26-35;22-31,23-30,77,5
random,random_robot_126,10,6,1,SimpleHill,0-0,0,13,23-30,22-25;26-21;20-26;25-26;18-24;25-30,26-21,71,-6
random,random_robot_126,10,6,1,SimpleHill,0-0,0,14,26-21,33-22;28-16;23-18;18-20;24-18;24-17,33-22,78,7
random,random_robot_126,10,6,1,SimpleHill,0-0,0,15,33-22,31-19;41-23;33-18;28-30;36-21;41-27,33-18,73,-5
random,random_robot_126,10,6,1,SimpleHill,0-0,0,16,33-18,41-22;25-21;39-11;32-18;30-9;36-22,39-11,67,-6
random,random_robot_126,10,6,1,SimpleHill,0-0,0,17,39-11,30-12;43-14;35-7;30-9;44-19;34-9,30-12,63,-4
random,random_robot_126,10,6,1,SimpleHill,0-0,0,18,30-12,29-15;37-15;25-7;27-16;22-18;38-7,27-16,66,3
random,random_robot_126,10,6,1,SimpleHill,0-0,0,19,27-16,32-24;29-13;24-16;19-16;19-20;23-13,24-16,63,-3
random,random_robot_126,10,6,1,SimpleHill,0-0,0,20,24-16,21-10;17-17;17-23;21-24;25-17;27-23,21-24,69,6
random,random_robot_126,10,6,1,SimpleHill,0-0,0,21,21-24,21-28;16-30;29-20;26-25;18-31;21-16,18-31,72,3
random,random_robot_126,10,6,1,SimpleHill,0-0,0,22,18-31,14-38;10-36;27-34;18-37;17-33;20-31,20-31,74,2
random,random_robot_126,10,6,1,SimpleHill,0-0,0,23,20-31,19-32;24-30;18-31;18-32;23-30;14-23,24-30,78,4
random,random_robot_126,10,6,1,SimpleHill,0-0,0,24,24-30,31-32;27-36;31-29;33-29;30-25;27-39,27-39,87,9
random,random_robot_126,10,6,1,SimpleHill,0-0,0,25,27-39,36-42;20-45;35-38;32-40;33-44;34-45,33-44,93,6
random,random_robot_126,10,6,1,SimpleHill,0-0,0,26,33-44,28-51;40-42;30-52;32-49;29-43;37-36,37-36,92,-1
random,random_robot_126,10,6,1,SimpleHill,0-0,0,27,37-36,37-46;39-41;41-33;30-42;40-44;34-38,37-46,96,4
random,random_robot_126,10,6,1,SimpleHill,0-0,0,28,37-46,42-39;37-37;37-43;38-51;31-43;36-46,37-37,93,-3
random,random_robot_126,10,6,1,SimpleHill,0-0,0,29,37-37,46-39;46-40;45-43;31-31;37-28;33-33,45-43,98,5
random,random_robot_126,10,6,1,SimpleHill,0-0,0,30,45-43,54-45;39-51;46-36;46-52;51-39;40-50,46-36,95,-3
random,random_robot_126,10,6,1,SimpleHill,0-0,0,31,46-36,54-42;41-29;45-37;42-28;46-46;48-34,54-42,98,3
random,random_robot_126,10,6,1,SimpleHill,0-0,0,32,54-42,51-34;48-46;49-39;46-47;57-33;52-45,46-47,99,1
random,random_robot_126,10,6,1,SimpleHill,0-0,0,33,46-47,53-46;47-39;48-48;42-49;41-45;45-52,48-48,99,0
random,random_robot_126,10,6,1,SimpleHill,0-0,0,34,48-48,41-50;49-40;42-44;45-40;40-52;49-51,49-40,97,-2
random,random_robot_126,10,6,1,SimpleHill,0-0,0,35,49-40,48-36;45-41;49-38;55-47;53-49;51-37,48-36,96,-1
random,random_robot_126,10,6,1,SimpleHill,0-0,0,36,48-36,40-41;50-27;56-39;54-37;49-44;48-44,40-41,96,0
random,random_robot_126,10,6,1,SimpleHill,0-0,0,37,40-41,45-39;32-45;38-43;42-49;31-41;40-31,40-31,90,-6
random,random_robot_126,10,6,1,SimpleHill,0-0,0,38,40-31,41-26;48-30;45-30;38-32;44-25;32-33,38-32,90,0
random,random_robot_126,10,6,1,SimpleHill,0-0,0,39,38-32,45-39;31-33;30-38;47-28;34-28;47-34,47-34,94,4
random,random_robot_126,10,6,1,SimpleHill,0-0,0,40,47-34,55-38;42-36;46-38;50-42;45-35;42-30,46-38,96,2
random,random_robot_126,10,6,1,SimpleHill,0-0,0,41,46-38,41-39;43-38;46-46;41-45;52-37;55-34,41-39,95,-1
random,random_robot_126,10,6,1,SimpleHill,0-0,0,42,41-39,38-37;35-41;35-35;38-39;40-46;32-40,35-41,93,-2
random,random_robot_126,10,6,1,SimpleHill,0-0,0,43,35-41,44-43;31-49;31-34;32-41;35-42;36-39,36-39,93,0
random,random_robot_126,10,6,1,SimpleHill,0-0,0,44,36-39,45-43;37-37;32-30;37-48;37-47;35-40,37-48,96,3
random,random_robot_126,10,6,1,SimpleHill,0-0,0,45,37-48,30-50;30-41;37-56;28-50;39-39;30-51,39-39,95,-1
random,random_robot_126,10,6,1,SimpleHill,0-0,0,46,39-39,40-38;34-42;45-31;46-43;37-41;36-40,37-41,95,0
random,random_robot_126,10,6,1,SimpleHill,0-0,0,47,37-41,44-36;36-32;34-44;46-40;44-47;34-38,44-47,99,4
random,random_robot_126,10,6,1,SimpleHill,0-0,0,48,44-47,44-50;35-49;51-41;46-48;37-51;52-41,35-49,95,-4
random,random_robot_126,10,6,1,SimpleHill,0-0,0,49,35-49,41-46;41-48;28-43;35-41;39-53;26-48,41-48,98,3
random,random_robot_126,10,6,1,SimpleHill,0-0,0,50,41-48,49-49;36-40;35-45;38-42;35-49;43-53,43-53,98,0
random,random_robot_126,10,6,1,SimpleHill,0-0,0,51,43-53,42-52;48-52;51-50;35-54;43-63;46-44,35-54,95,-3
random,random_robot_126,10,6,1,SimpleHill,0-0,0,52,35-54,38-50;26-57;38-54;34-47;27-51;37-58,26-57,87,-8
random,random_robot_126,10,6,1,SimpleHill,0-0,0,53,26-57,23-59;19-61;18-54;32-57;35-55;32-55,23-59,83,-4
random,random_robot_126,10,6,1,SimpleHill,0-0,0,54,23-59,28-56;27-52;16-54;21-65;28-65;14-59,28-65,85,2
random,random_robot_126,10,6,1,SimpleHill,0-0,0,55,28-65,28-57;30-62;26-61;26-59;25-57;24-68,25-57,86,1
random,random_robot_126,10,6,1,SimpleHill,0-0,0,56,25-57,26-56;33-59;26-63;23-49;19-56;23-60,26-56,87,1
random,random_robot_126,10,6,1,SimpleHill,0-0,0,57,26-56,27-62;26-57;20-58;19-62;25-56;23-64,20-58,80,-7
random,random_robot_126,10,6,1,SimpleHill,0-0,0,58,20-58,17-55;24-57;15-61;24-55;23-56;23-60,17-55,77,-3
random,random_robot_126,10,6,1,SimpleHill,0-0,0,59,17-55,18-50;15-50;9-59;19-54;19-61;15-62,15-50,75,-2
random,random_robot_126,10,6,1,SimpleHill,0-0,0,60,15-50,12-45;14-45;10-55;16-53;9-47;15-50,9-47,66,-9
random,random_robot_126,10,6,1,SimpleHill,0-0,0,61,9-47,6-43;9-50;2-51;7-48;17-44;13-40,7-48,62,-4
random,random_robot_126,10,6,1,SimpleHill,0-0,0,62,7-48,14-55;11-52;7-38;11-39;8-48;0-42,7-38,60,-2
random,random_robot_126,10,6,1,SimpleHill,0-0,0,63,7-38,3-45;9-47;4-32;5-40;3-31;14-45,14-45,73,13
random,random_robot_126,10,6,1,SimpleHill,0-0,0,64,14-45,22-48;16-41;8-44;9-41;9-48;9-44,22-48,84,11
random,random_robot_126,10,6,1,SimpleHill,0-0,0,65,22-48,16-43;24-44;24-45;28-47;12-48;13-50,12-48,71,-13
random,random_robot_126,10,6,1,SimpleHill,0-0,0,66,12-48,12-57;6-55;17-40;18-55;4-52;5-50,4-52,57,-14
random,random_robot_126,10,6,1,SimpleHill,0-0,0,67,4-52,13-52;4-62;13-49;6-53;4-44;7-61,6-53,61,4
random,random_robot_126,10,6,1,SimpleHill,0-0,0,68,6-53,11-58;8-56;2-58;0-53;2-62;7-47,2-58,52,-9
random,random_robot_126,10,6,1,SimpleHill,0-0,0,69,2-58,0-61;3-56;0-51;5-61;5-67;4-51,4-51,57,5
random,random_robot_126,10,6,1,SimpleHill,0-0,0,70,4-51,10-52;11-54;12-57;12-49;2-42;1-45,12-49,71,14
random,random_robot_126,10,6,1,SimpleHill,0-0,0,71,12-49,17-42;7-42;20-54;8-53;15-52;18-46,15-52,75,4
random,random_robot_126,10,6,1,SimpleHill,0-0,0,72,15-52,11-52;11-59;13-43;8-53;15-57;24-53,8-53,64,-11
random,random_robot_126,10,6,1,SimpleHill,0-0,0,73,8-53,4-52;10-54;5-47;0-50;12-54;11-50,12-54,70,6
random,random_robot_126,10,6,1,SimpleHill,0-0,0,74,12-54,5-48;7-49;12-46;10-62;15-47;6-59,6-59,59,-11
random,random_robot_126,10,6,1,SimpleHill,0-0,0,75,6-59,3-59;11-54;1-60;2-68;7-57;2-67,2-68,47,-12
random,random_robot_126,10,6,1,SimpleHill,0-0,0,76,2-68,1-68;6-65;0-70;0-59;0-65;9-64,0-59,48,1
random,random_robot_126,10,6,1,SimpleHill,0-0,0,77,0-59,3-63;3-56;4-51;0-51;4-61;6-54,4-61,55,7
random,random_robot_126,10,6,1,SimpleHill,0-0,0,78,4-61,11-54;4-58;12-67;7-55;2-57;10-53,10-53,67,12
random,random_robot_126,10,6,1,SimpleHill,0-0,0,79,10-53,19-54;17-56;11-62;1-56;13-61;16-50,19-54,80,13
