simulation_type,subj_id,sight_radius,n_gabors,block_ix,landscape_name,starting_pos,starting_score,trial,pos,stims,selected,score,delta
random,random_robot_4,10,6,1,SimpleHill,0-0,0,0,0-0,3-1;2-7;8-4;2-1;8-5;7-5,8-4,22,22
random,random_robot_4,10,6,1,SimpleHill,0-0,0,1,8-4,16-0;10-8;10-1;15-10;0-6;6-8,6-8,26,4
random,random_robot_4,10,6,1,SimpleHill,0-0,0,2,6-8,2-15;3-7;5-13;12-0;6-4;1-14,3-7,18,-8
random,random_robot_4,10,6,1,SimpleHill,0-0,0,3,3-7,0-0;3-14;0-4;7-11;4-7;10-3,0-0,0,-18
random,random_robot_4,10,6,1,SimpleHill,0-0,0,4,0-0,3-2;3-6;6-8;8-2;6-7;4-1,3-2,9,9
random,random_robot_4,10,6,1,SimpleHill,0-0,0,5,3-2,7-8;11-0;5-10;12-2;4-9;5-5,5-10,27,18
random,random_robot_4,10,6,1,SimpleHill,0-0,0,6,5-10,9-13;2-15;3-10;9-14;11-6;10-6,2-15,29,2
random,random_robot_4,10,6,1,SimpleHill,0-0,0,7,2-15,5-14;1-15;10-9;9-16;7-15;8-7,10-9,34,5
random,random_robot_4,10,6,1,SimpleHill,0-0,0,8,10-9,11-11;6-14;11-14;3-4;9-11;16-9,9-11,35,1
random,random_robot_4,10,6,1,SimpleHill,0-0,0,9,9-11,7-5;12-7;7-14;3-8;13-14;14-4,14-4,31,-4
random,random_robot_4,10,6,1,SimpleHill,0-0,0,10,14-4,21-2;13-12;20-0;12-7;6-0;20-1,13-12,43,12
random,random_robot_4,10,6,1,SimpleHill,0-0,0,11,13-12,13-7;16-16;20-18;11-12;17-18;19-16,13-7,35,-8
random,random_robot_4,10,6,1,SimpleHill,0-0,0,12,13-7,7-3;5-8;17-16;21-12;9-1;16-4,9-1,18,-17
random,random_robot_4,10,6,1,SimpleHill,0-0,0,13,9-1,12-7;2-5;14-6;16-1;15-2;12-5,14-6,35,17
random,random_robot_4,10,6,1,SimpleHill,0-0,0,14,14-6,5-9;13-2;18-2;14-8;5-8;7-11,5-8,24,-11
random,random_robot_4,10,6,1,SimpleHill,0-0,0,15,5-8,11-10;5-7;4-6;2-16;13-8;13-11,4-6,18,-6
random,random_robot_4,10,6,1,SimpleHill,0-0,0,16,4-6,9-12;6-13;9-9;12-4;1-3;7-9,1-3,7,-11
random,random_robot_4,10,6,1,SimpleHill,0-0,0,17,1-3,6-6;0-2;2-12;2-7;8-1;8-6,2-7,16,9
random,random_robot_4,10,6,1,SimpleHill,0-0,0,18,2-7,0-11;0-3;7-5;9-3;2-14;9-2,0-11,19,3
random,random_robot_4,10,6,1,SimpleHill,0-0,0,19,0-11,7-11;1-5;3-6;8-15;8-12;2-18,2-18,33,14
random,random_robot_4,10,6,1,SimpleHill,0-0,0,20,2-18,3-25;6-18;2-9;4-27;8-26;9-19,9-19,47,14
random,random_robot_4,10,6,1,SimpleHill,0-0,0,21,9-19,13-21;13-11;15-25;8-22;12-11;6-23,13-11,42,-5
random,random_robot_4,10,6,1,SimpleHill,0-0,0,22,13-11,9-2;7-4;11-3;20-12;22-9;4-10,4-10,25,-17
random,random_robot_4,10,6,1,SimpleHill,0-0,0,23,4-10,12-13;7-14;6-10;9-12;12-14;8-3,12-13,43,18
random,random_robot_4,10,6,1,SimpleHill,0-0,0,24,12-13,10-16;16-18;8-6;8-9;14-14;10-11,8-6,26,-17
random,random_robot_4,10,6,1,SimpleHill,0-0,0,25,8-6,9-1;7-13;8-12;16-10;2-2;1-8,1-8,16,-10
random,random_robot_4,10,6,1,SimpleHill,0-0,0,26,1-8,10-8;8-5;5-9;0-15;7-3;5-0,10-8,32,16
random,random_robot_4,10,6,1,SimpleHill,0-0,0,27,10-8,10-4;16-5;8-2;8-15;15-9;8-0,16-5,36,4
random,random_robot_4,10,6,1,SimpleHill,0-0,0,28,16-5,12-10;14-2;20-3;24-2;12-11;13-3,20-3,37,1
random,random_robot_4,10,6,1,SimpleHill,0-0,0,29,20-3,13-8;27-0;21-7;16-0;22-9;21-0,21-7,46,9
random,random_robot_4,10,6,1,SimpleHill,0-0,0,30,21-7,17-8;21-4;25-10;14-9;19-5;16-8,17-8,42,-4
random,random_robot_4,10,6,1,SimpleHill,0-0,0,31,17-8,24-2;21-17;17-11;11-3;19-6;19-10,24-2,40,-2
random,random_robot_4,10,6,1,SimpleHill,0-0,0,32,24-2,18-0;31-4;25-6;29-10;24-12;29-4,29-10,59,19
random,random_robot_4,10,6,1,SimpleHill,0-0,0,33,29-10,34-10;35-2;36-15;33-11;25-9;36-6,36-15,71,12
random,random_robot_4,10,6,1,SimpleHill,0-0,0,34,36-15,29-21;26-15;27-13;35-18;32-19;36-5,36-5,55,-16
random,random_robot_4,10,6,1,SimpleHill,0-0,0,35,36-5,38-10;43-0;36-6;45-1;33-1;28-7,43-0,49,-6
random,random_robot_4,10,6,1,SimpleHill,0-0,0,36,43-0,52-0;37-4;52-2;50-5;48-3;34-0,52-0,49,0
random,random_robot_4,10,6,1,SimpleHill,0-0,0,37,52-0,57-8;51-6;53-0;53-8;54-1;51-4,51-4,57,8
random,random_robot_4,10,6,1,SimpleHill,0-0,0,38,51-4,45-6;43-4;53-6;49-11;41-4;50-12,41-4,56,-1
random,random_robot_4,10,6,1,SimpleHill,0-0,0,39,41-4,42-9;41-9;39-10;39-3;39-2;44-5,39-3,53,-3
random,random_robot_4,10,6,1,SimpleHill,0-0,0,40,39-3,42-4;43-6;41-3;44-0;32-8;39-1,41-3,54,1
random,random_robot_4,10,6,1,SimpleHill,0-0,0,41,41-3,40-4;32-1;38-9;37-12;44-8;51-3,37-12,67,13
random,random_robot_4,10,6,1,SimpleHill,0-0,0,42,37-12,43-16;42-12;31-8;37-21;39-10;46-12,31-8,57,-10
random,random_robot_4,10,6,1,SimpleHill,0-0,0,43,31-8,33-0;25-3;31-18;26-15;32-6;31-3,25-3,43,-14
random,random_robot_4,10,6,1,SimpleHill,0-0,0,44,25-3,16-3;25-8;17-0;18-1;27-9;24-2,17-0,28,-15
random,random_robot_4,10,6,1,SimpleHill,0-0,0,45,17-0,21-7;20-5;16-2;14-3;16-1;10-7,20-5,41,13
random,random_robot_4,10,6,1,SimpleHill,0-0,0,46,20-5,19-9;22-10;23-10;14-7;13-12;15-3,19-9,47,6
random,random_robot_4,10,6,1,SimpleHill,0-0,0,47,19-9,13-17;19-11;11-9;19-3;14-12;23-12,19-11,50,3
random,random_robot_4,10,6,1,SimpleHill,0-0,0,48,19-11,28-15;22-11;17-4;25-17;25-13;22-17,22-11,53,3
random,random_robot_4,10,6,1,SimpleHill,0-0,0,49,22-11,21-10;18-9;30-11;19-8;15-8;21-18,18-9,45,-8
random,random_robot_4,10,6,1,SimpleHill,0-0,0,50,18-9,10-15;14-5;20-6;13-15;23-10;21-7,13-15,48,3
random,random_robot_4,10,6,1,SimpleHill,0-0,0,51,13-15,4-13;5-15;5-17;13-13;14-24;20-12,4-13,30,-18
random,random_robot_4,10,6,1,SimpleHill,0-0,0,52,4-13,1-14;3-22;10-8;8-5;8-4;6-16,8-4,22,-8
random,random_robot_4,10,6,1,SimpleHill,0-0,0,53,8-4,17-2;2-11;4-8;11-10;3-2;14-3,4-8,22,0
random,random_robot_4,10,6,1,SimpleHill,0-0,0,54,4-8,9-10;6-7;10-0;4-16;9-8;3-0,4-16,34,12
random,random_robot_4,10,6,1,SimpleHill,0-0,0,55,4-16,10-24;13-16;14-16;5-17;12-15;6-19,5-17,37,3
random,random_robot_4,10,6,1,SimpleHill,0-0,0,56,5-17,9-23;1-14;2-8;14-14;1-13;6-22,9-23,51,14
random,random_robot_4,10,6,1,SimpleHill,0-0,0,57,9-23,3-29;2-26;8-28;5-20;14-16;15-16,8-28,55,4
random,random_robot_4,10,6,1,SimpleHill,0-0,0,58,8-28,13-32;2-32;9-20;15-26;14-35;15-33,15-33,69,14
random,random_robot_4,10,6,1,SimpleHill,0-0,0,59,15-33,21-27;23-38;10-32;19-37;9-34;21-41,10-32,61,-8
random,random_robot_4,10,6,1,SimpleHill,0-0,0,60,10-32,4-34;17-38;15-25;12-32;14-27;15-31,17-38,75,14
random,random_robot_4,10,6,1,SimpleHill,0-0,0,61,17-38,23-46;18-40;22-41;9-32;13-30;19-35,22-41,82,7
random,random_robot_4,10,6,1,SimpleHill,0-0,0,62,22-41,26-48;13-39;29-37;27-42;15-39;18-44,18-44,78,-4
random,random_robot_4,10,6,1,SimpleHill,0-0,0,63,18-44,20-39;13-45;22-44;14-46;24-47;22-50,14-46,73,-5
random,random_robot_4,10,6,1,SimpleHill,0-0,0,64,14-46,16-37;20-51;8-38;12-37;10-43;14-44,16-37,73,0
random,random_robot_4,10,6,1,SimpleHill,0-0,0,65,16-37,19-28;20-46;19-42;10-41;15-28;11-36,11-36,65,-8
random,random_robot_4,10,6,1,SimpleHill,0-0,0,66,11-36,13-27;19-31;9-35;11-42;17-35;7-37,17-35,73,8
random,random_robot_4,10,6,1,SimpleHill,0-0,0,67,17-35,21-29;18-38;18-32;15-31;13-31;13-38,15-31,68,-5
random,random_robot_4,10,6,1,SimpleHill,0-0,0,68,15-31,14-28;20-35;19-40;10-36;10-33;16-32,10-36,64,-4
random,random_robot_4,10,6,1,SimpleHill,0-0,0,69,10-36,18-35;12-45;6-38;1-34;10-26;8-31,1-34,46,-18
random,random_robot_4,10,6,1,SimpleHill,0-0,0,70,1-34,2-26;8-35;0-31;4-31;9-36;2-36,4-31,50,4
random,random_robot_4,10,6,1,SimpleHill,0-0,0,71,4-31,14-31;11-24;4-39;4-21;6-27;10-29,14-31,66,16
random,random_robot_4,10,6,1,SimpleHill,0-0,0,72,14-31,18-36;23-28;13-31;19-30;19-32;12-26,23-28,75,9
random,random_robot_4,10,6,1,SimpleHill,0-0,0,73,23-28,17-35;19-33;16-25;29-21;21-26;18-24,18-24,66,-9
random,random_robot_4,10,6,1,SimpleHill,0-0,0,74,18-24,10-24;26-27;21-32;26-30;12-20;21-30,10-24,54,-12
random,random_robot_4,10,6,1,SimpleHill,0-0,0,75,10-24,5-25;5-23;7-15;6-18;10-31;8-29,6-18,40,-14
random,random_robot_4,10,6,1,SimpleHill,0-0,0,76,6-18,1-12;11-15;1-20;2-17;4-21;5-23,1-20,33,-7
random,random_robot_4,10,6,1,SimpleHill,0-0,0,77,1-20,0-12;1-28;6-15;4-18;6-26;2-24,2-24,40,7
random,random_robot_4,10,6,1,SimpleHill,0-0,0,78,2-24,6-21;1-15;7-29;1-31;1-20;5-17,6-21,44,4
random,random_robot_4,10,6,1,SimpleHill,0-0,0,79,6-21,4-19;3-24;9-28;5-20;5-15;3-17,5-15,35,-9
