simulation_type,subj_id,sight_radius,n_gabors,block_ix,landscape_name,starting_pos,starting_score,trial,pos,stims,selected,score,delta
random,random_robot_183,10,6,1,SimpleHill,0-0,0,0,0-0,1-6;3-2;2-7;4-9;7-5;0-0,0-0,0,0
random,random_robot_183,10,6,1,SimpleHill,0-0,0,1,0-0,5-6;10-0;3-8;9-4;7-6;8-5,7-6,24,24
random,random_robot_183,10,6,1,SimpleHill,0-0,0,2,7-6,12-2;11-9;3-8;14-8;14-10;0-3,11-9,35,11
random,random_robot_183,10,6,1,SimpleHill,0-0,0,3,11-9,10-6;9-11;8-5;16-9;3-8;17-14,17-14,52,17
random,random_robot_183,10,6,1,SimpleHill,0-0,0,4,17-14,15-10;11-15;13-17;22-17;17-11;13-13,17-11,47,-5
random,random_robot_183,10,6,1,SimpleHill,0-0,0,5,17-11,20-3;15-10;15-17;25-6;10-5;21-5,10-5,27,-20
random,random_robot_183,10,6,1,SimpleHill,0-0,0,6,10-5,15-2;12-10;12-5;10-0;15-6;18-11,12-5,30,3
random,random_robot_183,10,6,1,SimpleHill,0-0,0,7,12-5,6-9;4-0;21-4;4-8;11-3;5-9,5-9,25,-5
random,random_robot_183,10,6,1,SimpleHill,0-0,0,8,5-9,1-18;6-11;3-7;2-6;8-1;4-7,4-7,20,-5
random,random_robot_183,10,6,1,SimpleHill,0-0,0,9,4-7,2-16;7-3;3-2;4-12;5-13;12-13,2-16,30,10
random,random_robot_183,10,6,1,SimpleHill,0-0,0,10,2-16,2-19;8-24;1-14;1-12;2-17;0-11,2-19,34,4
random,random_robot_183,10,6,1,SimpleHill,0-0,0,11,2-19,11-19;6-13;0-14;4-23;11-16;3-22,11-16,46,12
random,random_robot_183,10,6,1,SimpleHill,0-0,0,12,11-16,5-22;9-21;7-23;2-14;4-12;14-14,14-14,48,2
random,random_robot_183,10,6,1,SimpleHill,0-0,0,13,14-14,21-7;23-12;7-10;8-20;15-10;11-20,7-10,31,-17
random,random_robot_183,10,6,1,SimpleHill,0-0,0,14,7-10,5-9;15-6;13-18;3-7;7-19;11-11,11-11,39,8
random,random_robot_183,10,6,1,SimpleHill,0-0,0,15,11-11,5-8;19-10;17-15;17-18;5-9;18-10,17-18,57,18
random,random_robot_183,10,6,1,SimpleHill,0-0,0,16,17-18,20-13;21-24;22-26;16-20;22-19;18-9,16-20,58,1
random,random_robot_183,10,6,1,SimpleHill,0-0,0,17,16-20,11-14;20-12;14-12;8-20;17-27;13-20,8-20,46,-12
random,random_robot_183,10,6,1,SimpleHill,0-0,0,18,8-20,11-24;7-12;8-17;5-18;4-16;10-16,5-18,39,-7
random,random_robot_183,10,6,1,SimpleHill,0-0,0,19,5-18,9-22;4-9;3-16;6-10;9-15;3-20,4-9,24,-15
random,random_robot_183,10,6,1,SimpleHill,0-0,0,20,4-9,3-6;8-15;1-6;11-2;11-12;4-13,3-6,17,-7
random,random_robot_183,10,6,1,SimpleHill,0-0,0,21,3-6,6-6;1-14;6-14;6-3;5-9;11-8,5-9,25,8
random,random_robot_183,10,6,1,SimpleHill,0-0,0,22,5-9,1-13;9-17;5-9;11-3;4-11;1-17,11-3,25,0
random,random_robot_183,10,6,1,SimpleHill,0-0,0,23,11-3,13-1;16-1;5-7;6-1;11-10;10-12,6-1,13,-12
random,random_robot_183,10,6,1,SimpleHill,0-0,0,24,6-1,1-8;1-2;4-5;9-7;2-1;3-5,4-5,17,4
random,random_robot_183,10,6,1,SimpleHill,0-0,0,25,4-5,3-0;0-8;0-9;1-3;13-7;8-10,8-10,32,15
random,random_robot_183,10,6,1,SimpleHill,0-0,0,26,8-10,11-1;3-10;13-11;0-11;10-13;6-14,11-1,21,-11
random,random_robot_183,10,6,1,SimpleHill,0-0,0,27,11-1,14-0;12-8;3-3;8-3;10-9;16-3,16-3,32,11
random,random_robot_183,10,6,1,SimpleHill,0-0,0,28,16-3,15-11;23-9;24-7;9-9;18-12;23-8,24-7,49,17
random,random_robot_183,10,6,1,SimpleHill,0-0,0,29,24-7,16-10;16-4;22-5;28-12;28-10;29-2,28-12,61,12
random,random_robot_183,10,6,1,SimpleHill,0-0,0,30,28-12,35-17;29-10;19-12;31-4;31-12;24-18,24-18,66,5
random,random_robot_183,10,6,1,SimpleHill,0-0,0,31,24-18,29-18;32-20;23-19;20-24;27-23;31-15,31-15,68,2
random,random_robot_183,10,6,1,SimpleHill,0-0,0,32,31-15,35-18;22-18;30-10;37-19;31-18;24-9,37-19,77,9
random,random_robot_183,10,6,1,SimpleHill,0-0,0,33,37-19,30-22;31-20;34-17;34-22;34-14;36-25,34-14,68,-9
random,random_robot_183,10,6,1,SimpleHill,0-0,0,34,34-14,30-13;37-8;25-18;40-16;29-7;27-14,27-14,63,-5
random,random_robot_183,10,6,1,SimpleHill,0-0,0,35,27-14,20-7;36-14;34-15;30-10;31-6;27-9,30-10,60,-3
random,random_robot_183,10,6,1,SimpleHill,0-0,0,36,30-10,27-17;33-2;36-16;24-8;26-10;24-3,33-2,48,-12
random,random_robot_183,10,6,1,SimpleHill,0-0,0,37,33-2,31-4;29-2;42-5;37-7;30-11;40-2,31-4,50,2
random,random_robot_183,10,6,1,SimpleHill,0-0,0,38,31-4,22-7;31-11;32-11;24-5;36-3;27-5,31-11,62,12
random,random_robot_183,10,6,1,SimpleHill,0-0,0,39,31-11,34-2;22-14;30-5;28-8;28-15;37-6,34-2,48,-14
random,random_robot_183,10,6,1,SimpleHill,0-0,0,40,34-2,42-7;28-3;29-10;42-0;37-3;41-1,28-3,46,-2
random,random_robot_183,10,6,1,SimpleHill,0-0,0,41,28-3,30-2;35-10;32-6;35-4;27-12;31-12,35-4,53,7
random,random_robot_183,10,6,1,SimpleHill,0-0,0,42,35-4,29-4;35-7;36-6;40-1;34-0;26-3,35-7,58,5
random,random_robot_183,10,6,1,SimpleHill,0-0,0,43,35-7,28-6;34-10;43-2;31-15;40-2;41-14,28-6,51,-7
random,random_robot_183,10,6,1,SimpleHill,0-0,0,44,28-6,33-14;33-11;30-12;26-7;28-14;23-7,33-14,68,17
random,random_robot_183,10,6,1,SimpleHill,0-0,0,45,33-14,39-22;28-11;36-9;33-16;34-11;36-23,36-9,62,-6
random,random_robot_183,10,6,1,SimpleHill,0-0,0,46,36-9,38-9;33-12;40-8;29-13;29-12;32-16,29-13,63,1
random,random_robot_183,10,6,1,SimpleHill,0-0,0,47,29-13,26-22;29-3;37-16;36-20;34-15;30-10,36-20,78,15
random,random_robot_183,10,6,1,SimpleHill,0-0,0,48,36-20,41-15;38-22;40-14;36-18;39-22;39-13,36-18,75,-3
random,random_robot_183,10,6,1,SimpleHill,0-0,0,49,36-18,45-14;43-16;30-17;38-24;40-24;32-11,32-11,63,-12
random,random_robot_183,10,6,1,SimpleHill,0-0,0,50,32-11,32-4;34-13;34-6;37-18;29-4;29-20,34-6,56,-7
random,random_robot_183,10,6,1,SimpleHill,0-0,0,51,34-6,33-7;40-0;31-5;37-13;28-12;38-4,31-5,52,-4
random,random_robot_183,10,6,1,SimpleHill,0-0,0,52,31-5,25-8;24-1;31-2;23-0;24-7;37-3,37-3,52,0
random,random_robot_183,10,6,1,SimpleHill,0-0,0,53,37-3,28-3;30-6;40-0;43-0;40-7;41-12,28-3,46,-6
random,random_robot_183,10,6,1,SimpleHill,0-0,0,54,28-3,30-10;29-3;30-4;24-3;26-12;22-4,30-10,60,14
random,random_robot_183,10,6,1,SimpleHill,0-0,0,55,30-10,22-6;22-5;37-3;32-1;38-15;29-14,29-14,65,5
random,random_robot_183,10,6,1,SimpleHill,0-0,0,56,29-14,24-10;23-8;27-19;21-16;34-7;31-11,23-8,50,-15
random,random_robot_183,10,6,1,SimpleHill,0-0,0,57,23-8,32-9;27-1;18-13;21-14;21-1;26-5,32-9,59,9
random,random_robot_183,10,6,1,SimpleHill,0-0,0,58,32-9,30-2;27-5;38-16;35-2;36-1;27-3,36-1,48,-11
random,random_robot_183,10,6,1,SimpleHill,0-0,0,59,36-1,43-7;42-7;45-0;37-5;41-3;32-4,41-3,54,6
random,random_robot_183,10,6,1,SimpleHill,0-0,0,60,41-3,34-8;44-10;38-0;38-11;34-9;37-4,34-8,59,5
random,random_robot_183,10,6,1,SimpleHill,0-0,0,61,34-8,41-8;36-12;39-3;38-3;29-13;39-16,38-3,52,-7
random,random_robot_183,10,6,1,SimpleHill,0-0,0,62,38-3,38-7;31-2;28-3;45-10;44-0;40-12,40-12,69,17
random,random_robot_183,10,6,1,SimpleHill,0-0,0,63,40-12,39-11;36-10;38-5;46-16;43-4;34-19,36-10,64,-5
random,random_robot_183,10,6,1,SimpleHill,0-0,0,64,36-10,33-16;31-10;35-10;40-3;36-19;33-4,40-3,53,-11
random,random_robot_183,10,6,1,SimpleHill,0-0,0,65,40-3,33-9;47-10;37-4;33-8;37-0;36-3,33-9,60,7
random,random_robot_183,10,6,1,SimpleHill,0-0,0,66,33-9,34-11;35-14;39-7;43-9;39-14;29-0,34-11,64,4
random,random_robot_183,10,6,1,SimpleHill,0-0,0,67,34-11,38-3;34-21;32-13;35-16;34-5;33-12,34-21,78,14
random,random_robot_183,10,6,1,SimpleHill,0-0,0,68,34-21,29-25;31-22;26-17;31-28;29-28;27-27,27-27,78,0
random,random_robot_183,10,6,1,SimpleHill,0-0,0,69,27-27,24-26;21-19;19-24;35-32;33-25;26-31,19-24,67,-11
random,random_robot_183,10,6,1,SimpleHill,0-0,0,70,19-24,16-30;28-21;11-23;26-29;13-18;13-20,13-20,54,-13
random,random_robot_183,10,6,1,SimpleHill,0-0,0,71,13-20,13-11;11-19;5-17;8-21;19-23;19-28,5-17,37,-17
random,random_robot_183,10,6,1,SimpleHill,0-0,0,72,5-17,9-10;6-11;2-25;11-11;8-23;4-14,11-11,39,2
random,random_robot_183,10,6,1,SimpleHill,0-0,0,73,11-11,16-11;10-10;5-13;10-7;2-14;13-5,5-13,32,-7
random,random_robot_183,10,6,1,SimpleHill,0-0,0,74,5-13,14-14;9-16;13-17;2-13;8-22;10-16,10-16,44,12
random,random_robot_183,10,6,1,SimpleHill,0-0,0,75,10-16,16-10;1-20;7-17;14-18;7-21;19-13,7-21,46,2
random,random_robot_183,10,6,1,SimpleHill,0-0,0,76,7-21,8-12;12-25;8-13;8-26;14-24;0-26,14-24,60,14
random,random_robot_183,10,6,1,SimpleHill,0-0,0,77,14-24,11-23;7-28;12-26;14-15;8-32;19-18,7-28,53,-7
random,random_robot_183,10,6,1,SimpleHill,0-0,0,78,7-28,5-31;0-22;8-19;13-22;6-33;4-29,5-31,52,-1
random,random_robot_183,10,6,1,SimpleHill,0-0,0,79,5-31,8-39;3-23;0-31;8-24;3-36;2-40,3-23,41,-11
