simulation_type,subj_id,sight_radius,n_gabors,block_ix,landscape_name,starting_pos,starting_score,trial,pos,stims,selected,score,delta
random,random_robot_101,10,6,1,SimpleHill,0-0,0,0,0-0,4-8;4-4;10-0;8-2;9-4;0-2,8-2,18,18
random,random_robot_101,10,6,1,SimpleHill,0-0,0,1,8-2,5-4;3-10;1-4;18-2;6-3;6-11,3-10,23,5
random,random_robot_101,10,6,1,SimpleHill,0-0,0,2,3-10,0-1;10-11;6-13;4-6;11-4;11-12,11-12,40,17
random,random_robot_101,10,6,1,SimpleHill,0-0,0,3,11-12,10-12;5-12;13-8;20-14;2-14;7-10,20-14,56,16
random,random_robot_101,10,6,1,SimpleHill,0-0,0,4,20-14,22-14;27-13;29-13;15-19;24-23;26-15,27-13,62,6
random,random_robot_101,10,6,1,SimpleHill,0-0,0,5,27-13,30-16;21-13;19-10;24-14;31-12;27-18,27-18,68,6
random,random_robot_101,10,6,1,SimpleHill,0-0,0,6,27-18,31-23;29-23;33-26;32-18;27-17;24-12,31-23,78,10
random,random_robot_101,10,6,1,SimpleHill,0-0,0,7,31-23,28-15;33-14;31-13;23-22;22-26;23-17,22-26,72,-6
random,random_robot_101,10,6,1,SimpleHill,0-0,0,8,22-26,30-24;18-32;19-35;26-30;15-22;18-35,30-24,78,6
random,random_robot_101,10,6,1,SimpleHill,0-0,0,9,30-24,31-17;32-27;36-25;27-21;31-16;26-29,26-29,79,1
random,random_robot_101,10,6,1,SimpleHill,0-0,0,10,26-29,24-22;32-36;26-35;25-38;23-22;17-28,23-22,69,-10
random,random_robot_101,10,6,1,SimpleHill,0-0,0,11,23-22,20-15;19-30;25-15;17-23;19-23;19-20,19-23,66,-3
random,random_robot_101,10,6,1,SimpleHill,0-0,0,12,19-23,21-26;11-23;23-28;24-31;20-30;15-15,21-26,71,5
random,random_robot_101,10,6,1,SimpleHill,0-0,0,13,21-26,19-27;19-23;17-31;24-26;14-22;12-30,12-30,63,-8
random,random_robot_101,10,6,1,SimpleHill,0-0,0,14,12-30,14-29;12-28;20-30;5-33;5-36;18-33,5-36,55,-8
random,random_robot_101,10,6,1,SimpleHill,0-0,0,15,5-36,3-28;10-44;10-39;9-34;8-44;7-42,7-42,61,6
random,random_robot_101,10,6,1,SimpleHill,0-0,0,16,7-42,11-46;9-45;1-50;5-39;14-40;13-49,11-46,69,8
random,random_robot_101,10,6,1,SimpleHill,0-0,0,17,11-46,15-52;13-46;17-47;17-39;15-41;16-45,13-46,72,3
random,random_robot_101,10,6,1,SimpleHill,0-0,0,18,13-46,22-43;13-38;20-42;5-43;7-39;20-45,5-43,58,-14
random,random_robot_101,10,6,1,SimpleHill,0-0,0,19,5-43,6-34;7-49;12-45;8-47;3-42;8-43,12-45,70,12
random,random_robot_101,10,6,1,SimpleHill,0-0,0,20,12-45,13-42;13-36;11-37;21-45;10-48;15-50,13-42,71,1
random,random_robot_101,10,6,1,SimpleHill,0-0,0,21,13-42,13-50;18-50;6-37;5-46;6-42;16-37,5-46,59,-12
random,random_robot_101,10,6,1,SimpleHill,0-0,0,22,5-46,7-41;11-49;9-43;3-44;4-40;9-51,9-51,66,7
random,random_robot_101,10,6,1,SimpleHill,0-0,0,23,9-51,10-56;18-47;3-57;1-46;12-57;3-46,1-46,51,-15
random,random_robot_101,10,6,1,SimpleHill,0-0,0,24,1-46,0-47;5-50;8-45;3-41;10-43;4-38,3-41,54,3
random,random_robot_101,10,6,1,SimpleHill,0-0,0,25,3-41,7-36;2-44;2-45;3-41;8-41;6-44,2-45,53,-1
random,random_robot_101,10,6,1,SimpleHill,0-0,0,26,2-45,7-42;4-50;7-44;2-39;1-54;2-40,1-54,51,-2
random,random_robot_101,10,6,1,SimpleHill,0-0,0,27,1-54,3-57;4-51;3-46;3-59;6-49;9-54,3-57,54,3
random,random_robot_101,10,6,1,SimpleHill,0-0,0,28,3-57,2-62;11-51;11-63;3-60;4-48;2-48,11-51,69,15
random,random_robot_101,10,6,1,SimpleHill,0-0,0,29,11-51,17-46;13-43;13-49;14-47;20-53;17-51,14-47,73,4
random,random_robot_101,10,6,1,SimpleHill,0-0,0,30,14-47,13-45;8-53;14-55;20-52;10-39;14-56,14-55,73,0
random,random_robot_101,10,6,1,SimpleHill,0-0,0,31,14-55,6-53;13-63;12-56;8-55;9-61;18-59,9-61,63,-10
random,random_robot_101,10,6,1,SimpleHill,0-0,0,32,9-61,0-58;16-56;3-53;10-52;14-60;10-64,10-52,67,4
random,random_robot_101,10,6,1,SimpleHill,0-0,0,33,10-52,7-60;7-52;3-50;12-47;14-44;16-50,7-60,61,-6
random,random_robot_101,10,6,1,SimpleHill,0-0,0,34,7-60,3-69;4-61;1-58;5-66;7-65;9-68,4-61,55,-6
random,random_robot_101,10,6,1,SimpleHill,0-0,0,35,4-61,2-55;4-63;0-68;1-67;1-66;5-63,4-63,54,-1
random,random_robot_101,10,6,1,SimpleHill,0-0,0,36,4-63,7-69;9-58;10-55;3-70;2-69;0-61,7-69,55,1
random,random_robot_101,10,6,1,SimpleHill,0-0,0,37,7-69,2-65;11-67;8-65;2-64;0-68;7-63,0-68,43,-12
random,random_robot_101,10,6,1,SimpleHill,0-0,0,38,0-68,7-65;3-69;8-65;4-70;4-65;1-66,4-70,49,6
random,random_robot_101,10,6,1,SimpleHill,0-0,0,39,4-70,7-61;8-63;1-65;6-68;6-69;11-69,6-68,54,5
random,random_robot_101,10,6,1,SimpleHill,0-0,0,40,6-68,7-59;9-59;5-63;4-69;8-70;0-67,8-70,56,2
random,random_robot_101,10,6,1,SimpleHill,0-0,0,41,8-70,10-68;11-68;11-64;3-70;1-67;10-61,11-64,65,9
random,random_robot_101,10,6,1,SimpleHill,0-0,0,42,11-64,2-64;15-63;10-68;7-60;12-61;15-59,12-61,68,3
random,random_robot_101,10,6,1,SimpleHill,0-0,0,43,12-61,18-64;5-60;11-70;13-56;14-52;12-64,18-64,75,7
random,random_robot_101,10,6,1,SimpleHill,0-0,0,44,18-64,17-56;15-63;24-60;24-58;18-57;26-67,15-63,72,-3
random,random_robot_101,10,6,1,SimpleHill,0-0,0,45,15-63,14-59;22-61;16-68;18-63;15-57;22-58,15-57,74,2
random,random_robot_101,10,6,1,SimpleHill,0-0,0,46,15-57,18-63;8-56;22-60;19-48;12-57;9-63,22-60,82,8
random,random_robot_101,10,6,1,SimpleHill,0-0,0,47,22-60,17-52;23-54;16-52;26-69;25-66;16-59,25-66,82,0
random,random_robot_101,10,6,1,SimpleHill,0-0,0,48,25-66,23-68;21-68;21-63;23-65;19-60;18-61,23-68,78,-4
random,random_robot_101,10,6,1,SimpleHill,0-0,0,49,23-68,25-60;22-65;23-59;31-65;27-65;19-64,27-65,84,6
random,random_robot_101,10,6,1,SimpleHill,0-0,0,50,27-65,21-64;24-63;19-63;24-67;22-60;23-66,19-63,77,-7
random,random_robot_101,10,6,1,SimpleHill,0-0,0,51,19-63,15-68;19-60;18-69;14-61;25-60;11-58,25-60,85,8
random,random_robot_101,10,6,1,SimpleHill,0-0,0,52,25-60,29-61;27-57;23-64;23-62;23-61;30-64,27-57,88,3
random,random_robot_101,10,6,1,SimpleHill,0-0,0,53,27-57,31-57;18-57;26-51;27-51;26-64;24-65,31-57,91,3
random,random_robot_101,10,6,1,SimpleHill,0-0,0,54,31-57,37-50;27-49;26-50;23-56;38-51;27-61,23-56,84,-7
random,random_robot_101,10,6,1,SimpleHill,0-0,0,55,23-56,18-55;14-59;31-52;15-50;21-63;21-55,15-50,75,-9
random,random_robot_101,10,6,1,SimpleHill,0-0,0,56,15-50,11-41;6-51;21-54;11-46;21-42;18-56,6-51,61,-14
random,random_robot_101,10,6,1,SimpleHill,0-0,0,57,6-51,5-46;9-51;9-50;4-50;0-44;1-59,1-59,50,-11
random,random_robot_101,10,6,1,SimpleHill,0-0,0,58,1-59,3-67;5-58;7-62;2-64;1-50;3-53,3-67,50,0
random,random_robot_101,10,6,1,SimpleHill,0-0,0,59,3-67,1-66;2-59;1-58;8-66;2-69;4-61,2-69,46,-4
random,random_robot_101,10,6,1,SimpleHill,0-0,0,60,2-69,2-60;7-66;10-64;4-66;9-68;2-70,9-68,59,13
random,random_robot_101,10,6,1,SimpleHill,0-0,0,61,9-68,9-70;14-66;13-70;7-67;11-66;11-67,7-67,57,-2
random,random_robot_101,10,6,1,SimpleHill,0-0,0,62,7-67,9-63;2-70;7-70;0-61;12-61;9-66,7-70,55,-2
random,random_robot_101,10,6,1,SimpleHill,0-0,0,63,7-70,1-63;5-65;1-70;2-67;15-64;9-67,2-67,48,-7
random,random_robot_101,10,6,1,SimpleHill,0-0,0,64,2-67,7-63;3-63;0-69;1-58;4-65;3-70,0-69,42,-6
random,random_robot_101,10,6,1,SimpleHill,0-0,0,65,0-69,5-68;8-65;3-69;1-67;8-64;7-69,1-67,46,4
random,random_robot_101,10,6,1,SimpleHill,0-0,0,66,1-67,9-69;5-66;3-59;10-65;2-66;4-62,2-66,48,2
random,random_robot_101,10,6,1,SimpleHill,0-0,0,67,2-66,10-67;3-61;1-66;9-65;1-67;5-62,1-67,46,-2
random,random_robot_101,10,6,1,SimpleHill,0-0,0,68,1-67,0-69;1-59;2-65;8-62;4-59;2-66,8-62,61,15
random,random_robot_101,10,6,1,SimpleHill,0-0,0,69,8-62,16-64;11-62;8-68;16-66;1-67;16-65,16-64,72,11
random,random_robot_101,10,6,1,SimpleHill,0-0,0,70,16-64,13-59;16-65;20-65;22-68;10-67;14-60,20-65,77,5
random,random_robot_101,10,6,1,SimpleHill,0-0,0,71,20-65,16-65;20-61;28-60;29-67;21-70;17-68,28-60,88,11
random,random_robot_101,10,6,1,SimpleHill,0-0,0,72,28-60,32-60;34-59;30-63;23-54;20-63;34-53,23-54,85,-3
random,random_robot_101,10,6,1,SimpleHill,0-0,0,73,23-54,16-50;18-62;14-58;16-48;27-52;27-45,27-45,88,3
random,random_robot_101,10,6,1,SimpleHill,0-0,0,74,27-45,22-47;29-37;33-53;21-46;27-53;28-36,29-37,87,-1
random,random_robot_101,10,6,1,SimpleHill,0-0,0,75,29-37,30-30;22-39;25-34;29-46;33-39;33-33,33-33,88,1
random,random_robot_101,10,6,1,SimpleHill,0-0,0,76,33-33,24-31;33-29;33-35;35-30;28-28;31-40,31-40,90,2
random,random_robot_101,10,6,1,SimpleHill,0-0,0,77,31-40,25-46;23-42;35-35;32-40;33-48;36-38,35-35,91,1
random,random_robot_101,10,6,1,SimpleHill,0-0,0,78,35-35,37-26;32-40;39-26;28-36;38-30;31-37,39-26,86,-5
random,random_robot_101,10,6,1,SimpleHill,0-0,0,79,39-26,49-26;41-27;41-31;44-23;36-23;45-26,41-31,91,5
