simulation_type,subj_id,sight_radius,n_gabors,block_ix,landscape_name,starting_pos,starting_score,trial,pos,stims,selected,score,delta
random,random_robot_194,10,6,1,SimpleHill,0-0,0,0,0-0,3-3;4-9;9-2;0-10;3-4;8-5,4-9,24,24
random,random_robot_194,10,6,1,SimpleHill,0-0,0,1,4-9,7-16;2-0;12-3;13-7;0-7;0-1,12-3,26,2
random,random_robot_194,10,6,1,SimpleHill,0-0,0,2,12-3,17-8;4-6;9-10;11-12;19-3;6-10,6-10,29,3
random,random_robot_194,10,6,1,SimpleHill,0-0,0,3,6-10,4-12;8-5;6-15;3-6;8-18;5-1,5-1,11,-18
random,random_robot_194,10,6,1,SimpleHill,0-0,0,4,5-1,2-5;6-7;10-7;5-6;10-8;8-4,5-6,20,9
random,random_robot_194,10,6,1,SimpleHill,0-0,0,5,5-6,13-0;13-10;5-12;4-5;8-7;7-5,7-5,22,2
random,random_robot_194,10,6,1,SimpleHill,0-0,0,6,7-5,7-3;9-14;7-4;0-7;11-2;1-1,7-4,20,-2
random,random_robot_194,10,6,1,SimpleHill,0-0,0,7,7-4,6-4;4-13;10-6;8-5;13-4;0-3,10-6,29,9
random,random_robot_194,10,6,1,SimpleHill,0-0,0,8,10-6,4-6;14-13;9-3;2-12;11-3;6-14,2-12,25,-4
random,random_robot_194,10,6,1,SimpleHill,0-0,0,9,2-12,3-20;2-7;2-21;2-20;6-9;2-16,6-9,27,2
random,random_robot_194,10,6,1,SimpleHill,0-0,0,10,6-9,12-16;11-11;3-0;4-1;9-7;14-6,9-7,29,2
random,random_robot_194,10,6,1,SimpleHill,0-0,0,11,9-7,14-9;16-0;3-14;15-3;4-9;11-12,14-9,40,11
random,random_robot_194,10,6,1,SimpleHill,0-0,0,12,14-9,23-8;12-3;20-10;13-10;19-16;15-12,15-12,46,6
random,random_robot_194,10,6,1,SimpleHill,0-0,0,13,15-12,21-5;9-16;21-7;20-15;21-15;8-5,21-5,42,-4
random,random_robot_194,10,6,1,SimpleHill,0-0,0,14,21-5,24-1;18-6;19-4;22-2;15-13;30-4,18-6,40,-2
random,random_robot_194,10,6,1,SimpleHill,0-0,0,15,18-6,13-1;12-4;15-15;19-14;21-10;22-13,15-15,51,11
random,random_robot_194,10,6,1,SimpleHill,0-0,0,16,15-15,15-14;14-8;18-22;18-23;23-14;18-13,18-23,64,13
random,random_robot_194,10,6,1,SimpleHill,0-0,0,17,18-23,22-29;15-15;22-20;22-14;22-19;18-28,22-20,66,2
random,random_robot_194,10,6,1,SimpleHill,0-0,0,18,22-20,31-19;29-19;30-25;24-22;22-30;24-19,30-25,79,13
random,random_robot_194,10,6,1,SimpleHill,0-0,0,19,30-25,37-18;36-18;24-24;26-21;25-25;30-18,30-18,71,-8
random,random_robot_194,10,6,1,SimpleHill,0-0,0,20,30-18,38-14;36-12;31-16;32-24;34-17;25-26,38-14,71,0
random,random_robot_194,10,6,1,SimpleHill,0-0,0,21,38-14,35-15;38-5;36-23;45-12;34-21;38-22,35-15,71,0
random,random_robot_194,10,6,1,SimpleHill,0-0,0,22,35-15,36-24;40-21;28-22;38-16;42-13;41-7,28-22,74,3
random,random_robot_194,10,6,1,SimpleHill,0-0,0,23,28-22,32-16;34-17;23-30;22-25;37-26;32-25,32-25,81,7
random,random_robot_194,10,6,1,SimpleHill,0-0,0,24,32-25,38-27;38-26;34-29;28-19;40-24;39-22,40-24,84,3
random,random_robot_194,10,6,1,SimpleHill,0-0,0,25,40-24,37-19;43-21;40-23;38-30;36-33;47-20,47-20,81,-3
random,random_robot_194,10,6,1,SimpleHill,0-0,0,26,47-20,45-20;55-14;50-29;50-23;44-26;51-19,50-29,91,10
random,random_robot_194,10,6,1,SimpleHill,0-0,0,27,50-29,50-19;49-24;44-30;58-32;50-24;54-23,50-24,86,-5
random,random_robot_194,10,6,1,SimpleHill,0-0,0,28,50-24,51-27;46-32;42-28;56-22;45-19;55-21,42-28,89,3
random,random_robot_194,10,6,1,SimpleHill,0-0,0,29,42-28,47-30;42-33;40-26;44-26;46-22;47-22,46-22,84,-5
random,random_robot_194,10,6,1,SimpleHill,0-0,0,30,46-22,48-23;51-25;47-30;49-24;48-15;47-15,49-24,86,2
random,random_robot_194,10,6,1,SimpleHill,0-0,0,31,49-24,46-27;48-28;57-28;57-29;48-23;41-24,41-24,84,-2
random,random_robot_194,10,6,1,SimpleHill,0-0,0,32,41-24,39-15;42-22;44-18;41-33;36-22;35-19,36-22,80,-4
random,random_robot_194,10,6,1,SimpleHill,0-0,0,33,36-22,43-19;39-28;28-17;33-18;40-19;41-21,33-18,73,-7
random,random_robot_194,10,6,1,SimpleHill,0-0,0,34,33-18,34-10;36-12;39-13;26-24;34-14;25-14,36-12,67,-6
random,random_robot_194,10,6,1,SimpleHill,0-0,0,35,36-12,29-10;27-16;34-9;29-7;43-15;43-7,43-7,62,-5
random,random_robot_194,10,6,1,SimpleHill,0-0,0,36,43-7,35-13;44-2;51-8;43-0;39-14;42-9,35-13,68,6
random,random_robot_194,10,6,1,SimpleHill,0-0,0,37,35-13,29-6;40-5;32-17;36-16;30-18;42-17,29-6,52,-16
random,random_robot_194,10,6,1,SimpleHill,0-0,0,38,29-6,37-4;30-1;33-0;22-8;34-7;24-11,22-8,49,-3
random,random_robot_194,10,6,1,SimpleHill,0-0,0,39,22-8,23-13;16-15;20-6;27-12;25-2;28-10,25-2,41,-8
random,random_robot_194,10,6,1,SimpleHill,0-0,0,40,25-2,33-2;21-1;25-6;32-8;23-7;30-2,32-8,58,17
random,random_robot_194,10,6,1,SimpleHill,0-0,0,41,32-8,29-4;28-8;36-15;32-18;39-12;28-13,39-12,68,10
random,random_robot_194,10,6,1,SimpleHill,0-0,0,42,39-12,37-11;32-16;33-10;43-11;46-10;38-14,37-11,66,-2
random,random_robot_194,10,6,1,SimpleHill,0-0,0,43,37-11,36-12;37-15;36-18;42-14;31-14;41-18,42-14,72,6
random,random_robot_194,10,6,1,SimpleHill,0-0,0,44,42-14,51-13;45-12;51-14;42-23;38-23;39-21,45-12,70,-2
random,random_robot_194,10,6,1,SimpleHill,0-0,0,45,45-12,37-18;39-6;37-6;40-11;48-4;48-18,37-18,76,6
random,random_robot_194,10,6,1,SimpleHill,0-0,0,46,37-18,32-21;44-14;29-18;44-23;40-12;33-17,40-12,69,-7
random,random_robot_194,10,6,1,SimpleHill,0-0,0,47,40-12,44-21;48-18;39-14;41-7;45-15;48-15,44-21,82,13
random,random_robot_194,10,6,1,SimpleHill,0-0,0,48,44-21,48-16;42-19;49-26;51-19;44-27;44-26,42-19,79,-3
random,random_robot_194,10,6,1,SimpleHill,0-0,0,49,42-19,34-22;47-19;40-14;37-26;40-22;48-27,34-22,79,0
random,random_robot_194,10,6,1,SimpleHill,0-0,0,50,34-22,37-27;33-28;38-21;26-18;33-18;38-25,38-21,80,1
random,random_robot_194,10,6,1,SimpleHill,0-0,0,51,38-21,32-23;29-25;45-23;34-20;43-22;35-27,43-22,83,3
random,random_robot_194,10,6,1,SimpleHill,0-0,0,52,43-22,35-24;43-28;49-30;41-30;50-29;43-27,50-29,91,8
random,random_robot_194,10,6,1,SimpleHill,0-0,0,53,50-29,47-22;48-32;54-28;56-22;50-26;48-27,48-32,93,2
random,random_robot_194,10,6,1,SimpleHill,0-0,0,54,48-32,41-30;45-35;45-36;46-25;56-32;48-22,46-25,87,-6
random,random_robot_194,10,6,1,SimpleHill,0-0,0,55,46-25,41-25;50-24;55-28;52-28;40-20;49-24,40-20,80,-7
random,random_robot_194,10,6,1,SimpleHill,0-0,0,56,40-20,32-24;41-28;44-17;44-11;41-16;42-17,44-11,68,-12
random,random_robot_194,10,6,1,SimpleHill,0-0,0,57,44-11,37-7;41-10;53-8;42-9;43-17;49-15,41-10,66,-2
random,random_robot_194,10,6,1,SimpleHill,0-0,0,58,41-10,42-4;40-5;32-11;47-13;47-6;41-0,40-5,57,-9
random,random_robot_194,10,6,1,SimpleHill,0-0,0,59,40-5,43-13;45-12;39-8;42-13;36-11;37-13,45-12,70,13
random,random_robot_194,10,6,1,SimpleHill,0-0,0,60,45-12,53-18;41-3;46-9;45-12;51-11;40-8,40-8,62,-8
random,random_robot_194,10,6,1,SimpleHill,0-0,0,61,40-8,37-7;35-13;42-10;38-7;32-7;43-16,37-7,59,-3
random,random_robot_194,10,6,1,SimpleHill,0-0,0,62,37-7,29-11;40-2;35-3;35-5;30-8;37-10,30-8,56,-3
random,random_robot_194,10,6,1,SimpleHill,0-0,0,63,30-8,31-13;26-13;35-15;27-10;37-8;28-14,28-14,64,8
random,random_robot_194,10,6,1,SimpleHill,0-0,0,64,28-14,28-18;30-11;22-17;23-19;29-16;32-17,30-11,61,-3
random,random_robot_194,10,6,1,SimpleHill,0-0,0,65,30-11,38-7;24-14;29-15;23-5;32-6;26-7,38-7,60,-1
random,random_robot_194,10,6,1,SimpleHill,0-0,0,66,38-7,44-11;43-3;35-16;39-5;36-16;42-1,43-3,54,-6
random,random_robot_194,10,6,1,SimpleHill,0-0,0,67,43-3,36-8;46-0;34-4;43-5;44-8;43-10,46-0,49,-5
random,random_robot_194,10,6,1,SimpleHill,0-0,0,68,46-0,47-9;54-1;38-2;45-1;40-7;49-8,54-1,51,2
random,random_robot_194,10,6,1,SimpleHill,0-0,0,69,54-1,48-9;54-8;61-2;57-9;47-2;53-1,48-9,66,15
random,random_robot_194,10,6,1,SimpleHill,0-0,0,70,48-9,44-15;53-16;46-13;40-4;46-2;53-2,44-15,74,8
random,random_robot_194,10,6,1,SimpleHill,0-0,0,71,44-15,48-7;36-18;49-20;43-22;44-5;50-8,49-20,81,7
random,random_robot_194,10,6,1,SimpleHill,0-0,0,72,49-20,51-22;47-15;46-26;50-25;49-12;49-14,46-26,88,7
random,random_robot_194,10,6,1,SimpleHill,0-0,0,73,46-26,41-21;42-19;40-19;54-27;42-26;50-29,40-19,78,-10
random,random_robot_194,10,6,1,SimpleHill,0-0,0,74,40-19,30-19;41-17;46-19;35-11;40-11;32-19,35-11,65,-13
random,random_robot_194,10,6,1,SimpleHill,0-0,0,75,35-11,26-8;31-6;43-15;43-9;35-3;37-8,43-15,74,9
random,random_robot_194,10,6,1,SimpleHill,0-0,0,76,43-15,47-17;36-8;45-12;44-21;46-8;50-14,50-14,74,0
random,random_robot_194,10,6,1,SimpleHill,0-0,0,77,50-14,47-15;55-20;46-22;49-16;47-17;50-22,49-16,76,2
random,random_robot_194,10,6,1,SimpleHill,0-0,0,78,49-16,58-12;55-14;44-15;43-15;57-22;51-14,58-12,69,-7
random,random_robot_194,10,6,1,SimpleHill,0-0,0,79,58-12,61-3;56-9;56-20;52-19;54-16;65-17,56-9,65,-4
