simulation_type,subj_id,sight_radius,n_gabors,block_ix,landscape_name,starting_pos,starting_score,trial,pos,stims,selected,score,delta
random,random_robot_150,10,6,1,SimpleHill,0-0,0,0,0-0,2-6;4-7;5-0;2-3;7-0;6-2,7-0,13,13
random,random_robot_150,10,6,1,SimpleHill,0-0,0,1,7-0,3-0;1-5;0-0;11-8;13-5;9-5,0-0,0,-13
random,random_robot_150,10,6,1,SimpleHill,0-0,0,2,0-0,4-3;6-7;2-9;2-5;7-1;4-6,2-5,13,13
random,random_robot_150,10,6,1,SimpleHill,0-0,0,3,2-5,2-14;8-4;2-12;6-10;7-13;6-14,8-4,22,9
random,random_robot_150,10,6,1,SimpleHill,0-0,0,4,8-4,6-1;13-5;3-4;2-7;17-5;4-4,6-1,13,-9
random,random_robot_150,10,6,1,SimpleHill,0-0,0,5,6-1,10-5;6-3;1-3;6-6;16-1;12-9,1-3,7,-6
random,random_robot_150,10,6,1,SimpleHill,0-0,0,6,1-3,3-5;0-1;10-7;1-3;8-4;7-5,8-4,22,15
random,random_robot_150,10,6,1,SimpleHill,0-0,0,7,8-4,16-6;7-1;14-2;15-3;11-9;8-14,11-9,35,13
random,random_robot_150,10,6,1,SimpleHill,0-0,0,8,11-9,18-2;16-1;9-2;9-7;4-16;10-2,10-2,21,-14
random,random_robot_150,10,6,1,SimpleHill,0-0,0,9,10-2,3-7;10-8;17-4;18-4;8-10;11-2,8-10,32,11
random,random_robot_150,10,6,1,SimpleHill,0-0,0,10,8-10,16-15;5-11;1-4;2-8;13-4;9-14,1-4,9,-23
random,random_robot_150,10,6,1,SimpleHill,0-0,0,11,1-4,1-12;5-5;10-4;0-6;3-1;3-0,0-6,11,2
random,random_robot_150,10,6,1,SimpleHill,0-0,0,12,0-6,8-5;4-8;2-7;0-0;1-10;5-4,4-8,22,11
random,random_robot_150,10,6,1,SimpleHill,0-0,0,13,4-8,8-2;5-14;4-17;3-5;7-14;6-8,8-2,18,-4
random,random_robot_150,10,6,1,SimpleHill,0-0,0,14,8-2,13-6;13-1;13-4;13-7;8-1;4-8,13-7,35,17
random,random_robot_150,10,6,1,SimpleHill,0-0,0,15,13-7,14-13;18-3;13-11;5-6;6-8;20-8,20-8,46,11
random,random_robot_150,10,6,1,SimpleHill,0-0,0,16,20-8,22-16;23-14;19-2;14-1;13-1;25-10,22-16,61,15
random,random_robot_150,10,6,1,SimpleHill,0-0,0,17,22-16,30-18;18-7;29-9;25-20;22-24;13-12,22-24,70,9
random,random_robot_150,10,6,1,SimpleHill,0-0,0,18,22-24,14-26;20-30;16-22;22-22;29-20;28-30,20-30,74,4
random,random_robot_150,10,6,1,SimpleHill,0-0,0,19,20-30,12-27;20-25;16-34;27-24;22-24;26-23,26-23,73,-1
random,random_robot_150,10,6,1,SimpleHill,0-0,0,20,26-23,33-26;24-24;29-27;29-23;35-23;21-22,24-24,72,-1
random,random_robot_150,10,6,1,SimpleHill,0-0,0,21,24-24,32-29;28-32;20-19;29-19;31-19;22-23,31-19,73,1
random,random_robot_150,10,6,1,SimpleHill,0-0,0,22,31-19,29-23;41-19;36-15;29-24;30-28;34-27,30-28,82,9
random,random_robot_150,10,6,1,SimpleHill,0-0,0,23,30-28,27-31;22-32;37-33;25-32;24-34;23-34,22-32,77,-5
random,random_robot_150,10,6,1,SimpleHill,0-0,0,24,22-32,29-29;25-39;31-29;22-36;31-34;13-28,13-28,62,-15
random,random_robot_150,10,6,1,SimpleHill,0-0,0,25,13-28,12-37;5-25;14-36;6-23;12-19;9-27,5-25,47,-15
random,random_robot_150,10,6,1,SimpleHill,0-0,0,26,5-25,4-33;2-26;12-19;8-16;11-26;3-20,8-16,41,-6
random,random_robot_150,10,6,1,SimpleHill,0-0,0,27,8-16,1-23;8-17;2-16;7-24;4-7;2-8,8-17,42,1
random,random_robot_150,10,6,1,SimpleHill,0-0,0,28,8-17,13-21;15-10;0-22;2-17;6-14;11-19,2-17,32,-10
random,random_robot_150,10,6,1,SimpleHill,0-0,0,29,2-17,6-23;2-18;8-20;11-17;1-17;11-13,11-17,47,15
random,random_robot_150,10,6,1,SimpleHill,0-0,0,30,11-17,9-15;19-23;13-16;11-14;2-21;9-8,2-21,37,-10
random,random_robot_150,10,6,1,SimpleHill,0-0,0,31,2-21,0-12;1-14;6-29;6-13;11-22;9-18,6-29,52,15
random,random_robot_150,10,6,1,SimpleHill,0-0,0,32,6-29,5-27;13-36;9-20;13-29;4-24;2-20,2-20,35,-17
random,random_robot_150,10,6,1,SimpleHill,0-0,0,33,2-20,8-26;0-24;2-18;5-19;3-11;5-15,5-15,35,0
random,random_robot_150,10,6,1,SimpleHill,0-0,0,34,5-15,7-12;8-14;6-19;12-15;9-24;6-17,6-19,42,7
random,random_robot_150,10,6,1,SimpleHill,0-0,0,35,6-19,1-23;5-21;9-18;1-13;15-15;7-25,1-23,37,-5
random,random_robot_150,10,6,1,SimpleHill,0-0,0,36,1-23,3-27;0-32;5-15;10-22;5-18;0-21,10-22,52,15
random,random_robot_150,10,6,1,SimpleHill,0-0,0,37,10-22,8-26;6-26;16-17;19-22;8-23;15-25,19-22,65,13
random,random_robot_150,10,6,1,SimpleHill,0-0,0,38,19-22,14-30;16-15;15-19;11-22;26-18;25-28,25-28,77,12
random,random_robot_150,10,6,1,SimpleHill,0-0,0,39,25-28,19-35;30-24;16-30;20-21;18-33;31-33,18-33,73,-4
random,random_robot_150,10,6,1,SimpleHill,0-0,0,40,18-33,26-28;26-37;16-30;10-36;19-28;18-35,10-36,64,-9
random,random_robot_150,10,6,1,SimpleHill,0-0,0,41,10-36,4-30;14-29;14-36;13-34;7-39;2-30,14-36,70,6
random,random_robot_150,10,6,1,SimpleHill,0-0,0,42,14-36,17-38;20-31;17-40;22-39;22-41;12-45,20-31,74,4
random,random_robot_150,10,6,1,SimpleHill,0-0,0,43,20-31,14-39;21-39;14-36;15-39;24-32;16-30,24-32,80,6
random,random_robot_150,10,6,1,SimpleHill,0-0,0,44,24-32,17-35;26-24;23-35;31-35;16-32;31-30,31-35,88,8
random,random_robot_150,10,6,1,SimpleHill,0-0,0,45,31-35,31-41;32-41;23-33;30-40;31-38;29-33,30-40,90,2
random,random_robot_150,10,6,1,SimpleHill,0-0,0,46,30-40,34-48;40-40;29-45;26-38;24-43;31-37,26-38,85,-5
random,random_robot_150,10,6,1,SimpleHill,0-0,0,47,26-38,20-42;32-33;32-42;29-46;20-46;26-32,20-46,81,-4
random,random_robot_150,10,6,1,SimpleHill,0-0,0,48,20-46,18-37;24-46;21-44;20-50;21-41;23-46,18-37,76,-5
random,random_robot_150,10,6,1,SimpleHill,0-0,0,49,18-37,20-29;13-45;16-36;23-41;19-45;22-42,23-41,83,7
random,random_robot_150,10,6,1,SimpleHill,0-0,0,50,23-41,25-44;28-42;23-42;31-42;29-42;27-37,23-42,84,1
random,random_robot_150,10,6,1,SimpleHill,0-0,0,51,23-42,14-44;16-47;28-39;29-44;31-46;30-48,14-44,73,-11
random,random_robot_150,10,6,1,SimpleHill,0-0,0,52,14-44,9-40;8-52;17-45;10-40;21-51;5-41,10-40,66,-7
random,random_robot_150,10,6,1,SimpleHill,0-0,0,53,10-40,18-41;13-45;1-37;9-41;15-39;11-43,1-37,48,-18
random,random_robot_150,10,6,1,SimpleHill,0-0,0,54,1-37,2-39;6-32;7-45;6-43;2-38;9-32,9-32,59,11
random,random_robot_150,10,6,1,SimpleHill,0-0,0,55,9-32,9-40;14-36;1-35;16-30;8-37;6-38,9-40,64,5
random,random_robot_150,10,6,1,SimpleHill,0-0,0,56,9-40,16-39;4-42;3-43;13-46;9-33;15-47,9-33,60,-4
random,random_robot_150,10,6,1,SimpleHill,0-0,0,57,9-33,9-31;18-36;14-27;11-34;6-26;10-32,10-32,61,1
random,random_robot_150,10,6,1,SimpleHill,0-0,0,58,10-32,17-37;13-26;18-32;17-38;1-29;5-36,13-26,61,0
random,random_robot_150,10,6,1,SimpleHill,0-0,0,59,13-26,4-24;10-35;11-33;17-33;5-27;16-28,11-33,63,2
random,random_robot_150,10,6,1,SimpleHill,0-0,0,60,11-33,19-39;19-28;10-35;6-36;18-37;13-39,19-28,71,8
random,random_robot_150,10,6,1,SimpleHill,0-0,0,61,19-28,15-20;22-33;21-24;24-27;20-31;20-26,15-20,57,-14
random,random_robot_150,10,6,1,SimpleHill,0-0,0,62,15-20,20-19;24-18;15-28;12-23;11-22;9-16,15-28,65,8
random,random_robot_150,10,6,1,SimpleHill,0-0,0,63,15-28,16-22;19-23;16-29;23-22;21-34;17-35,16-29,68,3
random,random_robot_150,10,6,1,SimpleHill,0-0,0,64,16-29,20-25;18-34;18-21;8-30;17-37;11-32,18-21,62,-6
random,random_robot_150,10,6,1,SimpleHill,0-0,0,65,18-21,9-17;16-16;24-16;12-25;20-14;20-27,24-16,63,1
random,random_robot_150,10,6,1,SimpleHill,0-0,0,66,24-16,20-9;29-9;20-21;27-25;33-14;29-22,20-21,65,2
random,random_robot_150,10,6,1,SimpleHill,0-0,0,67,20-21,19-28;25-28;24-20;12-15;28-24;14-22,28-24,76,11
random,random_robot_150,10,6,1,SimpleHill,0-0,0,68,28-24,34-28;19-24;26-30;24-22;25-28;30-26,19-24,67,-9
random,random_robot_150,10,6,1,SimpleHill,0-0,0,69,19-24,11-29;23-16;15-32;24-28;26-17;17-25,17-25,65,-2
random,random_robot_150,10,6,1,SimpleHill,0-0,0,70,17-25,20-19;19-34;22-18;16-26;17-21;23-22,19-34,75,10
random,random_robot_150,10,6,1,SimpleHill,0-0,0,71,19-34,16-31;18-38;20-37;20-39;18-30;19-27,18-30,71,-4
random,random_robot_150,10,6,1,SimpleHill,0-0,0,72,18-30,18-21;12-25;25-23;10-27;13-38;10-34,18-21,62,-9
random,random_robot_150,10,6,1,SimpleHill,0-0,0,73,18-21,10-25;26-26;14-17;14-21;26-23;24-16,24-16,63,1
random,random_robot_150,10,6,1,SimpleHill,0-0,0,74,24-16,18-15;32-13;30-16;32-15;26-16;14-16,14-16,50,-13
random,random_robot_150,10,6,1,SimpleHill,0-0,0,75,14-16,8-12;20-14;20-20;19-19;11-14;14-9,20-20,64,14
random,random_robot_150,10,6,1,SimpleHill,0-0,0,76,20-20,18-23;26-24;27-17;26-18;20-24;25-20,26-24,74,10
random,random_robot_150,10,6,1,SimpleHill,0-0,0,77,26-24,18-28;25-22;26-15;25-19;29-18;34-22,26-15,63,-11
random,random_robot_150,10,6,1,SimpleHill,0-0,0,78,26-15,22-9;24-8;23-20;33-16;17-18;23-11,22-9,50,-13
random,random_robot_150,10,6,1,SimpleHill,0-0,0,79,22-9,28-3;18-16;26-13;22-4;16-2;16-9,18-16,56,6
