simulation_type,subj_id,sight_radius,n_gabors,block_ix,landscape_name,starting_pos,starting_score,trial,pos,stims,selected,score,delta
random,random_robot_84,10,6,1,SimpleHill,0-0,0,0,0-0,0-6;2-7;9-0;0-1;3-6;3-7,9-0,16,16
random,random_robot_84,10,6,1,SimpleHill,0-0,0,1,9-0,14-6;17-3;10-4;7-1;9-8;7-5,17-3,34,18
random,random_robot_84,10,6,1,SimpleHill,0-0,0,2,17-3,23-1;14-3;18-2;13-7;21-0;21-6,14-3,29,-5
random,random_robot_84,10,6,1,SimpleHill,0-0,0,3,14-3,19-1;17-0;5-4;8-0;14-5;8-5,19-1,32,3
random,random_robot_84,10,6,1,SimpleHill,0-0,0,4,19-1,11-5;25-8;25-5;12-3;22-5;24-3,24-3,42,10
random,random_robot_84,10,6,1,SimpleHill,0-0,0,5,24-3,21-9;26-1;28-5;23-8;18-9;33-1,18-9,45,3
random,random_robot_84,10,6,1,SimpleHill,0-0,0,6,18-9,11-13;12-17;17-10;12-10;15-6;17-7,17-7,41,-4
random,random_robot_84,10,6,1,SimpleHill,0-0,0,7,17-7,13-11;22-5;17-9;19-15;23-2;24-0,13-11,42,1
random,random_robot_84,10,6,1,SimpleHill,0-0,0,8,13-11,18-7;10-7;12-11;10-14;16-16;19-12,10-7,31,-11
random,random_robot_84,10,6,1,SimpleHill,0-0,0,9,10-7,12-8;5-3;17-4;17-14;8-15;7-9,17-4,35,4
random,random_robot_84,10,6,1,SimpleHill,0-0,0,10,17-4,8-0;26-7;24-8;14-8;15-12;21-4,24-8,51,16
random,random_robot_84,10,6,1,SimpleHill,0-0,0,11,24-8,28-4;26-14;19-3;25-15;28-12;17-9,28-12,61,10
random,random_robot_84,10,6,1,SimpleHill,0-0,0,12,28-12,31-14;19-13;28-17;23-4;22-5;36-13,19-13,53,-8
random,random_robot_84,10,6,1,SimpleHill,0-0,0,13,19-13,17-12;23-15;18-19;26-11;26-12;18-8,23-15,60,7
random,random_robot_84,10,6,1,SimpleHill,0-0,0,14,23-15,19-11;18-21;24-19;26-7;26-9;27-12,27-12,60,0
random,random_robot_84,10,6,1,SimpleHill,0-0,0,15,27-12,32-20;28-3;22-12;19-6;21-4;37-12,22-12,55,-5
random,random_robot_84,10,6,1,SimpleHill,0-0,0,16,22-12,16-12;27-12;13-8;27-19;24-12;17-19,17-19,59,4
random,random_robot_84,10,6,1,SimpleHill,0-0,0,17,17-19,15-10;12-14;10-14;20-23;19-28;10-20,12-14,45,-14
random,random_robot_84,10,6,1,SimpleHill,0-0,0,18,12-14,11-15;19-21;10-22;12-13;6-6;14-13,6-6,22,-23
random,random_robot_84,10,6,1,SimpleHill,0-0,0,19,6-6,7-8;8-11;0-9;15-5;5-12;6-6,7-8,27,5
random,random_robot_84,10,6,1,SimpleHill,0-0,0,20,7-8,14-6;7-9;4-4;11-8;14-15;9-8,14-6,35,8
random,random_robot_84,10,6,1,SimpleHill,0-0,0,21,14-6,19-9;18-10;8-0;21-6;7-13;6-6,6-6,22,-13
random,random_robot_84,10,6,1,SimpleHill,0-0,0,22,6-6,10-14;8-2;8-14;16-6;3-13;7-9,10-14,42,20
random,random_robot_84,10,6,1,SimpleHill,0-0,0,23,10-14,13-18;13-11;17-9;14-12;12-9;15-19,15-19,56,14
random,random_robot_84,10,6,1,SimpleHill,0-0,0,24,15-19,8-13;21-15;10-25;22-15;14-19;9-13,14-19,54,-2
random,random_robot_84,10,6,1,SimpleHill,0-0,0,25,14-19,20-16;16-12;11-12;11-10;21-16;8-17,21-16,60,6
random,random_robot_84,10,6,1,SimpleHill,0-0,0,26,21-16,24-7;18-17;30-17;30-20;13-15;14-12,13-15,48,-12
random,random_robot_84,10,6,1,SimpleHill,0-0,0,27,13-15,20-19;11-11;14-22;12-18;20-13;6-13,14-22,58,10
random,random_robot_84,10,6,1,SimpleHill,0-0,0,28,14-22,9-23;10-24;15-22;7-25;19-15;7-17,15-22,59,1
random,random_robot_84,10,6,1,SimpleHill,0-0,0,29,15-22,19-25;7-28;14-30;16-18;16-14;11-19,19-25,68,9
random,random_robot_84,10,6,1,SimpleHill,0-0,0,30,19-25,14-32;20-33;20-31;11-29;12-22;13-25,11-29,60,-8
random,random_robot_84,10,6,1,SimpleHill,0-0,0,31,11-29,4-26;15-38;20-26;7-20;11-28;5-29,11-28,59,-1
random,random_robot_84,10,6,1,SimpleHill,0-0,0,32,11-28,9-35;9-19;6-34;4-26;16-27;7-33,6-34,56,-3
random,random_robot_84,10,6,1,SimpleHill,0-0,0,33,6-34,5-41;12-27;3-37;0-30;1-41;14-37,1-41,50,-6
random,random_robot_84,10,6,1,SimpleHill,0-0,0,34,1-41,6-35;3-32;4-43;3-46;10-39;2-42,4-43,56,6
random,random_robot_84,10,6,1,SimpleHill,0-0,0,35,4-43,3-36;1-44;4-38;10-36;0-48;12-40,1-44,51,-5
random,random_robot_84,10,6,1,SimpleHill,0-0,0,36,1-44,0-38;8-40;8-43;3-51;2-46;6-49,0-38,47,-4
random,random_robot_84,10,6,1,SimpleHill,0-0,0,37,0-38,2-34;1-36;8-33;0-34;1-39;4-35,8-33,58,11
random,random_robot_84,10,6,1,SimpleHill,0-0,0,38,8-33,7-29;3-37;11-28;16-39;1-34;11-39,3-37,52,-6
random,random_robot_84,10,6,1,SimpleHill,0-0,0,39,3-37,11-36;1-30;4-45;5-29;10-33;6-29,6-29,52,0
random,random_robot_84,10,6,1,SimpleHill,0-0,0,40,6-29,14-34;0-24;10-34;9-31;2-20;9-37,9-37,63,11
random,random_robot_84,10,6,1,SimpleHill,0-0,0,41,9-37,6-37;9-46;10-42;11-31;5-29;3-43,9-46,66,3
random,random_robot_84,10,6,1,SimpleHill,0-0,0,42,9-46,17-48;17-47;16-39;10-50;4-48;13-43,17-47,78,12
random,random_robot_84,10,6,1,SimpleHill,0-0,0,43,17-47,24-51;10-52;12-51;9-48;13-38;14-54,24-51,86,8
random,random_robot_84,10,6,1,SimpleHill,0-0,0,44,24-51,15-51;23-51;27-59;25-43;15-55;26-57,27-59,87,1
random,random_robot_84,10,6,1,SimpleHill,0-0,0,45,27-59,27-69;34-65;25-63;28-50;33-51;27-62,27-69,82,-5
random,random_robot_84,10,6,1,SimpleHill,0-0,0,46,27-69,30-63;24-64;19-67;21-68;34-65;22-68,21-68,76,-6
random,random_robot_84,10,6,1,SimpleHill,0-0,0,47,21-68,19-66;15-62;19-68;27-61;29-67;27-64,27-61,87,11
random,random_robot_84,10,6,1,SimpleHill,0-0,0,48,27-61,28-56;33-66;35-58;31-66;33-68;21-56,31-66,87,0
random,random_robot_84,10,6,1,SimpleHill,0-0,0,49,31-66,34-67;26-63;32-62;38-62;38-66;24-67,38-66,92,5
random,random_robot_84,10,6,1,SimpleHill,0-0,0,50,38-66,40-67;30-63;36-65;46-70;30-62;34-67,34-67,89,-3
random,random_robot_84,10,6,1,SimpleHill,0-0,0,51,34-67,38-60;36-70;36-69;35-70;33-65;39-64,36-70,88,-1
random,random_robot_84,10,6,1,SimpleHill,0-0,0,52,36-70,30-64;28-70;38-68;42-66;42-67;32-63,32-63,90,2
random,random_robot_84,10,6,1,SimpleHill,0-0,0,53,32-63,27-63;39-57;26-58;32-55;30-65;26-69,27-63,86,-4
random,random_robot_84,10,6,1,SimpleHill,0-0,0,54,27-63,29-66;36-59;22-64;34-58;24-64;36-63,34-58,93,7
random,random_robot_84,10,6,1,SimpleHill,0-0,0,55,34-58,29-60;31-54;42-53;28-61;26-57;34-53,26-57,87,-6
random,random_robot_84,10,6,1,SimpleHill,0-0,0,56,26-57,21-59;21-50;23-50;28-54;23-49;31-52,28-54,90,3
random,random_robot_84,10,6,1,SimpleHill,0-0,0,57,28-54,36-52;35-47;30-53;20-58;23-50;35-61,36-52,96,6
random,random_robot_84,10,6,1,SimpleHill,0-0,0,58,36-52,32-58;38-43;33-45;27-53;41-45;31-44,41-45,97,1
random,random_robot_84,10,6,1,SimpleHill,0-0,0,59,41-45,46-45;42-43;36-42;43-47;39-44;31-45,36-42,94,-3
random,random_robot_84,10,6,1,SimpleHill,0-0,0,60,36-42,32-44;40-44;36-52;30-43;45-43;30-45,40-44,97,3
random,random_robot_84,10,6,1,SimpleHill,0-0,0,61,40-44,44-47;38-38;46-50;40-36;43-35;39-44,46-50,99,2
random,random_robot_84,10,6,1,SimpleHill,0-0,0,62,46-50,50-41;39-51;51-48;53-57;48-53;53-50,53-50,99,0
random,random_robot_84,10,6,1,SimpleHill,0-0,0,63,53-50,54-54;60-55;46-51;57-56;52-45;54-53,46-51,99,0
random,random_robot_84,10,6,1,SimpleHill,0-0,0,64,46-51,48-56;46-52;51-52;45-58;54-55;41-51,54-55,99,0
random,random_robot_84,10,6,1,SimpleHill,0-0,0,65,54-55,59-52;56-47;56-60;62-51;49-60;46-61,46-61,97,-2
random,random_robot_84,10,6,1,SimpleHill,0-0,0,66,46-61,44-67;49-67;39-67;41-66;45-59;37-61,49-67,94,-3
random,random_robot_84,10,6,1,SimpleHill,0-0,0,67,49-67,54-69;47-66;51-69;42-69;47-65;40-64,47-66,94,0
random,random_robot_84,10,6,1,SimpleHill,0-0,0,68,47-66,55-67;44-69;38-70;52-64;50-57;49-61,49-61,97,3
random,random_robot_84,10,6,1,SimpleHill,0-0,0,69,49-61,45-58;45-52;45-61;54-60;57-57;41-55,45-61,97,0
random,random_robot_84,10,6,1,SimpleHill,0-0,0,70,45-61,39-55;43-67;41-62;47-64;46-65;51-64,43-67,93,-4
random,random_robot_84,10,6,1,SimpleHill,0-0,0,71,43-67,43-57;46-70;46-66;37-59;47-60;48-70,48-70,91,-2
random,random_robot_84,10,6,1,SimpleHill,0-0,0,72,48-70,41-69;48-69;54-70;48-66;41-68;46-62,54-70,91,0
random,random_robot_84,10,6,1,SimpleHill,0-0,0,73,54-70,64-70;52-61;50-69;54-62;55-67;60-65,52-61,97,6
random,random_robot_84,10,6,1,SimpleHill,0-0,0,74,52-61,54-62;53-63;59-60;46-53;57-53;53-57,57-53,98,1
random,random_robot_84,10,6,1,SimpleHill,0-0,0,75,57-53,62-61;62-56;54-44;60-45;53-57;59-60,62-56,96,-2
random,random_robot_84,10,6,1,SimpleHill,0-0,0,76,62-56,58-47;60-54;69-57;68-63;65-52;60-51,58-47,98,2
random,random_robot_84,10,6,1,SimpleHill,0-0,0,77,58-47,57-54;52-41;60-48;56-44;60-49;55-45,60-48,97,-1
random,random_robot_84,10,6,1,SimpleHill,0-0,0,78,60-48,57-52;62-53;52-53;64-57;53-44;57-57,57-57,98,1
random,random_robot_84,10,6,1,SimpleHill,0-0,0,79,57-57,52-62;57-65;57-47;54-51;61-52;58-62,57-47,98,0
