simulation_type,subj_id,sight_radius,n_gabors,block_ix,landscape_name,starting_pos,starting_score,trial,pos,stims,selected,score,delta
random,random_robot_30,10,6,1,SimpleHill,0-0,0,0,0-0,0-0;1-7;5-2;3-7;7-4;3-2,3-2,9,9
random,random_robot_30,10,6,1,SimpleHill,0-0,0,1,3-2,10-3;2-3;7-0;7-10;12-2;6-11,6-11,30,21
random,random_robot_30,10,6,1,SimpleHill,0-0,0,2,6-11,11-19;0-16;10-9;4-7;12-16;5-5,5-5,19,-11
random,random_robot_30,10,6,1,SimpleHill,0-0,0,3,5-5,8-3;1-14;13-9;1-11;7-9;11-5,11-5,29,10
random,random_robot_30,10,6,1,SimpleHill,0-0,0,4,11-5,15-13;16-9;13-10;6-12;11-1;7-11,11-1,21,-8
random,random_robot_30,10,6,1,SimpleHill,0-0,0,5,11-1,9-9;7-0;2-4;4-1;14-7;15-10,14-7,37,16
random,random_robot_30,10,6,1,SimpleHill,0-0,0,6,14-7,21-6;11-8;8-7;17-8;8-15;6-10,8-7,27,-10
random,random_robot_30,10,6,1,SimpleHill,0-0,0,7,8-7,15-14;10-0;3-9;1-0;12-8;13-2,13-2,26,-1
random,random_robot_30,10,6,1,SimpleHill,0-0,0,8,13-2,18-3;13-12;19-1;9-9;10-10;21-0,9-9,32,6
random,random_robot_30,10,6,1,SimpleHill,0-0,0,9,9-9,9-1;8-3;11-7;10-6;7-6;8-13,8-3,20,-12
random,random_robot_30,10,6,1,SimpleHill,0-0,0,10,8-3,6-10;9-6;9-8;12-2;15-0;13-4,12-2,25,5
random,random_robot_30,10,6,1,SimpleHill,0-0,0,11,12-2,17-10;7-6;11-8;3-4;15-4;20-5,7-6,24,-1
random,random_robot_30,10,6,1,SimpleHill,0-0,0,12,7-6,1-10;7-5;13-1;5-6;4-11;3-2,7-5,22,-2
random,random_robot_30,10,6,1,SimpleHill,0-0,0,13,7-5,8-7;8-14;11-14;7-11;9-3;1-7,8-14,38,16
random,random_robot_30,10,6,1,SimpleHill,0-0,0,14,8-14,5-20;8-19;15-10;15-12;10-19;9-14,9-14,40,2
random,random_robot_30,10,6,1,SimpleHill,0-0,0,15,9-14,3-22;17-8;15-10;9-11;4-18;7-11,7-11,32,-8
random,random_robot_30,10,6,1,SimpleHill,0-0,0,16,7-11,4-15;12-6;11-11;6-19;7-18;2-19,6-19,42,10
random,random_robot_30,10,6,1,SimpleHill,0-0,0,17,6-19,15-18;11-21;9-23;4-27;9-10;3-16,9-23,51,9
random,random_robot_30,10,6,1,SimpleHill,0-0,0,18,9-23,5-14;17-19;6-16;9-28;1-23;12-29,6-16,38,-13
random,random_robot_30,10,6,1,SimpleHill,0-0,0,19,6-16,7-17;13-22;11-13;9-25;8-25;12-22,8-25,52,14
random,random_robot_30,10,6,1,SimpleHill,0-0,0,20,8-25,11-24;5-18;0-28;11-32;14-24;11-19,14-24,60,8
random,random_robot_30,10,6,1,SimpleHill,0-0,0,21,14-24,18-27;10-16;21-18;9-16;14-25;10-31,14-25,61,1
random,random_robot_30,10,6,1,SimpleHill,0-0,0,22,14-25,5-21;21-26;14-24;18-34;19-27;17-27,5-21,42,-19
random,random_robot_30,10,6,1,SimpleHill,0-0,0,23,5-21,2-13;3-23;0-20;14-18;5-24;9-21,14-18,53,11
random,random_robot_30,10,6,1,SimpleHill,0-0,0,24,14-18,12-20;21-19;18-15;8-18;9-15;14-26,14-26,62,9
random,random_robot_30,10,6,1,SimpleHill,0-0,0,25,14-26,16-35;9-32;11-22;10-28;18-28;21-30,16-35,72,10
random,random_robot_30,10,6,1,SimpleHill,0-0,0,26,16-35,8-37;15-40;18-40;22-28;12-36;7-38,22-28,74,2
random,random_robot_30,10,6,1,SimpleHill,0-0,0,27,22-28,16-32;24-28;25-33;29-27;13-26;26-36,13-26,61,-13
random,random_robot_30,10,6,1,SimpleHill,0-0,0,28,13-26,14-28;20-27;15-23;16-23;18-32;6-33,6-33,55,-6
random,random_robot_30,10,6,1,SimpleHill,0-0,0,29,6-33,14-28;0-29;1-38;3-37;9-26;6-34,1-38,49,-6
random,random_robot_30,10,6,1,SimpleHill,0-0,0,30,1-38,10-40;9-42;9-34;3-37;2-35;4-47,9-42,65,16
random,random_robot_30,10,6,1,SimpleHill,0-0,0,31,9-42,9-36;6-40;12-49;10-33;15-34;1-45,15-34,70,5
random,random_robot_30,10,6,1,SimpleHill,0-0,0,32,15-34,19-41;18-31;6-36;9-29;11-35;12-36,18-31,72,2
random,random_robot_30,10,6,1,SimpleHill,0-0,0,33,18-31,18-33;20-26;22-26;22-34;25-31;26-28,22-26,72,0
random,random_robot_30,10,6,1,SimpleHill,0-0,0,34,22-26,23-18;21-26;14-24;21-21;23-22;20-20,21-21,66,-6
random,random_robot_30,10,6,1,SimpleHill,0-0,0,35,21-21,25-24;26-28;28-15;27-22;29-26;14-23,26-28,78,12
random,random_robot_30,10,6,1,SimpleHill,0-0,0,36,26-28,20-31;25-27;20-20;30-31;19-29;28-26,20-31,74,-4
random,random_robot_30,10,6,1,SimpleHill,0-0,0,37,20-31,17-26;24-25;21-23;14-27;16-27;20-33,14-27,63,-11
random,random_robot_30,10,6,1,SimpleHill,0-0,0,38,14-27,8-34;19-23;23-25;19-19;14-35;15-23,15-23,60,-3
random,random_robot_30,10,6,1,SimpleHill,0-0,0,39,15-23,8-24;17-30;17-24;21-25;16-19;16-30,16-19,57,-3
random,random_robot_30,10,6,1,SimpleHill,0-0,0,40,16-19,13-10;23-17;8-19;17-23;17-22;17-11,17-11,47,-10
random,random_robot_30,10,6,1,SimpleHill,0-0,0,41,17-11,20-11;15-4;18-14;11-13;11-8;14-18,11-13,42,-5
random,random_robot_30,10,6,1,SimpleHill,0-0,0,42,11-13,12-13;5-10;18-7;7-6;6-7;9-13,5-10,27,-15
random,random_robot_30,10,6,1,SimpleHill,0-0,0,43,5-10,8-5;2-11;2-4;5-19;6-5;10-18,2-11,23,-4
random,random_robot_30,10,6,1,SimpleHill,0-0,0,44,2-11,1-12;1-6;7-12;4-17;5-20;10-8,1-6,13,-10
random,random_robot_30,10,6,1,SimpleHill,0-0,0,45,1-6,2-6;3-11;4-4;7-6;7-4;6-6,2-6,15,2
random,random_robot_30,10,6,1,SimpleHill,0-0,0,46,2-6,3-4;1-15;7-2;10-5;9-4;7-9,9-4,24,9
random,random_robot_30,10,6,1,SimpleHill,0-0,0,47,9-4,5-3;14-8;17-3;4-0;2-3;9-12,5-3,15,-9
random,random_robot_30,10,6,1,SimpleHill,0-0,0,48,5-3,2-12;11-10;8-2;2-2;5-3;4-1,11-10,37,22
random,random_robot_30,10,6,1,SimpleHill,0-0,0,49,11-10,4-15;8-5;13-4;5-13;5-7;2-12,4-15,33,-4
random,random_robot_30,10,6,1,SimpleHill,0-0,0,50,4-15,10-20;5-9;5-23;3-19;0-20;4-8,4-8,22,-11
random,random_robot_30,10,6,1,SimpleHill,0-0,0,51,4-8,11-15;10-14;11-13;5-7;6-15;6-5,10-14,42,20
random,random_robot_30,10,6,1,SimpleHill,0-0,0,52,10-14,12-14;13-19;1-15;12-7;5-8;10-6,1-15,27,-15
random,random_robot_30,10,6,1,SimpleHill,0-0,0,53,1-15,1-9;6-19;0-13;0-21;5-11;6-8,0-13,22,-5
random,random_robot_30,10,6,1,SimpleHill,0-0,0,54,0-13,0-17;0-21;3-18;0-9;9-12;8-13,0-9,16,-6
random,random_robot_30,10,6,1,SimpleHill,0-0,0,55,0-9,9-12;4-7;4-18;4-5;4-13;2-11,4-5,17,1
random,random_robot_30,10,6,1,SimpleHill,0-0,0,56,4-5,13-8;10-7;0-9;2-11;2-9;11-0,10-7,31,14
random,random_robot_30,10,6,1,SimpleHill,0-0,0,57,10-7,8-8;19-6;10-0;7-13;9-16;16-0,16-0,26,-5
random,random_robot_30,10,6,1,SimpleHill,0-0,0,58,16-0,23-5;8-1;20-7;13-6;22-8;16-1,22-8,49,23
random,random_robot_30,10,6,1,SimpleHill,0-0,0,59,22-8,23-4;28-15;28-10;20-13;25-7;16-12,25-7,50,1
random,random_robot_30,10,6,1,SimpleHill,0-0,0,60,25-7,25-8;30-2;29-15;33-8;16-6;32-6,32-6,54,4
random,random_robot_30,10,6,1,SimpleHill,0-0,0,61,32-6,30-1;30-15;31-15;41-4;27-3;25-1,31-15,68,14
random,random_robot_30,10,6,1,SimpleHill,0-0,0,62,31-15,32-21;22-16;23-10;35-23;32-15;27-8,35-23,80,12
random,random_robot_30,10,6,1,SimpleHill,0-0,0,63,35-23,34-27;31-28;35-22;41-27;35-28;37-15,41-27,87,7
random,random_robot_30,10,6,1,SimpleHill,0-0,0,64,41-27,38-31;33-32;34-21;32-28;38-34;39-28,38-34,92,5
random,random_robot_30,10,6,1,SimpleHill,0-0,0,65,38-34,34-31;47-32;36-31;34-29;37-28;42-34,37-28,86,-6
random,random_robot_30,10,6,1,SimpleHill,0-0,0,66,37-28,29-27;44-31;33-23;40-34;38-26;40-36,38-26,85,-1
random,random_robot_30,10,6,1,SimpleHill,0-0,0,67,38-26,41-32;36-21;43-22;37-28;31-20;37-21,37-28,86,1
random,random_robot_30,10,6,1,SimpleHill,0-0,0,68,37-28,41-25;44-30;29-22;37-33;35-36;43-30,44-30,91,5
random,random_robot_30,10,6,1,SimpleHill,0-0,0,69,44-30,40-33;50-31;43-26;47-27;49-24;49-31,40-33,92,1
random,random_robot_30,10,6,1,SimpleHill,0-0,0,70,40-33,46-34;39-30;33-36;34-25;42-29;42-28,46-34,94,2
random,random_robot_30,10,6,1,SimpleHill,0-0,0,71,46-34,54-39;41-42;43-39;48-43;54-29;44-29,41-42,97,3
random,random_robot_30,10,6,1,SimpleHill,0-0,0,72,41-42,36-50;47-38;37-39;45-33;34-39;48-41,47-38,96,-1
random,random_robot_30,10,6,1,SimpleHill,0-0,0,73,47-38,46-40;53-45;50-46;46-47;47-33;53-39,46-47,99,3
random,random_robot_30,10,6,1,SimpleHill,0-0,0,74,46-47,39-53;49-43;44-52;47-49;46-39;42-46,46-39,97,-2
random,random_robot_30,10,6,1,SimpleHill,0-0,0,75,46-39,43-33;42-48;42-46;47-35;39-39;53-45,39-39,95,-2
random,random_robot_30,10,6,1,SimpleHill,0-0,0,76,39-39,37-33;33-38;43-47;38-39;37-45;34-42,43-47,98,3
random,random_robot_30,10,6,1,SimpleHill,0-0,0,77,43-47,47-55;46-41;48-49;47-42;42-49;40-48,42-49,98,0
random,random_robot_30,10,6,1,SimpleHill,0-0,0,78,42-49,37-57;47-49;40-43;38-41;52-49;47-47,40-43,97,-1
random,random_robot_30,10,6,1,SimpleHill,0-0,0,79,40-43,37-37;41-35;46-35;44-51;41-51;36-47,44-51,99,2
