simulation_type,subj_id,sight_radius,n_gabors,block_ix,landscape_name,starting_pos,starting_score,trial,pos,stims,selected,score,delta
random,random_robot_196,10,6,1,SimpleHill,0-0,0,0,0-0,8-6;3-0;0-8;0-10;4-5;9-1,4-5,17,17
random,random_robot_196,10,6,1,SimpleHill,0-0,0,1,4-5,5-2;12-5;10-3;4-8;7-6;2-6,5-2,13,-4
random,random_robot_196,10,6,1,SimpleHill,0-0,0,2,5-2,12-9;0-5;7-3;4-5;7-7;2-1,7-7,26,13
random,random_robot_196,10,6,1,SimpleHill,0-0,0,3,7-7,0-9;4-9;14-0;4-8;10-8;7-14,14-0,24,-2
random,random_robot_196,10,6,1,SimpleHill,0-0,0,4,14-0,11-8;8-7;24-0;10-6;9-3;22-6,24-0,36,12
random,random_robot_196,10,6,1,SimpleHill,0-0,0,5,24-0,30-5;22-3;15-3;25-2;24-10;16-4,30-5,51,15
random,random_robot_196,10,6,1,SimpleHill,0-0,0,6,30-5,30-12;28-8;34-6;26-12;26-14;26-3,26-12,59,8
random,random_robot_196,10,6,1,SimpleHill,0-0,0,7,26-12,21-9;34-6;28-19;32-18;24-8;33-12,34-6,56,-3
random,random_robot_196,10,6,1,SimpleHill,0-0,0,8,34-6,39-9;30-3;29-0;37-6;29-1;43-9,29-0,41,-15
random,random_robot_196,10,6,1,SimpleHill,0-0,0,9,29-0,36-7;32-5;34-8;24-0;20-0;31-6,36-7,59,18
random,random_robot_196,10,6,1,SimpleHill,0-0,0,10,36-7,38-8;35-15;29-0;35-0;34-12;38-16,38-8,61,2
random,random_robot_196,10,6,1,SimpleHill,0-0,0,11,38-8,38-0;44-13;30-2;36-13;41-16;43-11,38-0,47,-14
random,random_robot_196,10,6,1,SimpleHill,0-0,0,12,38-0,33-2;30-3;45-5;39-5;46-6;30-4,33-2,48,1
random,random_robot_196,10,6,1,SimpleHill,0-0,0,13,33-2,27-1;29-4;28-1;25-8;38-5;37-10,38-5,56,8
random,random_robot_196,10,6,1,SimpleHill,0-0,0,14,38-5,47-8;35-14;34-1;41-0;37-9;36-3,34-1,46,-10
random,random_robot_196,10,6,1,SimpleHill,0-0,0,15,34-1,25-2;30-8;32-1;40-5;41-3;41-7,40-5,57,11
random,random_robot_196,10,6,1,SimpleHill,0-0,0,16,40-5,47-2;33-12;42-8;33-10;38-6;41-9,33-10,62,5
random,random_robot_196,10,6,1,SimpleHill,0-0,0,17,33-10,33-6;31-18;30-6;29-5;26-4;39-12,30-6,53,-9
random,random_robot_196,10,6,1,SimpleHill,0-0,0,18,30-6,38-8;21-5;21-8;29-0;25-12;29-5,21-5,42,-11
random,random_robot_196,10,6,1,SimpleHill,0-0,0,19,21-5,22-7;30-3;23-13;20-7;22-8;12-9,20-7,45,3
random,random_robot_196,10,6,1,SimpleHill,0-0,0,20,20-7,24-1;21-3;27-14;29-6;26-7;25-8,26-7,51,6
random,random_robot_196,10,6,1,SimpleHill,0-0,0,21,26-7,33-1;19-10;31-8;32-15;21-13;31-4,21-13,55,4
random,random_robot_196,10,6,1,SimpleHill,0-0,0,22,21-13,15-13;25-19;18-6;25-13;24-22;14-10,14-10,42,-13
random,random_robot_196,10,6,1,SimpleHill,0-0,0,23,14-10,14-16;9-7;10-19;7-3;12-11;13-7,14-16,50,8
random,random_robot_196,10,6,1,SimpleHill,0-0,0,24,14-16,17-16;17-24;8-13;11-16;21-17;12-20,8-13,37,-13
random,random_robot_196,10,6,1,SimpleHill,0-0,0,25,8-13,0-18;18-13;4-20;14-7;3-19;11-14,11-14,43,6
random,random_robot_196,10,6,1,SimpleHill,0-0,0,26,11-14,20-11;10-23;13-6;10-5;18-18;7-21,10-5,27,-16
random,random_robot_196,10,6,1,SimpleHill,0-0,0,27,10-5,8-6;9-13;3-2;15-4;16-8;11-1,9-13,39,12
random,random_robot_196,10,6,1,SimpleHill,0-0,0,28,9-13,10-20;3-19;1-15;9-10;8-12;3-21,8-12,35,-4
random,random_robot_196,10,6,1,SimpleHill,0-0,0,29,8-12,12-8;13-4;5-13;1-19;7-18;12-5,12-5,30,-5
random,random_robot_196,10,6,1,SimpleHill,0-0,0,30,12-5,8-12;7-9;6-10;18-5;13-10;22-5,22-5,43,13
random,random_robot_196,10,6,1,SimpleHill,0-0,0,31,22-5,19-8;27-4;23-3;17-11;15-3;20-8,15-3,31,-12
random,random_robot_196,10,6,1,SimpleHill,0-0,0,32,15-3,21-5;21-2;6-0;18-0;13-2;14-4,13-2,26,-5
random,random_robot_196,10,6,1,SimpleHill,0-0,0,33,13-2,16-5;14-0;5-1;18-6;9-2;10-1,9-2,20,-6
random,random_robot_196,10,6,1,SimpleHill,0-0,0,34,9-2,5-9;4-4;6-6;7-1;0-1;13-3,7-1,15,-5
random,random_robot_196,10,6,1,SimpleHill,0-0,0,35,7-1,10-6;4-5;7-4;5-3;7-11;13-7,13-7,35,20
random,random_robot_196,10,6,1,SimpleHill,0-0,0,36,13-7,20-1;15-15;8-10;7-4;6-14;8-12,20-1,33,-2
random,random_robot_196,10,6,1,SimpleHill,0-0,0,37,20-1,26-0;17-9;27-4;15-9;21-9;27-8,27-8,54,21
random,random_robot_196,10,6,1,SimpleHill,0-0,0,38,27-8,34-1;27-13;20-15;34-3;35-9;32-1,34-3,50,-4
random,random_robot_196,10,6,1,SimpleHill,0-0,0,39,34-3,30-3;43-2;32-8;41-1;36-6;37-1,30-3,47,-3
random,random_robot_196,10,6,1,SimpleHill,0-0,0,40,30-3,24-7;26-6;35-7;24-1;35-4;38-0,38-0,47,0
random,random_robot_196,10,6,1,SimpleHill,0-0,0,41,38-0,41-0;41-5;31-4;29-4;37-9;32-1,41-5,57,10
random,random_robot_196,10,6,1,SimpleHill,0-0,0,42,41-5,37-6;39-4;41-5;40-11;32-6;36-10,40-11,67,10
random,random_robot_196,10,6,1,SimpleHill,0-0,0,43,40-11,37-17;39-7;36-18;39-17;35-4;36-9,39-7,60,-7
random,random_robot_196,10,6,1,SimpleHill,0-0,0,44,39-7,33-2;34-9;37-2;33-14;32-13;30-6,33-2,48,-12
random,random_robot_196,10,6,1,SimpleHill,0-0,0,45,33-2,34-9;38-4;37-3;41-0;37-0;27-8,34-9,61,13
random,random_robot_196,10,6,1,SimpleHill,0-0,0,46,34-9,30-17;42-5;31-11;37-18;31-5;38-13,42-5,58,-3
random,random_robot_196,10,6,1,SimpleHill,0-0,0,47,42-5,34-11;48-4;38-9;44-14;37-4;38-6,34-11,64,6
random,random_robot_196,10,6,1,SimpleHill,0-0,0,48,34-11,32-15;28-8;35-20;34-18;39-8;41-17,41-17,76,12
random,random_robot_196,10,6,1,SimpleHill,0-0,0,49,41-17,41-10;43-23;40-14;45-23;40-17;34-18,40-17,76,0
random,random_robot_196,10,6,1,SimpleHill,0-0,0,50,40-17,46-13;45-15;37-12;35-13;34-23;45-20,37-12,67,-9
random,random_robot_196,10,6,1,SimpleHill,0-0,0,51,37-12,39-10;31-19;43-4;41-15;28-8;34-21,39-10,65,-2
random,random_robot_196,10,6,1,SimpleHill,0-0,0,52,39-10,33-9;43-7;37-5;36-4;39-17;45-12,33-9,60,-5
random,random_robot_196,10,6,1,SimpleHill,0-0,0,53,33-9,30-11;28-7;25-7;39-16;34-9;29-4,34-9,61,1
random,random_robot_196,10,6,1,SimpleHill,0-0,0,54,34-9,35-18;41-5;37-14;35-5;33-0;32-16,37-14,70,9
random,random_robot_196,10,6,1,SimpleHill,0-0,0,55,37-14,32-18;31-17;41-23;33-7;45-17;44-20,31-17,71,1
random,random_robot_196,10,6,1,SimpleHill,0-0,0,56,31-17,27-10;25-25;37-20;33-9;37-19;34-12,33-9,60,-11
random,random_robot_196,10,6,1,SimpleHill,0-0,0,57,33-9,41-5;40-16;33-2;39-14;32-4;32-18,32-18,73,13
random,random_robot_196,10,6,1,SimpleHill,0-0,0,58,32-18,26-21;35-22;29-27;28-18;37-23;27-12,28-18,69,-4
random,random_robot_196,10,6,1,SimpleHill,0-0,0,59,28-18,31-22;23-23;32-9;34-25;21-22;26-18,21-22,67,-2
random,random_robot_196,10,6,1,SimpleHill,0-0,0,60,21-22,22-22;14-15;19-14;24-14;17-24;20-29,24-14,60,-7
random,random_robot_196,10,6,1,SimpleHill,0-0,0,61,24-14,29-11;30-20;24-23;18-20;20-8;27-10,20-8,46,-14
random,random_robot_196,10,6,1,SimpleHill,0-0,0,62,20-8,15-4;12-13;12-9;16-8;21-11;21-5,21-11,52,6
random,random_robot_196,10,6,1,SimpleHill,0-0,0,63,21-11,17-7;17-5;24-8;26-11;25-5;17-17,17-7,41,-11
random,random_robot_196,10,6,1,SimpleHill,0-0,0,64,17-7,14-6;20-14;21-8;19-4;13-16;20-7,19-4,38,-3
random,random_robot_196,10,6,1,SimpleHill,0-0,0,65,19-4,22-0;27-7;24-9;20-6;23-10;17-2,23-10,53,15
random,random_robot_196,10,6,1,SimpleHill,0-0,0,66,23-10,14-7;27-17;19-14;21-4;21-6;20-11,20-11,51,-2
random,random_robot_196,10,6,1,SimpleHill,0-0,0,67,20-11,15-14;28-15;13-15;17-6;23-2;18-12,15-14,49,-2
random,random_robot_196,10,6,1,SimpleHill,0-0,0,68,15-14,20-19;10-15;14-13;23-16;12-22;22-14,10-15,43,-6
random,random_robot_196,10,6,1,SimpleHill,0-0,0,69,10-15,14-16;11-16;2-9;7-20;8-23;16-11,2-9,20,-23
random,random_robot_196,10,6,1,SimpleHill,0-0,0,70,2-9,2-9;3-4;5-6;1-6;3-17;0-5,0-5,9,-11
random,random_robot_196,10,6,1,SimpleHill,0-0,0,71,0-5,1-6;3-10;2-10;3-9;6-13;6-11,3-10,23,14
random,random_robot_196,10,6,1,SimpleHill,0-0,0,72,3-10,11-9;4-19;1-2;2-1;10-9;8-17,2-1,5,-18
random,random_robot_196,10,6,1,SimpleHill,0-0,0,73,2-1,1-1;2-8;2-1;7-2;8-0;2-6,2-8,18,13
random,random_robot_196,10,6,1,SimpleHill,0-0,0,74,2-8,6-2;4-7;4-5;6-9;8-11;7-13,7-13,35,17
random,random_robot_196,10,6,1,SimpleHill,0-0,0,75,7-13,9-21;10-22;3-5;8-8;2-19;10-7,3-5,15,-20
random,random_robot_196,10,6,1,SimpleHill,0-0,0,76,3-5,5-8;13-5;1-13;4-9;1-11;4-7,13-5,32,17
random,random_robot_196,10,6,1,SimpleHill,0-0,0,77,13-5,8-9;14-13;11-3;5-10;20-12;16-5,5-10,27,-5
random,random_robot_196,10,6,1,SimpleHill,0-0,0,78,5-10,11-14;3-9;12-16;13-7;6-12;3-17,13-7,35,8
random,random_robot_196,10,6,1,SimpleHill,0-0,0,79,13-7,18-10;8-12;20-3;19-6;15-15;9-15,8-12,35,0
