simulation_type,subj_id,sight_radius,n_gabors,block_ix,landscape_name,starting_pos,starting_score,trial,pos,stims,selected,score,delta
random,random_robot_96,10,6,1,SimpleHill,0-0,0,0,0-0,6-3;5-5;1-5;2-3;2-8;0-4,2-8,18,18
random,random_robot_96,10,6,1,SimpleHill,0-0,0,1,2-8,1-8;5-4;9-14;5-0;1-5;7-1,9-14,40,22
random,random_robot_96,10,6,1,SimpleHill,0-0,0,2,9-14,8-5;7-7;9-16;1-14;0-15;9-4,0-15,25,-15
random,random_robot_96,10,6,1,SimpleHill,0-0,0,3,0-15,2-17;0-20;6-14;2-11;0-24;8-20,0-24,36,11
random,random_robot_96,10,6,1,SimpleHill,0-0,0,4,0-24,3-22;0-32;4-22;3-28;7-23;1-26,0-32,43,7
random,random_robot_96,10,6,1,SimpleHill,0-0,0,5,0-32,3-29;8-30;9-32;6-28;1-36;3-30,8-30,56,13
random,random_robot_96,10,6,1,SimpleHill,0-0,0,6,8-30,6-30;7-23;9-21;16-25;14-31;13-23,9-21,49,-7
random,random_robot_96,10,6,1,SimpleHill,0-0,0,7,9-21,7-28;12-26;7-16;13-19;12-30;12-16,12-16,48,-1
random,random_robot_96,10,6,1,SimpleHill,0-0,0,8,12-16,3-12;19-13;21-13;13-7;20-18;8-24,13-7,35,-13
random,random_robot_96,10,6,1,SimpleHill,0-0,0,9,13-7,15-9;6-8;20-4;14-15;13-13;5-12,6-8,26,-9
random,random_robot_96,10,6,1,SimpleHill,0-0,0,10,6-8,11-0;11-3;10-8;8-4;8-0;7-9,10-8,32,6
random,random_robot_96,10,6,1,SimpleHill,0-0,0,11,10-8,7-8;9-17;19-4;17-12;15-9;8-14,8-14,38,6
random,random_robot_96,10,6,1,SimpleHill,0-0,0,12,8-14,6-14;16-13;4-20;8-18;15-17;12-21,15-17,53,15
random,random_robot_96,10,6,1,SimpleHill,0-0,0,13,15-17,15-14;19-24;14-15;12-15;19-26;13-11,19-26,69,16
random,random_robot_96,10,6,1,SimpleHill,0-0,0,14,19-26,11-21;23-20;17-31;25-26;14-22;17-28,17-31,71,2
random,random_robot_96,10,6,1,SimpleHill,0-0,0,15,17-31,23-28;21-33;16-34;21-32;13-26;14-40,21-33,77,6
random,random_robot_96,10,6,1,SimpleHill,0-0,0,16,21-33,22-26;14-28;16-39;21-26;24-35;25-36,25-36,83,6
random,random_robot_96,10,6,1,SimpleHill,0-0,0,17,25-36,24-42;25-33;25-42;28-38;25-34;29-44,25-42,86,3
random,random_robot_96,10,6,1,SimpleHill,0-0,0,18,25-42,32-43;20-41;27-34;28-35;31-35;23-33,28-35,85,-1
random,random_robot_96,10,6,1,SimpleHill,0-0,0,19,28-35,22-37;31-44;21-41;25-29;21-35;23-35,21-35,78,-7
random,random_robot_96,10,6,1,SimpleHill,0-0,0,20,21-35,19-36;21-35;22-37;13-36;24-39;15-39,15-39,73,-5
random,random_robot_96,10,6,1,SimpleHill,0-0,0,21,15-39,17-42;8-44;10-39;10-35;14-41;12-43,8-44,64,-9
random,random_robot_96,10,6,1,SimpleHill,0-0,0,22,8-44,10-47;10-53;1-41;7-38;6-52;7-45,10-53,67,3
random,random_robot_96,10,6,1,SimpleHill,0-0,0,23,10-53,11-50;15-47;3-46;6-58;11-45;13-55,3-46,55,-12
random,random_robot_96,10,6,1,SimpleHill,0-0,0,24,3-46,8-46;7-47;9-54;4-50;2-37;5-49,2-37,50,-5
random,random_robot_96,10,6,1,SimpleHill,0-0,0,25,2-37,0-43;4-41;1-40;5-42;5-45;4-35,1-40,49,-1
random,random_robot_96,10,6,1,SimpleHill,0-0,0,26,1-40,1-47;0-38;1-30;0-49;6-42;0-33,1-47,51,2
random,random_robot_96,10,6,1,SimpleHill,0-0,0,27,1-47,0-55;6-40;7-40;2-44;4-52;6-49,4-52,57,6
random,random_robot_96,10,6,1,SimpleHill,0-0,0,28,4-52,13-52;3-56;7-45;8-47;8-56;0-44,0-44,49,-8
random,random_robot_96,10,6,1,SimpleHill,0-0,0,29,0-44,7-50;3-52;2-48;8-38;0-54;1-35,1-35,47,-2
random,random_robot_96,10,6,1,SimpleHill,0-0,0,30,1-35,7-40;5-32;0-32;2-31;7-34;0-29,7-34,57,10
random,random_robot_96,10,6,1,SimpleHill,0-0,0,31,7-34,12-42;3-28;6-36;13-41;4-34;12-31,12-42,69,12
random,random_robot_96,10,6,1,SimpleHill,0-0,0,32,12-42,17-49;10-41;4-38;19-39;6-40;16-40,16-40,74,5
random,random_robot_96,10,6,1,SimpleHill,0-0,0,33,16-40,15-32;12-32;9-33;20-31;14-35;16-35,15-32,69,-5
random,random_robot_96,10,6,1,SimpleHill,0-0,0,34,15-32,10-24;21-37;9-30;7-36;24-35;18-26,21-37,79,10
random,random_robot_96,10,6,1,SimpleHill,0-0,0,35,21-37,28-35;27-29;15-38;29-35;18-43;24-45,27-29,80,1
random,random_robot_96,10,6,1,SimpleHill,0-0,0,36,27-29,28-20;21-27;33-23;29-38;29-26;26-29,33-23,79,-1
random,random_robot_96,10,6,1,SimpleHill,0-0,0,37,33-23,38-15;37-18;34-23;28-28;37-24;30-28,34-23,80,1
random,random_robot_96,10,6,1,SimpleHill,0-0,0,38,34-23,34-14;27-30;40-25;36-31;34-30;30-29,34-30,86,6
random,random_robot_96,10,6,1,SimpleHill,0-0,0,39,34-30,41-34;36-21;32-21;32-31;31-30;28-32,41-34,93,7
random,random_robot_96,10,6,1,SimpleHill,0-0,0,40,41-34,43-26;42-36;43-34;43-38;43-35;41-37,41-37,95,2
random,random_robot_96,10,6,1,SimpleHill,0-0,0,41,41-37,36-43;34-41;35-34;40-44;37-40;43-34,43-34,93,-2
random,random_robot_96,10,6,1,SimpleHill,0-0,0,42,43-34,42-41;42-33;42-40;34-30;49-38;45-31,49-38,97,4
random,random_robot_96,10,6,1,SimpleHill,0-0,0,43,49-38,50-35;44-40;55-41;52-41;40-35;42-37,55-41,97,0
random,random_robot_96,10,6,1,SimpleHill,0-0,0,44,55-41,57-50;59-44;47-35;54-48;62-37;58-49,59-44,97,0
random,random_robot_96,10,6,1,SimpleHill,0-0,0,45,59-44,49-44;56-47;56-45;51-50;52-40;53-52,56-45,98,1
random,random_robot_96,10,6,1,SimpleHill,0-0,0,46,56-45,59-49;51-39;58-51;62-49;56-40;56-44,56-44,98,0
random,random_robot_96,10,6,1,SimpleHill,0-0,0,47,56-44,62-48;65-48;47-45;51-43;62-37;47-41,51-43,99,1
random,random_robot_96,10,6,1,SimpleHill,0-0,0,48,51-43,52-48;49-41;49-52;54-47;55-39;45-47,55-39,97,-2
random,random_robot_96,10,6,1,SimpleHill,0-0,0,49,55-39,56-41;46-39;47-44;57-36;64-38;55-30,55-30,91,-6
random,random_robot_96,10,6,1,SimpleHill,0-0,0,50,55-30,60-30;47-30;52-31;57-34;61-35;54-26,52-31,92,1
random,random_robot_96,10,6,1,SimpleHill,0-0,0,51,52-31,55-39;47-37;47-39;61-30;53-39;48-22,47-37,96,4
random,random_robot_96,10,6,1,SimpleHill,0-0,0,52,47-37,39-36;44-33;47-35;47-32;41-29;44-41,39-36,93,-3
random,random_robot_96,10,6,1,SimpleHill,0-0,0,53,39-36,38-39;33-33;38-37;39-45;37-42;47-34,39-45,97,4
random,random_robot_96,10,6,1,SimpleHill,0-0,0,54,39-45,38-37;30-46;43-39;35-45;41-46;47-40,35-45,95,-2
random,random_robot_96,10,6,1,SimpleHill,0-0,0,55,35-45,33-50;35-47;28-44;38-45;33-48;44-41,44-41,97,2
random,random_robot_96,10,6,1,SimpleHill,0-0,0,56,44-41,38-42;48-35;40-34;48-44;49-40;47-48,38-42,95,-2
random,random_robot_96,10,6,1,SimpleHill,0-0,0,57,38-42,46-44;42-41;44-45;43-49;41-33;42-37,43-49,99,4
random,random_robot_96,10,6,1,SimpleHill,0-0,0,58,43-49,35-49;33-49;48-47;44-49;40-42;51-49,40-42,96,-3
random,random_robot_96,10,6,1,SimpleHill,0-0,0,59,40-42,39-33;41-35;31-42;47-40;37-36;34-42,34-42,93,-3
random,random_robot_96,10,6,1,SimpleHill,0-0,0,60,34-42,38-38;38-51;28-48;30-49;43-38;39-49,39-49,97,4
random,random_robot_96,10,6,1,SimpleHill,0-0,0,61,39-49,39-58;33-43;41-48;42-56;43-42;37-49,42-56,98,1
random,random_robot_96,10,6,1,SimpleHill,0-0,0,62,42-56,40-56;36-51;42-52;38-64;42-46;45-59,36-51,96,-2
random,random_robot_96,10,6,1,SimpleHill,0-0,0,63,36-51,32-44;42-43;31-51;34-57;44-51;32-60,32-44,92,-4
random,random_robot_96,10,6,1,SimpleHill,0-0,0,64,32-44,30-41;33-45;37-51;26-51;37-52;34-37,37-51,96,4
random,random_robot_96,10,6,1,SimpleHill,0-0,0,65,37-51,35-60;37-61;42-56;29-47;45-45;38-59,38-59,95,-1
random,random_robot_96,10,6,1,SimpleHill,0-0,0,66,38-59,41-67;38-65;41-53;35-52;36-55;30-63,41-53,98,3
random,random_robot_96,10,6,1,SimpleHill,0-0,0,67,41-53,41-55;46-52;45-49;43-53;33-51;38-45,38-45,96,-2
random,random_robot_96,10,6,1,SimpleHill,0-0,0,68,38-45,31-46;38-55;39-51;39-37;32-40;40-44,40-44,97,1
random,random_robot_96,10,6,1,SimpleHill,0-0,0,69,40-44,49-43;45-41;34-37;40-52;39-37;36-49,36-49,96,-1
random,random_robot_96,10,6,1,SimpleHill,0-0,0,70,36-49,43-53;38-47;29-43;36-52;41-47;40-51,43-53,98,2
random,random_robot_96,10,6,1,SimpleHill,0-0,0,71,43-53,44-46;50-50;43-56;47-58;40-47;41-59,47-58,98,0
random,random_robot_96,10,6,1,SimpleHill,0-0,0,72,47-58,44-65;52-57;46-50;43-64;55-61;50-57,52-57,98,0
random,random_robot_96,10,6,1,SimpleHill,0-0,0,73,52-57,50-56;57-62;51-56;45-64;61-58;50-55,61-58,96,-2
random,random_robot_96,10,6,1,SimpleHill,0-0,0,74,61-58,57-66;57-64;62-49;59-64;54-61;65-58,65-58,94,-2
random,random_robot_96,10,6,1,SimpleHill,0-0,0,75,65-58,56-62;57-62;60-66;67-55;69-52;69-64,60-66,92,-2
random,random_robot_96,10,6,1,SimpleHill,0-0,0,76,60-66,58-61;55-67;67-70;62-66;66-61;64-64,64-64,92,0
random,random_robot_96,10,6,1,SimpleHill,0-0,0,77,64-64,58-57;57-61;66-59;66-61;70-60;57-62,70-60,90,-2
random,random_robot_96,10,6,1,SimpleHill,0-0,0,78,70-60,64-64;63-56;64-56;70-64;67-68;63-54,63-54,96,6
random,random_robot_96,10,6,1,SimpleHill,0-0,0,79,63-54,67-55;66-50;56-54;69-48;65-56;55-49,55-49,99,3
