simulation_type,subj_id,sight_radius,n_gabors,block_ix,landscape_name,starting_pos,starting_score,trial,pos,stims,selected,score,delta
random,random_robot_154,10,6,1,SimpleHill,0-0,0,0,0-0,9-4;4-8;4-4;5-1;8-2;6-6,4-8,22,22
random,random_robot_154,10,6,1,SimpleHill,0-0,0,1,4-8,7-11;6-11;4-4;11-12;4-3;5-15,5-15,35,13
random,random_robot_154,10,6,1,SimpleHill,0-0,0,2,5-15,11-20;8-16;7-7;8-11;0-19;11-18,11-18,49,14
random,random_robot_154,10,6,1,SimpleHill,0-0,0,3,11-18,5-11;12-13;15-10;6-23;4-12;19-13,19-13,53,4
random,random_robot_154,10,6,1,SimpleHill,0-0,0,4,19-13,24-8;22-22;15-9;16-22;25-11;14-14,25-11,57,4
random,random_robot_154,10,6,1,SimpleHill,0-0,0,5,25-11,24-9;26-14;30-3;22-3;21-3;32-15,22-3,40,-17
random,random_robot_154,10,6,1,SimpleHill,0-0,0,6,22-3,22-8;31-7;24-1;28-6;16-8;22-1,31-7,55,15
random,random_robot_154,10,6,1,SimpleHill,0-0,0,7,31-7,23-2;37-5;25-10;22-7;26-5;36-2,22-7,47,-8
random,random_robot_154,10,6,1,SimpleHill,0-0,0,8,22-7,14-2;25-5;20-12;26-4;22-3;19-15,26-4,46,-1
random,random_robot_154,10,6,1,SimpleHill,0-0,0,9,26-4,29-7;35-0;35-4;28-10;25-13;20-2,20-2,35,-11
random,random_robot_154,10,6,1,SimpleHill,0-0,0,10,20-2,29-2;25-5;17-9;13-5;17-2;28-4,13-5,32,-3
random,random_robot_154,10,6,1,SimpleHill,0-0,0,11,13-5,11-14;21-9;8-7;8-4;5-10;13-9,8-7,27,-5
random,random_robot_154,10,6,1,SimpleHill,0-0,0,12,8-7,12-5;14-7;17-10;13-11;15-4;5-2,14-7,37,10
random,random_robot_154,10,6,1,SimpleHill,0-0,0,13,14-7,19-1;20-6;7-9;13-3;18-8;12-4,19-1,32,-5
random,random_robot_154,10,6,1,SimpleHill,0-0,0,14,19-1,15-3;21-2;21-9;18-6;13-5;14-0,21-9,49,17
random,random_robot_154,10,6,1,SimpleHill,0-0,0,15,21-9,17-8;22-9;27-10;28-5;20-3;14-9,20-3,37,-12
random,random_robot_154,10,6,1,SimpleHill,0-0,0,16,20-3,21-5;21-6;29-6;17-11;27-5;25-5,21-5,42,5
random,random_robot_154,10,6,1,SimpleHill,0-0,0,17,21-5,21-4;16-13;21-3;18-4;21-13;25-3,21-13,55,13
random,random_robot_154,10,6,1,SimpleHill,0-0,0,18,21-13,26-20;22-21;27-9;25-13;24-14;27-13,22-21,67,12
random,random_robot_154,10,6,1,SimpleHill,0-0,0,19,22-21,23-21;19-17;18-20;19-23;25-16;26-15,19-17,59,-8
random,random_robot_154,10,6,1,SimpleHill,0-0,0,20,19-17,9-17;19-8;24-16;15-24;13-21;28-13,24-16,63,4
random,random_robot_154,10,6,1,SimpleHill,0-0,0,21,24-16,26-14;27-21;20-12;30-23;31-13;16-22,26-14,62,-1
random,random_robot_154,10,6,1,SimpleHill,0-0,0,22,26-14,24-21;33-12;21-17;27-18;29-8;27-19,33-12,65,3
random,random_robot_154,10,6,1,SimpleHill,0-0,0,23,33-12,27-10;36-3;37-14;35-16;41-10;29-7,35-16,72,7
random,random_robot_154,10,6,1,SimpleHill,0-0,0,24,35-16,35-18;29-14;34-18;33-12;37-25;36-14,34-18,74,2
random,random_robot_154,10,6,1,SimpleHill,0-0,0,25,34-18,37-20;28-23;41-17;39-11;35-16;28-24,41-17,76,2
random,random_robot_154,10,6,1,SimpleHill,0-0,0,26,41-17,34-21;48-24;32-15;49-17;45-23;34-12,45-23,84,8
random,random_robot_154,10,6,1,SimpleHill,0-0,0,27,45-23,52-20;51-28;39-18;39-22;42-17;41-19,51-28,90,6
random,random_robot_154,10,6,1,SimpleHill,0-0,0,28,51-28,53-19;52-35;47-35;51-31;59-34;50-33,53-19,80,-10
random,random_robot_154,10,6,1,SimpleHill,0-0,0,29,53-19,44-20;61-13;44-23;59-20;56-27;59-15,56-27,88,8
random,random_robot_154,10,6,1,SimpleHill,0-0,0,30,56-27,52-33;58-35;54-31;49-25;57-27;56-24,54-31,92,4
random,random_robot_154,10,6,1,SimpleHill,0-0,0,31,54-31,57-39;56-31;60-35;60-28;49-33;49-23,60-28,88,-4
random,random_robot_154,10,6,1,SimpleHill,0-0,0,32,60-28,63-34;57-37;58-37;62-33;57-24;62-31,62-33,91,3
random,random_robot_154,10,6,1,SimpleHill,0-0,0,33,62-33,53-30;59-29;64-39;63-30;58-30;60-29,60-29,89,-2
random,random_robot_154,10,6,1,SimpleHill,0-0,0,34,60-29,55-29;67-36;64-36;57-31;56-27;57-37,57-31,91,2
random,random_robot_154,10,6,1,SimpleHill,0-0,0,35,57-31,53-40;60-40;54-35;56-33;60-27;62-23,60-27,87,-4
random,random_robot_154,10,6,1,SimpleHill,0-0,0,36,60-27,56-36;61-34;56-30;54-20;62-28;62-34,61-34,92,5
random,random_robot_154,10,6,1,SimpleHill,0-0,0,37,61-34,67-27;64-28;57-31;63-25;59-33;57-39,63-25,84,-8
random,random_robot_154,10,6,1,SimpleHill,0-0,0,38,63-25,59-22;58-21;60-18;66-16;63-16;66-22,59-22,82,-2
random,random_robot_154,10,6,1,SimpleHill,0-0,0,39,59-22,62-27;67-22;62-17;63-28;58-25;55-14,67-22,78,-4
random,random_robot_154,10,6,1,SimpleHill,0-0,0,40,67-22,68-13;65-20;70-18;65-26;63-18;58-18,65-26,83,5
random,random_robot_154,10,6,1,SimpleHill,0-0,0,41,65-26,58-21;60-32;64-26;57-29;65-18;56-22,60-32,91,8
random,random_robot_154,10,6,1,SimpleHill,0-0,0,42,60-32,62-23;57-34;59-39;69-36;64-34;65-27,57-34,93,2
random,random_robot_154,10,6,1,SimpleHill,0-0,0,43,57-34,49-28;50-29;51-35;65-35;52-38;48-34,52-38,97,4
random,random_robot_154,10,6,1,SimpleHill,0-0,0,44,52-38,58-31;43-34;52-31;52-42;51-40;54-42,52-42,98,1
random,random_robot_154,10,6,1,SimpleHill,0-0,0,45,52-42,43-40;56-47;55-48;60-36;61-38;44-42,60-36,94,-4
random,random_robot_154,10,6,1,SimpleHill,0-0,0,46,60-36,67-30;61-28;61-43;65-38;60-44;53-33,61-28,87,-7
random,random_robot_154,10,6,1,SimpleHill,0-0,0,47,61-28,53-28;64-32;69-28;59-36;60-36;70-30,53-28,90,3
random,random_robot_154,10,6,1,SimpleHill,0-0,0,48,53-28,51-27;62-32;62-30;54-26;58-29;45-32,51-27,89,-1
random,random_robot_154,10,6,1,SimpleHill,0-0,0,49,51-27,53-27;44-26;45-19;57-21;57-27;57-19,57-27,88,-1
random,random_robot_154,10,6,1,SimpleHill,0-0,0,50,57-27,51-32;54-34;61-22;57-23;52-22;48-27,57-23,84,-4
random,random_robot_154,10,6,1,SimpleHill,0-0,0,51,57-23,54-20;53-27;50-16;56-17;61-19;50-23,61-19,78,-6
random,random_robot_154,10,6,1,SimpleHill,0-0,0,52,61-19,61-22;62-25;60-13;53-15;61-15;58-10,61-15,73,-5
random,random_robot_154,10,6,1,SimpleHill,0-0,0,53,61-15,70-15;59-8;53-14;56-23;55-10;66-17,59-8,63,-10
random,random_robot_154,10,6,1,SimpleHill,0-0,0,54,59-8,54-6;60-16;65-9;54-14;61-9;53-16,65-9,61,-2
random,random_robot_154,10,6,1,SimpleHill,0-0,0,55,65-9,64-5;63-8;68-18;60-13;57-9;61-14,60-13,70,9
random,random_robot_154,10,6,1,SimpleHill,0-0,0,56,60-13,63-5;63-7;58-6;61-4;68-8;61-11,63-5,56,-14
random,random_robot_154,10,6,1,SimpleHill,0-0,0,57,63-5,55-7;60-13;62-9;58-9;70-0;59-7,58-9,65,9
random,random_robot_154,10,6,1,SimpleHill,0-0,0,58,58-9,58-0;58-6;52-14;56-12;53-4;63-8,52-14,74,9
random,random_robot_154,10,6,1,SimpleHill,0-0,0,59,52-14,58-14;54-18;48-19;55-21;53-13;54-23,53-13,72,-2
random,random_robot_154,10,6,1,SimpleHill,0-0,0,60,53-13,50-4;48-13;51-7;53-10;54-6;57-21,54-6,60,-12
random,random_robot_154,10,6,1,SimpleHill,0-0,0,61,54-6,62-3;49-8;59-11;51-6;47-8;62-1,47-8,64,4
random,random_robot_154,10,6,1,SimpleHill,0-0,0,62,47-8,41-13;54-15;39-12;53-2;52-3;41-5,41-13,71,7
random,random_robot_154,10,6,1,SimpleHill,0-0,0,63,41-13,46-14;35-19;40-9;38-12;42-10;38-16,46-14,73,2
random,random_robot_154,10,6,1,SimpleHill,0-0,0,64,46-14,46-17;40-13;52-20;47-11;46-20;45-8,46-20,81,8
random,random_robot_154,10,6,1,SimpleHill,0-0,0,65,46-20,49-11;45-27;52-16;43-23;42-19;47-13,43-23,84,3
random,random_robot_154,10,6,1,SimpleHill,0-0,0,66,43-23,48-25;39-24;50-18;38-28;37-17;40-16,39-24,84,0
random,random_robot_154,10,6,1,SimpleHill,0-0,0,67,39-24,32-20;42-28;43-31;40-27;44-29;47-21,43-31,91,7
random,random_robot_154,10,6,1,SimpleHill,0-0,0,68,43-31,46-33;48-30;35-32;47-30;48-27;43-36,48-27,89,-2
random,random_robot_154,10,6,1,SimpleHill,0-0,0,69,48-27,51-22;47-18;53-29;44-18;42-34;54-24,42-34,93,4
random,random_robot_154,10,6,1,SimpleHill,0-0,0,70,42-34,45-27;34-31;44-34;43-40;38-26;42-27,38-26,85,-8
random,random_robot_154,10,6,1,SimpleHill,0-0,0,71,38-26,35-30;37-27;40-24;29-28;37-24;42-22,35-30,87,2
random,random_robot_154,10,6,1,SimpleHill,0-0,0,72,35-30,28-34;29-32;39-28;36-23;42-34;26-32,29-32,84,-3
random,random_robot_154,10,6,1,SimpleHill,0-0,0,73,29-32,21-35;35-27;27-38;22-35;31-32;29-30,21-35,78,-6
random,random_robot_154,10,6,1,SimpleHill,0-0,0,74,21-35,29-29;15-31;27-42;16-33;25-36;23-27,15-31,68,-10
random,random_robot_154,10,6,1,SimpleHill,0-0,0,75,15-31,22-27;18-39;13-23;18-28;17-40;7-30,18-28,69,1
random,random_robot_154,10,6,1,SimpleHill,0-0,0,76,18-28,14-25;18-20;24-27;18-31;13-21;15-27,14-25,61,-8
random,random_robot_154,10,6,1,SimpleHill,0-0,0,77,14-25,16-18;10-33;10-34;16-25;6-20;13-25,16-18,56,-5
random,random_robot_154,10,6,1,SimpleHill,0-0,0,78,16-18,11-16;16-10;18-27;13-22;9-12;18-18,11-16,46,-10
random,random_robot_154,10,6,1,SimpleHill,0-0,0,79,11-16,14-17;3-22;7-8;17-24;11-11;9-18,17-24,64,18
