simulation_type,subj_id,sight_radius,n_gabors,block_ix,landscape_name,starting_pos,starting_score,trial,pos,stims,selected,score,delta
random,random_robot_182,10,6,1,SimpleHill,0-0,0,0,0-0,8-4;7-1;0-1;4-1;3-0;6-0,6-0,11,11
random,random_robot_182,10,6,1,SimpleHill,0-0,0,1,6-0,13-2;6-0;4-7;14-2;9-0;3-4,6-0,11,0
random,random_robot_182,10,6,1,SimpleHill,0-0,0,2,6-0,13-2;7-0;12-6;16-0;9-8;2-7,13-2,26,15
random,random_robot_182,10,6,1,SimpleHill,0-0,0,3,13-2,22-3;8-5;12-11;19-8;4-4;21-6,12-11,40,14
random,random_robot_182,10,6,1,SimpleHill,0-0,0,4,12-11,14-5;17-13;15-4;18-17;3-8;20-16,15-4,33,-7
random,random_robot_182,10,6,1,SimpleHill,0-0,0,5,15-4,22-10;19-0;12-6;22-6;15-3;24-1,12-6,32,-1
random,random_robot_182,10,6,1,SimpleHill,0-0,0,6,12-6,13-3;11-3;6-2;18-14;6-7;21-4,6-2,15,-17
random,random_robot_182,10,6,1,SimpleHill,0-0,0,7,6-2,3-4;11-6;2-11;16-2;6-1;3-7,3-7,18,3
random,random_robot_182,10,6,1,SimpleHill,0-0,0,8,3-7,9-10;7-8;1-15;4-10;9-12;2-9,9-10,34,16
random,random_robot_182,10,6,1,SimpleHill,0-0,0,9,9-10,9-13;3-16;13-6;7-11;6-17;15-8,9-13,39,5
random,random_robot_182,10,6,1,SimpleHill,0-0,0,10,9-13,13-4;9-4;10-12;5-5;6-12;9-14,10-12,39,0
random,random_robot_182,10,6,1,SimpleHill,0-0,0,11,10-12,9-12;13-9;15-15;15-20;16-17;4-6,13-9,39,0
random,random_robot_182,10,6,1,SimpleHill,0-0,0,12,13-9,4-11;18-10;20-9;17-13;16-18;13-8,20-9,48,9
random,random_robot_182,10,6,1,SimpleHill,0-0,0,13,20-9,16-1;21-12;22-11;14-14;21-16;21-15,22-11,53,5
random,random_robot_182,10,6,1,SimpleHill,0-0,0,14,22-11,24-12;24-2;16-6;31-7;30-14;28-5,31-7,55,2
random,random_robot_182,10,6,1,SimpleHill,0-0,0,15,31-7,37-4;25-6;34-15;23-10;30-9;23-5,25-6,48,-7
random,random_robot_182,10,6,1,SimpleHill,0-0,0,16,25-6,33-5;25-16;27-3;33-4;34-5;25-1,33-5,53,5
random,random_robot_182,10,6,1,SimpleHill,0-0,0,17,33-5,26-11;42-9;29-12;42-7;32-9;37-0,42-9,65,12
random,random_robot_182,10,6,1,SimpleHill,0-0,0,18,42-9,41-12;45-6;42-2;47-16;36-12;42-14,42-14,72,7
random,random_robot_182,10,6,1,SimpleHill,0-0,0,19,42-14,49-9;44-9;46-21;38-18;37-13;51-17,49-9,66,-6
random,random_robot_182,10,6,1,SimpleHill,0-0,0,20,49-9,46-14;42-5;40-8;57-8;41-3;47-0,42-5,58,-8
random,random_robot_182,10,6,1,SimpleHill,0-0,0,21,42-5,41-10;35-8;44-5;37-13;41-5;44-3,41-5,57,-1
random,random_robot_182,10,6,1,SimpleHill,0-0,0,22,41-5,38-8;42-11;36-8;41-12;34-11;41-15,41-12,69,12
random,random_robot_182,10,6,1,SimpleHill,0-0,0,23,41-12,44-5;45-16;50-11;38-14;49-15;38-21,50-11,69,0
random,random_robot_182,10,6,1,SimpleHill,0-0,0,24,50-11,54-17;49-16;49-18;54-11;52-3;59-10,54-11,69,0
random,random_robot_182,10,6,1,SimpleHill,0-0,0,25,54-11,55-18;58-9;61-14;59-18;58-4;49-17,49-17,78,9
random,random_robot_182,10,6,1,SimpleHill,0-0,0,26,49-17,44-14;57-19;48-22;40-18;50-17;52-9,40-18,77,-1
random,random_robot_182,10,6,1,SimpleHill,0-0,0,27,40-18,32-17;40-13;36-21;41-15;34-19;42-20,41-15,73,-4
random,random_robot_182,10,6,1,SimpleHill,0-0,0,28,41-15,50-15;43-20;39-15;47-8;39-23;42-19,43-20,81,8
random,random_robot_182,10,6,1,SimpleHill,0-0,0,29,43-20,48-15;37-27;40-24;38-14;46-14;48-22,48-22,84,3
random,random_robot_182,10,6,1,SimpleHill,0-0,0,30,48-22,40-19;55-17;56-23;49-13;41-27;48-18,40-19,78,-6
random,random_robot_182,10,6,1,SimpleHill,0-0,0,31,40-19,43-15;35-27;48-17;38-18;48-24;47-13,47-13,72,-6
random,random_robot_182,10,6,1,SimpleHill,0-0,0,32,47-13,49-18;52-19;45-13;51-12;52-11;39-9,51-12,71,-1
random,random_robot_182,10,6,1,SimpleHill,0-0,0,33,51-12,46-5;58-15;60-11;48-8;43-16;53-20,46-5,59,-12
random,random_robot_182,10,6,1,SimpleHill,0-0,0,34,46-5,37-9;48-3;45-0;39-6;53-8;52-7,37-9,63,4
random,random_robot_182,10,6,1,SimpleHill,0-0,0,35,37-9,32-14;38-4;42-15;34-16;41-18;39-10,42-15,74,11
random,random_robot_182,10,6,1,SimpleHill,0-0,0,36,42-15,44-8;35-17;37-22;38-22;36-19;42-21,36-19,76,2
random,random_robot_182,10,6,1,SimpleHill,0-0,0,37,36-19,45-16;41-15;39-24;36-12;37-10;33-16,36-12,67,-9
random,random_robot_182,10,6,1,SimpleHill,0-0,0,38,36-12,26-12;43-10;35-12;40-14;39-3;36-13,39-3,53,-14
random,random_robot_182,10,6,1,SimpleHill,0-0,0,39,39-3,33-4;41-12;34-10;36-11;46-2;34-9,36-11,65,12
random,random_robot_182,10,6,1,SimpleHill,0-0,0,40,36-11,36-17;45-8;40-14;36-9;27-9;35-7,45-8,64,-1
random,random_robot_182,10,6,1,SimpleHill,0-0,0,41,45-8,45-0;39-9;46-11;41-6;46-15;54-5,41-6,59,-5
random,random_robot_182,10,6,1,SimpleHill,0-0,0,42,41-6,45-7;45-14;33-9;43-3;33-10;40-0,40-0,48,-11
random,random_robot_182,10,6,1,SimpleHill,0-0,0,43,40-0,39-1;35-2;47-4;46-4;45-3;34-5,45-3,55,7
random,random_robot_182,10,6,1,SimpleHill,0-0,0,44,45-3,49-3;44-9;39-7;50-4;52-6;42-3,50-4,57,2
random,random_robot_182,10,6,1,SimpleHill,0-0,0,45,50-4,56-1;47-11;47-8;53-7;53-12;47-6,53-12,70,13
random,random_robot_182,10,6,1,SimpleHill,0-0,0,46,53-12,59-17;58-9;49-4;49-11;60-11;45-10,59-17,76,6
random,random_robot_182,10,6,1,SimpleHill,0-0,0,47,59-17,63-22;62-11;60-23;55-14;59-15;56-22,63-22,80,4
random,random_robot_182,10,6,1,SimpleHill,0-0,0,48,63-22,64-16;67-30;56-17;59-17;63-29;69-17,63-29,87,7
random,random_robot_182,10,6,1,SimpleHill,0-0,0,49,63-29,64-22;62-28;61-38;60-38;59-31;57-31,61-38,94,7
random,random_robot_182,10,6,1,SimpleHill,0-0,0,50,61-38,58-30;55-30;57-34;63-34;60-45;57-42,60-45,97,3
random,random_robot_182,10,6,1,SimpleHill,0-0,0,51,60-45,54-41;57-42;59-40;58-43;51-41;60-47,51-41,98,1
random,random_robot_182,10,6,1,SimpleHill,0-0,0,52,51-41,48-42;47-39;47-35;51-45;48-46;45-37,47-35,95,-3
random,random_robot_182,10,6,1,SimpleHill,0-0,0,53,47-35,52-27;57-35;45-39;47-36;43-29;38-33,57-35,94,-1
random,random_robot_182,10,6,1,SimpleHill,0-0,0,54,57-35,60-38;64-30;60-43;64-35;53-27;57-36,53-27,89,-5
random,random_robot_182,10,6,1,SimpleHill,0-0,0,55,53-27,57-30;47-20;53-26;48-21;54-30;51-30,48-21,83,-6
random,random_robot_182,10,6,1,SimpleHill,0-0,0,56,48-21,46-18;45-21;47-21;43-26;44-19;48-31,43-26,87,4
random,random_robot_182,10,6,1,SimpleHill,0-0,0,57,43-26,48-31;47-24;47-23;51-25;44-35;50-22,47-24,86,-1
random,random_robot_182,10,6,1,SimpleHill,0-0,0,58,47-24,55-22;45-24;51-26;43-22;49-33;44-25,55-22,83,-3
random,random_robot_182,10,6,1,SimpleHill,0-0,0,59,55-22,60-21;53-17;58-20;46-25;53-29;61-22,60-21,81,-2
random,random_robot_182,10,6,1,SimpleHill,0-0,0,60,60-21,56-15;58-28;60-11;68-18;70-21;53-16,56-15,74,-7
random,random_robot_182,10,6,1,SimpleHill,0-0,0,61,56-15,49-20;54-16;52-15;52-12;47-17;48-18,48-18,79,5
random,random_robot_182,10,6,1,SimpleHill,0-0,0,62,48-18,43-22;50-20;46-27;41-20;54-20;53-25,50-20,82,3
random,random_robot_182,10,6,1,SimpleHill,0-0,0,63,50-20,48-11;44-21;53-22;46-14;50-10;55-24,53-22,84,2
random,random_robot_182,10,6,1,SimpleHill,0-0,0,64,53-22,48-18;55-14;55-25;46-26;45-16;57-25,57-25,86,2
random,random_robot_182,10,6,1,SimpleHill,0-0,0,65,57-25,58-28;56-23;53-17;50-19;52-33;49-31,58-28,89,3
random,random_robot_182,10,6,1,SimpleHill,0-0,0,66,58-28,56-35;59-30;66-26;56-25;55-20;60-22,56-25,86,-3
random,random_robot_182,10,6,1,SimpleHill,0-0,0,67,56-25,64-22;51-18;48-28;60-34;55-18;54-28,64-22,80,-6
random,random_robot_182,10,6,1,SimpleHill,0-0,0,68,64-22,67-30;70-30;67-26;68-26;65-17;56-26,70-30,84,4
random,random_robot_182,10,6,1,SimpleHill,0-0,0,69,70-30,64-24;69-22;69-36;64-25;67-25;62-30,64-24,82,-2
random,random_robot_182,10,6,1,SimpleHill,0-0,0,70,64-24,59-26;57-18;55-26;68-16;59-29;58-23,55-26,87,5
random,random_robot_182,10,6,1,SimpleHill,0-0,0,71,55-26,50-30;48-21;59-33;49-18;58-25;62-19,49-18,79,-8
random,random_robot_182,10,6,1,SimpleHill,0-0,0,72,49-18,51-23;48-12;50-14;50-22;57-23;53-10,53-10,67,-12
random,random_robot_182,10,6,1,SimpleHill,0-0,0,73,53-10,61-5;50-4;61-6;45-14;53-6;50-12,45-14,73,6
random,random_robot_182,10,6,1,SimpleHill,0-0,0,74,45-14,37-13;50-16;38-17;36-14;37-16;47-12,38-17,75,2
random,random_robot_182,10,6,1,SimpleHill,0-0,0,75,38-17,37-15;37-11;45-22;29-17;47-20;31-14,45-22,83,8
random,random_robot_182,10,6,1,SimpleHill,0-0,0,76,45-22,53-23;37-24;43-21;43-26;50-19;52-26,43-21,82,-1
random,random_robot_182,10,6,1,SimpleHill,0-0,0,77,43-21,41-12;40-26;52-21;45-24;44-29;36-20,41-12,69,-13
random,random_robot_182,10,6,1,SimpleHill,0-0,0,78,41-12,46-17;46-11;40-9;35-20;32-10;40-12,46-17,77,8
random,random_robot_182,10,6,1,SimpleHill,0-0,0,79,46-17,40-12;39-18;49-22;44-8;47-9;47-12,49-22,84,7
