simulation_type,subj_id,sight_radius,n_gabors,block_ix,landscape_name,starting_pos,starting_score,trial,pos,stims,selected,score,delta
random,random_robot_25,10,6,1,SimpleHill,0-0,0,0,0-0,8-5;4-0;3-5;6-6;1-2;3-6,1-2,5,5
random,random_robot_25,10,6,1,SimpleHill,0-0,0,1,1-2,5-5;7-4;1-10;0-2;6-5;4-0,1-10,19,14
random,random_robot_25,10,6,1,SimpleHill,0-0,0,2,1-10,3-1;10-13;2-4;3-18;7-15;6-4,6-4,18,-1
random,random_robot_25,10,6,1,SimpleHill,0-0,0,3,6-4,13-3;5-10;5-3;12-0;13-10;8-9,13-10,40,22
random,random_robot_25,10,6,1,SimpleHill,0-0,0,4,13-10,13-20;20-11;16-5;11-1;8-11;17-2,16-5,36,-4
random,random_robot_25,10,6,1,SimpleHill,0-0,0,5,16-5,21-5;15-5;11-13;10-8;13-7;14-2,14-2,28,-8
random,random_robot_25,10,6,1,SimpleHill,0-0,0,6,14-2,16-10;14-10;12-0;5-5;12-11;7-1,16-10,44,16
random,random_robot_25,10,6,1,SimpleHill,0-0,0,7,16-10,17-1;12-5;15-12;14-19;11-15;16-3,11-15,45,1
random,random_robot_25,10,6,1,SimpleHill,0-0,0,8,11-15,14-8;12-17;5-12;20-15;8-22;3-17,8-22,49,4
random,random_robot_25,10,6,1,SimpleHill,0-0,0,9,8-22,17-20;14-18;6-20;14-29;9-14;3-15,14-18,53,4
random,random_robot_25,10,6,1,SimpleHill,0-0,0,10,14-18,7-18;18-10;13-14;17-11;12-26;11-14,11-14,43,-10
random,random_robot_25,10,6,1,SimpleHill,0-0,0,11,11-14,20-14;8-5;15-23;5-18;4-16;4-12,4-16,34,-9
random,random_robot_25,10,6,1,SimpleHill,0-0,0,12,4-16,5-11;12-18;1-13;8-24;0-25;6-25,6-25,48,14
random,random_robot_25,10,6,1,SimpleHill,0-0,0,13,6-25,8-32;7-17;5-25;12-32;12-17;8-27,7-17,41,-7
random,random_robot_25,10,6,1,SimpleHill,0-0,0,14,7-17,5-9;9-15;0-20;15-22;11-18;1-12,15-22,59,18
random,random_robot_25,10,6,1,SimpleHill,0-0,0,15,15-22,16-26;17-13;10-24;17-26;11-24;12-19,16-26,65,6
random,random_robot_25,10,6,1,SimpleHill,0-0,0,16,16-26,14-26;23-19;20-25;23-33;17-29;23-28,23-33,79,14
random,random_robot_25,10,6,1,SimpleHill,0-0,0,17,23-33,27-34;22-36;18-35;18-31;16-35;26-25,16-35,72,-7
random,random_robot_25,10,6,1,SimpleHill,0-0,0,18,16-35,9-29;24-33;20-34;24-38;16-27;17-41,17-41,76,4
random,random_robot_25,10,6,1,SimpleHill,0-0,0,19,17-41,15-45;13-46;14-34;19-33;18-34;9-45,19-33,75,-1
random,random_robot_25,10,6,1,SimpleHill,0-0,0,20,19-33,21-25;17-41;11-39;19-40;23-34;15-34,17-41,76,1
random,random_robot_25,10,6,1,SimpleHill,0-0,0,21,17-41,25-37;19-45;14-33;21-42;15-43;21-44,25-37,84,8
random,random_robot_25,10,6,1,SimpleHill,0-0,0,22,25-37,20-41;33-38;34-33;24-28;26-33;21-39,33-38,91,7
random,random_robot_25,10,6,1,SimpleHill,0-0,0,23,33-38,29-32;35-38;29-36;35-37;25-34;29-45,29-32,84,-7
random,random_robot_25,10,6,1,SimpleHill,0-0,0,24,29-32,26-27;30-27;36-26;27-36;24-37;33-24,24-37,83,-1
random,random_robot_25,10,6,1,SimpleHill,0-0,0,25,24-37,25-38;30-37;21-40;23-33;23-31;18-40,18-40,77,-6
random,random_robot_25,10,6,1,SimpleHill,0-0,0,26,18-40,9-36;18-48;24-35;25-47;14-37;11-38,24-35,81,4
random,random_robot_25,10,6,1,SimpleHill,0-0,0,27,24-35,21-33;32-41;18-34;15-32;19-36;21-27,21-27,72,-9
random,random_robot_25,10,6,1,SimpleHill,0-0,0,28,21-27,15-31;12-27;29-25;27-24;28-26;19-29,28-26,78,6
random,random_robot_25,10,6,1,SimpleHill,0-0,0,29,28-26,33-33;30-30;33-29;34-33;26-34;31-30,30-30,84,6
random,random_robot_25,10,6,1,SimpleHill,0-0,0,30,30-30,28-31;39-32;27-29;25-32;30-27;39-28,28-31,83,-1
random,random_robot_25,10,6,1,SimpleHill,0-0,0,31,28-31,32-25;28-31;26-22;29-25;28-21;34-27,26-22,72,-11
random,random_robot_25,10,6,1,SimpleHill,0-0,0,32,26-22,24-18;28-14;27-24;21-22;21-23;17-24,21-23,68,-4
random,random_robot_25,10,6,1,SimpleHill,0-0,0,33,21-23,17-25;24-18;28-20;28-21;29-29;25-24,28-20,72,4
random,random_robot_25,10,6,1,SimpleHill,0-0,0,34,28-20,32-18;24-24;25-17;31-22;26-19;37-23,24-24,72,0
random,random_robot_25,10,6,1,SimpleHill,0-0,0,35,24-24,17-20;21-22;18-22;31-31;22-25;19-22,31-31,85,13
random,random_robot_25,10,6,1,SimpleHill,0-0,0,36,31-31,25-27;36-29;30-29;37-25;39-28;25-29,36-29,87,2
random,random_robot_25,10,6,1,SimpleHill,0-0,0,37,36-29,38-22;36-32;35-29;29-31;41-28;30-31,35-29,86,-1
random,random_robot_25,10,6,1,SimpleHill,0-0,0,38,35-29,37-34;37-21;43-26;29-25;41-34;26-30,41-34,93,7
random,random_robot_25,10,6,1,SimpleHill,0-0,0,39,41-34,34-28;33-37;33-31;47-41;36-29;33-36,36-29,87,-6
random,random_robot_25,10,6,1,SimpleHill,0-0,0,40,36-29,34-23;32-37;27-29;41-30;29-35;44-23,27-29,80,-7
random,random_robot_25,10,6,1,SimpleHill,0-0,0,41,27-29,19-26;27-27;22-26;36-26;33-22;22-24,22-24,70,-10
random,random_robot_25,10,6,1,SimpleHill,0-0,0,42,22-24,22-26;18-19;15-31;25-19;13-27;23-28,22-26,72,2
random,random_robot_25,10,6,1,SimpleHill,0-0,0,43,22-26,29-28;15-30;21-29;28-19;25-34;21-33,28-19,71,-1
random,random_robot_25,10,6,1,SimpleHill,0-0,0,44,28-19,27-11;30-14;22-18;37-19;27-21;31-19,27-11,59,-12
random,random_robot_25,10,6,1,SimpleHill,0-0,0,45,27-11,28-16;22-17;20-17;24-14;34-7;24-17,34-7,57,-2
random,random_robot_25,10,6,1,SimpleHill,0-0,0,46,34-7,40-13;31-4;34-14;27-8;40-3;40-0,34-14,68,11
random,random_robot_25,10,6,1,SimpleHill,0-0,0,47,34-14,29-11;34-11;35-15;39-14;27-10;28-13,28-13,62,-6
random,random_robot_25,10,6,1,SimpleHill,0-0,0,48,28-13,27-10;23-18;34-10;24-5;34-12;23-9,23-18,64,2
random,random_robot_25,10,6,1,SimpleHill,0-0,0,49,23-18,30-17;22-18;22-12;23-21;29-20;25-20,22-18,63,-1
random,random_robot_25,10,6,1,SimpleHill,0-0,0,50,22-18,19-27;24-13;24-16;25-20;21-13;20-24,19-27,70,7
random,random_robot_25,10,6,1,SimpleHill,0-0,0,51,19-27,15-20;23-26;24-26;12-23;23-36;27-30,12-23,56,-14
random,random_robot_25,10,6,1,SimpleHill,0-0,0,52,12-23,20-27;12-18;18-22;15-19;16-17;19-25,18-22,63,7
random,random_robot_25,10,6,1,SimpleHill,0-0,0,53,18-22,18-31;26-25;18-17;16-25;12-14;14-16,16-25,64,1
random,random_robot_25,10,6,1,SimpleHill,0-0,0,54,16-25,16-19;20-23;21-25;12-19;22-26;7-25,21-25,70,6
random,random_robot_25,10,6,1,SimpleHill,0-0,0,55,21-25,26-22;14-30;21-33;12-27;28-24;27-24,27-24,75,5
random,random_robot_25,10,6,1,SimpleHill,0-0,0,56,27-24,18-26;23-19;31-21;24-18;26-29;21-21,26-29,79,4
random,random_robot_25,10,6,1,SimpleHill,0-0,0,57,26-29,22-30;22-20;24-32;18-33;19-26;18-30,18-33,73,-6
random,random_robot_25,10,6,1,SimpleHill,0-0,0,58,18-33,13-39;10-27;14-39;19-38;25-40;17-30,14-39,71,-2
random,random_robot_25,10,6,1,SimpleHill,0-0,0,59,14-39,14-39;11-32;14-45;7-35;15-41;19-43,11-32,63,-8
random,random_robot_25,10,6,1,SimpleHill,0-0,0,60,11-32,11-24;17-24;15-33;18-30;16-39;19-26,18-30,71,8
random,random_robot_25,10,6,1,SimpleHill,0-0,0,61,18-30,22-27;18-28;26-25;12-33;22-30;10-28,10-28,58,-13
random,random_robot_25,10,6,1,SimpleHill,0-0,0,62,10-28,10-19;18-34;17-27;9-22;12-24;12-27,17-27,67,9
random,random_robot_25,10,6,1,SimpleHill,0-0,0,63,17-27,16-22;24-34;23-20;11-33;9-31;18-31,23-20,67,0
random,random_robot_25,10,6,1,SimpleHill,0-0,0,64,23-20,19-28;14-20;23-23;25-26;32-22;17-13,25-26,75,8
random,random_robot_25,10,6,1,SimpleHill,0-0,0,65,25-26,29-29;18-29;20-21;22-22;18-21;28-26,20-21,65,-10
random,random_robot_25,10,6,1,SimpleHill,0-0,0,66,20-21,17-20;14-14;18-23;24-29;22-27;16-29,22-27,73,8
random,random_robot_25,10,6,1,SimpleHill,0-0,0,67,22-27,19-35;26-29;17-35;22-27;21-28;18-19,19-35,76,3
random,random_robot_25,10,6,1,SimpleHill,0-0,0,68,19-35,25-29;16-38;26-35;25-34;27-36;20-26,25-34,82,6
random,random_robot_25,10,6,1,SimpleHill,0-0,0,69,25-34,31-37;16-31;25-33;30-28;25-26;29-28,29-28,81,-1
random,random_robot_25,10,6,1,SimpleHill,0-0,0,70,29-28,32-21;25-30;26-28;36-34;36-33;25-33,25-33,81,0
random,random_robot_25,10,6,1,SimpleHill,0-0,0,71,25-33,32-28;26-28;32-29;25-39;19-30;29-37,29-37,87,6
random,random_robot_25,10,6,1,SimpleHill,0-0,0,72,29-37,37-41;32-36;37-43;24-29;36-36;29-30,29-30,83,-4
random,random_robot_25,10,6,1,SimpleHill,0-0,0,73,29-30,35-36;33-39;31-22;33-21;21-32;27-38,27-38,86,3
random,random_robot_25,10,6,1,SimpleHill,0-0,0,74,27-38,20-43;31-34;36-34;33-32;28-43;19-32,33-32,87,1
random,random_robot_25,10,6,1,SimpleHill,0-0,0,75,33-32,34-35;35-38;42-35;30-35;34-34;28-31,42-35,94,7
random,random_robot_25,10,6,1,SimpleHill,0-0,0,76,42-35,36-39;37-28;39-42;50-37;48-34;43-35,48-34,94,0
random,random_robot_25,10,6,1,SimpleHill,0-0,0,77,48-34,44-42;48-27;56-31;51-42;55-41;43-34,55-41,97,3
random,random_robot_25,10,6,1,SimpleHill,0-0,0,78,55-41,54-48;60-45;54-50;56-41;51-46;58-48,58-48,98,1
random,random_robot_25,10,6,1,SimpleHill,0-0,0,79,58-48,65-54;58-40;59-52;57-45;58-42;62-53,65-54,95,-3
