simulation_type,subj_id,sight_radius,n_gabors,block_ix,landscape_name,starting_pos,starting_score,trial,pos,stims,selected,score,delta
random,random_robot_177,10,6,1,SimpleHill,0-0,0,0,0-0,8-3;6-5;8-0;2-5;4-2;4-6,6-5,20,20
random,random_robot_177,10,6,1,SimpleHill,0-0,0,1,6-5,2-11;9-14;12-10;10-3;4-13;10-10,4-13,30,10
random,random_robot_177,10,6,1,SimpleHill,0-0,0,2,4-13,3-7;1-9;0-13;0-22;7-5;3-22,0-22,34,4
random,random_robot_177,10,6,1,SimpleHill,0-0,0,3,0-22,1-27;5-19;4-18;7-24;0-24;9-23,0-24,36,2
random,random_robot_177,10,6,1,SimpleHill,0-0,0,4,0-24,1-23;8-30;2-27;7-17;3-29;8-24,8-30,56,20
random,random_robot_177,10,6,1,SimpleHill,0-0,0,5,8-30,14-23;15-25;7-34;5-32;4-22;2-35,2-35,49,-7
random,random_robot_177,10,6,1,SimpleHill,0-0,0,6,2-35,5-39;1-38;5-41;2-27;3-28;5-40,5-41,57,8
random,random_robot_177,10,6,1,SimpleHill,0-0,0,7,5-41,12-47;4-39;5-31;6-48;0-47;5-36,4-39,55,-2
random,random_robot_177,10,6,1,SimpleHill,0-0,0,8,4-39,3-32;12-36;4-36;1-47;0-47;2-42,4-36,53,-2
random,random_robot_177,10,6,1,SimpleHill,0-0,0,9,4-36,7-39;3-33;8-44;12-33;0-41;9-34,0-41,48,-5
random,random_robot_177,10,6,1,SimpleHill,0-0,0,10,0-41,1-48;1-45;4-38;5-46;0-45;3-42,3-42,54,6
random,random_robot_177,10,6,1,SimpleHill,0-0,0,11,3-42,2-47;11-45;6-41;4-41;2-49;6-33,2-49,53,-1
random,random_robot_177,10,6,1,SimpleHill,0-0,0,12,2-49,5-40;5-50;7-55;8-57;12-49;7-49,7-49,63,10
random,random_robot_177,10,6,1,SimpleHill,0-0,0,13,7-49,10-40;9-45;9-40;10-52;10-57;2-48,10-52,67,4
random,random_robot_177,10,6,1,SimpleHill,0-0,0,14,10-52,2-50;17-46;7-58;11-45;14-61;13-51,17-46,77,10
random,random_robot_177,10,6,1,SimpleHill,0-0,0,15,17-46,25-43;10-41;22-41;22-51;21-54;15-42,25-43,86,9
random,random_robot_177,10,6,1,SimpleHill,0-0,0,16,25-43,34-40;31-35;28-39;24-35;24-39;20-41,31-35,88,2
random,random_robot_177,10,6,1,SimpleHill,0-0,0,17,31-35,38-33;25-43;33-29;37-30;23-39;28-33,23-39,83,-5
random,random_robot_177,10,6,1,SimpleHill,0-0,0,18,23-39,28-34;23-40;22-39;19-47;19-39;26-44,28-34,85,2
random,random_robot_177,10,6,1,SimpleHill,0-0,0,19,28-34,27-31;35-29;31-30;30-42;28-41;30-34,28-41,88,3
random,random_robot_177,10,6,1,SimpleHill,0-0,0,20,28-41,27-40;34-39;24-39;31-39;30-47;25-38,27-40,87,-1
random,random_robot_177,10,6,1,SimpleHill,0-0,0,21,27-40,23-36;27-37;33-47;20-38;18-43;28-43,27-37,86,-1
random,random_robot_177,10,6,1,SimpleHill,0-0,0,22,27-37,34-38;30-46;18-41;19-34;25-42;28-43,34-38,92,6
random,random_robot_177,10,6,1,SimpleHill,0-0,0,23,34-38,37-41;42-41;38-42;33-47;39-32;27-40,39-32,91,-1
random,random_robot_177,10,6,1,SimpleHill,0-0,0,24,39-32,47-33;35-28;33-34;36-33;41-41;36-34,36-34,90,-1
random,random_robot_177,10,6,1,SimpleHill,0-0,0,25,36-34,29-32;33-42;35-28;45-35;37-40;34-34,37-40,94,4
random,random_robot_177,10,6,1,SimpleHill,0-0,0,26,37-40,41-41;45-46;44-45;28-36;44-43;34-48,34-48,94,0
random,random_robot_177,10,6,1,SimpleHill,0-0,0,27,34-48,38-49;30-54;42-49;34-46;37-49;31-56,30-54,91,-3
random,random_robot_177,10,6,1,SimpleHill,0-0,0,28,30-54,23-51;29-53;23-60;34-47;36-52;25-61,23-60,83,-8
random,random_robot_177,10,6,1,SimpleHill,0-0,0,29,23-60,27-57;24-59;20-54;26-58;23-51;30-54,23-51,85,2
random,random_robot_177,10,6,1,SimpleHill,0-0,0,30,23-51,19-47;26-50;17-44;16-50;30-45;17-50,16-50,76,-9
random,random_robot_177,10,6,1,SimpleHill,0-0,0,31,16-50,20-51;19-43;26-50;10-47;19-49;13-50,13-50,72,-4
random,random_robot_177,10,6,1,SimpleHill,0-0,0,32,13-50,10-54;14-54;20-45;18-58;10-58;8-44,10-58,66,-6
random,random_robot_177,10,6,1,SimpleHill,0-0,0,33,10-58,14-49;20-58;18-62;8-56;8-52;4-62,14-49,74,8
random,random_robot_177,10,6,1,SimpleHill,0-0,0,34,14-49,8-52;19-43;5-45;10-45;22-45;13-50,10-45,67,-7
random,random_robot_177,10,6,1,SimpleHill,0-0,0,35,10-45,15-50;12-36;7-41;14-48;1-44;14-50,12-36,67,0
random,random_robot_177,10,6,1,SimpleHill,0-0,0,36,12-36,13-41;4-34;17-37;18-41;6-37;21-33,21-33,77,10
random,random_robot_177,10,6,1,SimpleHill,0-0,0,37,21-33,29-34;17-31;15-39;24-33;21-32;17-29,17-31,71,-6
random,random_robot_177,10,6,1,SimpleHill,0-0,0,38,17-31,21-35;10-26;24-27;12-39;21-23;11-35,21-23,68,-3
random,random_robot_177,10,6,1,SimpleHill,0-0,0,39,21-23,19-23;29-29;27-21;13-29;22-22;28-19,22-22,68,0
random,random_robot_177,10,6,1,SimpleHill,0-0,0,40,22-22,14-23;18-14;26-16;19-22;20-22;20-18,18-14,53,-15
random,random_robot_177,10,6,1,SimpleHill,0-0,0,41,18-14,22-7;17-22;22-14;25-18;10-18;18-5,22-7,47,-6
random,random_robot_177,10,6,1,SimpleHill,0-0,0,42,22-7,15-0;15-13;23-3;31-8;14-11;22-13,22-13,56,9
random,random_robot_177,10,6,1,SimpleHill,0-0,0,43,22-13,17-14;14-19;19-18;20-7;22-19;26-6,17-14,52,-4
random,random_robot_177,10,6,1,SimpleHill,0-0,0,44,17-14,19-7;16-20;15-23;21-13;20-23;17-10,20-23,67,15
random,random_robot_177,10,6,1,SimpleHill,0-0,0,45,20-23,21-22;23-17;14-31;27-23;23-25;17-27,27-23,74,7
random,random_robot_177,10,6,1,SimpleHill,0-0,0,46,27-23,21-18;20-27;34-26;27-26;28-15;23-22,23-22,69,-5
random,random_robot_177,10,6,1,SimpleHill,0-0,0,47,23-22,18-24;20-25;23-15;18-26;17-23;31-18,18-24,66,-3
random,random_robot_177,10,6,1,SimpleHill,0-0,0,48,18-24,24-24;20-32;20-25;22-30;26-21;23-19,23-19,66,0
random,random_robot_177,10,6,1,SimpleHill,0-0,0,49,23-19,18-18;19-10;19-20;29-26;14-18;30-21,18-18,59,-7
random,random_robot_177,10,6,1,SimpleHill,0-0,0,50,18-18,14-15;19-9;18-9;24-13;21-21;25-11,18-9,45,-14
random,random_robot_177,10,6,1,SimpleHill,0-0,0,51,18-9,10-11;19-17;20-12;15-18;24-2;24-4,24-4,44,-1
random,random_robot_177,10,6,1,SimpleHill,0-0,0,52,24-4,19-10;22-13;27-9;25-6;25-10;21-6,21-6,44,0
random,random_robot_177,10,6,1,SimpleHill,0-0,0,53,21-6,26-11;14-4;28-11;25-1;16-6;29-6,29-6,52,8
random,random_robot_177,10,6,1,SimpleHill,0-0,0,54,29-6,25-11;22-1;21-9;37-11;37-12;31-13,25-11,57,5
random,random_robot_177,10,6,1,SimpleHill,0-0,0,55,25-11,32-7;19-14;21-12;33-10;28-20;20-15,28-20,72,15
random,random_robot_177,10,6,1,SimpleHill,0-0,0,56,28-20,23-23;21-14;24-21;26-26;31-12;25-20,26-26,76,4
random,random_robot_177,10,6,1,SimpleHill,0-0,0,57,26-26,20-21;24-30;30-23;30-28;32-23;35-26,30-23,77,1
random,random_robot_177,10,6,1,SimpleHill,0-0,0,58,30-23,22-27;34-25;32-23;30-32;31-31;26-21,30-32,85,8
random,random_robot_177,10,6,1,SimpleHill,0-0,0,59,30-32,27-36;25-24;30-23;34-25;32-31;30-34,32-31,86,1
random,random_robot_177,10,6,1,SimpleHill,0-0,0,60,32-31,38-23;41-35;36-34;34-40;28-28;32-40,28-28,80,-6
random,random_robot_177,10,6,1,SimpleHill,0-0,0,61,28-28,36-32;35-34;36-22;25-21;28-32;31-36,28-32,83,3
random,random_robot_177,10,6,1,SimpleHill,0-0,0,62,28-32,36-30;31-36;29-32;36-34;34-24;30-23,36-34,90,7
random,random_robot_177,10,6,1,SimpleHill,0-0,0,63,36-34,40-38;44-28;42-26;38-35;28-36;39-30,42-26,87,-3
random,random_robot_177,10,6,1,SimpleHill,0-0,0,64,42-26,33-29;42-22;47-30;35-26;45-29;48-30,45-29,90,3
random,random_robot_177,10,6,1,SimpleHill,0-0,0,65,45-29,40-24;37-33;52-32;49-27;50-34;47-35,40-24,84,-6
random,random_robot_177,10,6,1,SimpleHill,0-0,0,66,40-24,46-21;46-28;35-25;45-30;38-25;47-24,46-28,90,6
random,random_robot_177,10,6,1,SimpleHill,0-0,0,67,46-28,49-28;45-22;50-34;52-23;47-35;39-21,45-22,83,-7
random,random_robot_177,10,6,1,SimpleHill,0-0,0,68,45-22,51-14;41-22;40-28;46-30;53-26;43-20,40-28,88,5
random,random_robot_177,10,6,1,SimpleHill,0-0,0,69,40-28,48-29;33-33;46-32;35-36;42-30;42-20,35-36,91,3
random,random_robot_177,10,6,1,SimpleHill,0-0,0,70,35-36,36-31;30-34;41-41;31-42;36-36;31-41,41-41,96,5
random,random_robot_177,10,6,1,SimpleHill,0-0,0,71,41-41,33-39;37-48;45-40;36-43;40-44;36-37,45-40,97,1
random,random_robot_177,10,6,1,SimpleHill,0-0,0,72,45-40,50-33;52-37;36-43;54-40;46-37;37-42,52-37,96,-1
random,random_robot_177,10,6,1,SimpleHill,0-0,0,73,52-37,57-32;60-41;54-29;52-31;53-45;46-41,52-31,92,-4
random,random_robot_177,10,6,1,SimpleHill,0-0,0,74,52-31,61-31;48-33;47-33;57-24;57-39;52-35,57-39,96,4
random,random_robot_177,10,6,1,SimpleHill,0-0,0,75,57-39,59-44;66-43;53-43;55-31;52-41;58-41,58-41,97,1
random,random_robot_177,10,6,1,SimpleHill,0-0,0,76,58-41,54-33;56-40;62-42;56-36;53-49;62-45,53-49,99,2
random,random_robot_177,10,6,1,SimpleHill,0-0,0,77,53-49,61-50;45-45;48-53;59-44;50-40;56-43,59-44,97,-2
random,random_robot_177,10,6,1,SimpleHill,0-0,0,78,59-44,64-36;63-45;56-46;56-41;67-41;57-52,56-46,98,1
random,random_robot_177,10,6,1,SimpleHill,0-0,0,79,56-46,49-46;50-49;58-55;47-48;53-53;65-46,47-48,99,1
