simulation_type,subj_id,sight_radius,n_gabors,block_ix,landscape_name,starting_pos,starting_score,trial,pos,stims,selected,score,delta
random,random_robot_72,10,6,1,SimpleHill,0-0,0,0,0-0,9-4;1-0;4-4;8-6;5-7;4-2,9-4,24,24
random,random_robot_72,10,6,1,SimpleHill,0-0,0,1,9-4,12-13;13-9;8-1;9-14;13-11;9-6,9-14,40,16
random,random_robot_72,10,6,1,SimpleHill,0-0,0,2,9-14,9-19;17-16;9-17;1-8;14-14;13-7,9-17,44,4
random,random_robot_72,10,6,1,SimpleHill,0-0,0,3,9-17,4-13;3-20;1-11;7-16;10-25;14-19,14-19,54,10
random,random_robot_72,10,6,1,SimpleHill,0-0,0,4,14-19,20-27;14-22;18-22;7-21;20-12;10-12,10-12,39,-15
random,random_robot_72,10,6,1,SimpleHill,0-0,0,5,10-12,8-6;2-6;18-9;13-20;14-14;14-12,18-9,45,6
random,random_robot_72,10,6,1,SimpleHill,0-0,0,6,18-9,12-4;24-14;15-13;23-13;11-10;12-12,12-12,42,-3
random,random_robot_72,10,6,1,SimpleHill,0-0,0,7,12-12,13-12;8-13;4-14;11-18;13-4;10-11,10-11,37,-5
random,random_robot_72,10,6,1,SimpleHill,0-0,0,8,10-11,13-11;1-7;15-11;9-11;2-16;3-12,3-12,26,-11
random,random_robot_72,10,6,1,SimpleHill,0-0,0,9,3-12,0-12;11-13;7-4;10-14;4-18;12-10,4-18,37,11
random,random_robot_72,10,6,1,SimpleHill,0-0,0,10,4-18,10-12;0-10;2-25;5-22;4-26;2-11,10-12,39,2
random,random_robot_72,10,6,1,SimpleHill,0-0,0,11,10-12,12-13;1-16;13-14;8-11;16-20;5-14,12-13,43,4
random,random_robot_72,10,6,1,SimpleHill,0-0,0,12,12-13,8-11;9-17;14-8;3-12;17-9;12-16,8-11,34,-9
random,random_robot_72,10,6,1,SimpleHill,0-0,0,13,8-11,1-14;10-7;16-16;11-19;11-6;2-4,11-6,30,-4
random,random_robot_72,10,6,1,SimpleHill,0-0,0,14,11-6,10-14;17-9;8-8;9-6;12-11;20-10,20-10,50,20
random,random_robot_72,10,6,1,SimpleHill,0-0,0,15,20-10,28-8;24-12;18-13;19-13;15-15;25-4,24-12,57,7
random,random_robot_72,10,6,1,SimpleHill,0-0,0,16,24-12,28-18;22-7;31-11;21-14;24-10;27-7,31-11,62,5
random,random_robot_72,10,6,1,SimpleHill,0-0,0,17,31-11,25-9;36-10;34-16;34-14;31-15;25-18,31-15,68,6
random,random_robot_72,10,6,1,SimpleHill,0-0,0,18,31-15,21-15;33-18;26-9;32-12;34-16;23-18,21-15,58,-10
random,random_robot_72,10,6,1,SimpleHill,0-0,0,19,21-15,27-15;28-12;14-17;14-20;19-6;13-10,27-15,64,6
random,random_robot_72,10,6,1,SimpleHill,0-0,0,20,27-15,32-20;24-16;29-17;30-22;22-22;27-21,22-22,68,4
random,random_robot_72,10,6,1,SimpleHill,0-0,0,21,22-22,30-24;26-29;29-26;15-15;27-25;18-30,29-26,79,11
random,random_robot_72,10,6,1,SimpleHill,0-0,0,22,29-26,36-28;27-24;27-35;35-22;29-16;30-21,36-28,86,7
random,random_robot_72,10,6,1,SimpleHill,0-0,0,23,36-28,30-27;30-20;33-21;44-23;42-26;32-25,32-25,81,-5
random,random_robot_72,10,6,1,SimpleHill,0-0,0,24,32-25,33-28;35-17;27-29;25-18;37-25;30-19,37-25,84,3
random,random_robot_72,10,6,1,SimpleHill,0-0,0,25,37-25,31-27;42-31;34-34;29-29;37-30;45-22,34-34,89,5
random,random_robot_72,10,6,1,SimpleHill,0-0,0,26,34-34,26-31;33-35;32-34;35-43;38-25;30-29,32-34,88,-1
random,random_robot_72,10,6,1,SimpleHill,0-0,0,27,32-34,28-40;33-43;28-38;40-32;26-29;31-36,40-32,91,3
random,random_robot_72,10,6,1,SimpleHill,0-0,0,28,40-32,38-41;43-41;41-25;39-29;39-30;33-34,43-41,97,6
random,random_robot_72,10,6,1,SimpleHill,0-0,0,29,43-41,49-46;50-43;51-42;50-39;47-41;40-38,50-43,99,2
random,random_robot_72,10,6,1,SimpleHill,0-0,0,30,50-43,47-41;40-43;54-49;44-47;54-47;45-41,40-43,97,-2
random,random_robot_72,10,6,1,SimpleHill,0-0,0,31,40-43,39-36;35-46;43-37;42-49;31-42;35-37,35-37,92,-5
random,random_robot_72,10,6,1,SimpleHill,0-0,0,32,35-37,42-36;28-44;35-31;40-31;31-39;38-39,42-36,94,2
random,random_robot_72,10,6,1,SimpleHill,0-0,0,33,42-36,45-30;45-42;49-40;36-34;34-30;51-34,34-30,86,-8
random,random_robot_72,10,6,1,SimpleHill,0-0,0,34,34-30,36-36;31-26;34-20;37-27;37-22;27-27,37-27,86,0
random,random_robot_72,10,6,1,SimpleHill,0-0,0,35,37-27,37-21;35-21;40-35;40-26;40-21;33-26,33-26,82,-4
random,random_robot_72,10,6,1,SimpleHill,0-0,0,36,33-26,26-24;33-32;34-23;24-26;29-24;25-25,24-26,74,-8
random,random_robot_72,10,6,1,SimpleHill,0-0,0,37,24-26,18-29;24-32;26-22;32-24;20-32;29-30,18-29,70,-4
random,random_robot_72,10,6,1,SimpleHill,0-0,0,38,18-29,21-33;16-34;25-33;9-28;26-23;25-23,25-23,72,2
random,random_robot_72,10,6,1,SimpleHill,0-0,0,39,25-23,20-30;21-17;32-18;22-19;22-20;15-23,20-30,74,2
random,random_robot_72,10,6,1,SimpleHill,0-0,0,40,20-30,20-30;19-23;27-23;18-28;22-37;26-36,26-36,84,10
random,random_robot_72,10,6,1,SimpleHill,0-0,0,41,26-36,27-30;26-45;19-42;31-42;29-45;26-26,26-26,76,-8
random,random_robot_72,10,6,1,SimpleHill,0-0,0,42,26-26,22-21;32-19;18-28;22-23;25-35;33-25,22-21,67,-9
random,random_robot_72,10,6,1,SimpleHill,0-0,0,43,22-21,21-13;19-30;21-20;30-25;26-21;19-20,30-25,79,12
random,random_robot_72,10,6,1,SimpleHill,0-0,0,44,30-25,23-22;21-29;23-32;29-33;21-28;24-28,23-22,69,-10
random,random_robot_72,10,6,1,SimpleHill,0-0,0,45,23-22,26-20;23-16;23-23;24-21;26-13;28-28,23-23,70,1
random,random_robot_72,10,6,1,SimpleHill,0-0,0,46,23-23,22-20;30-17;30-29;16-16;15-23;27-26,27-26,77,7
random,random_robot_72,10,6,1,SimpleHill,0-0,0,47,27-26,26-27;27-29;28-19;31-22;23-22;30-35,28-19,71,-6
random,random_robot_72,10,6,1,SimpleHill,0-0,0,48,28-19,19-23;27-27;32-19;34-25;27-19;31-16,27-27,78,7
random,random_robot_72,10,6,1,SimpleHill,0-0,0,49,27-27,23-26;32-34;21-26;20-24;24-35;20-26,23-26,73,-5
random,random_robot_72,10,6,1,SimpleHill,0-0,0,50,23-26,17-25;22-29;27-30;30-19;28-19;29-32,17-25,65,-8
random,random_robot_72,10,6,1,SimpleHill,0-0,0,51,17-25,14-28;26-22;12-31;9-28;10-20;23-21,12-31,63,-2
random,random_robot_72,10,6,1,SimpleHill,0-0,0,52,12-31,18-36;17-36;6-26;9-39;20-27;17-32,17-32,71,8
random,random_robot_72,10,6,1,SimpleHill,0-0,0,53,17-32,18-31;16-28;10-34;24-27;16-24;26-36,10-34,62,-9
random,random_robot_72,10,6,1,SimpleHill,0-0,0,54,10-34,16-41;3-27;14-25;4-36;12-30;16-29,14-25,61,-1
random,random_robot_72,10,6,1,SimpleHill,0-0,0,55,14-25,8-26;22-23;6-24;18-21;20-22;14-15,20-22,66,5
random,random_robot_72,10,6,1,SimpleHill,0-0,0,56,20-22,14-17;23-25;14-26;15-15;18-30;23-17,23-25,72,6
random,random_robot_72,10,6,1,SimpleHill,0-0,0,57,23-25,17-29;22-16;20-19;23-16;19-26;25-30,23-16,62,-10
random,random_robot_72,10,6,1,SimpleHill,0-0,0,58,23-16,17-19;21-11;31-19;29-23;16-14;17-17,16-14,50,-12
random,random_robot_72,10,6,1,SimpleHill,0-0,0,59,16-14,20-16;10-15;18-12;12-11;14-15;11-12,12-11,40,-10
random,random_robot_72,10,6,1,SimpleHill,0-0,0,60,12-11,6-10;17-4;7-15;9-6;12-4;8-19,12-4,28,-12
random,random_robot_72,10,6,1,SimpleHill,0-0,0,61,12-4,5-1;7-4;13-2;16-11;11-7;11-2,16-11,46,18
random,random_robot_72,10,6,1,SimpleHill,0-0,0,62,16-11,25-12;21-19;17-7;10-9;23-11;8-6,8-6,26,-20
random,random_robot_72,10,6,1,SimpleHill,0-0,0,63,8-6,15-11;5-4;12-2;9-14;0-11;17-9,5-4,17,-9
random,random_robot_72,10,6,1,SimpleHill,0-0,0,64,5-4,6-4;5-1;10-5;10-2;11-5;12-3,5-1,11,-6
random,random_robot_72,10,6,1,SimpleHill,0-0,0,65,5-1,9-1;9-7;8-3;7-7;10-7;2-5,7-7,26,15
random,random_robot_72,10,6,1,SimpleHill,0-0,0,66,7-7,16-10;12-15;12-3;8-4;3-12;11-1,11-1,21,-5
random,random_robot_72,10,6,1,SimpleHill,0-0,0,67,11-1,6-8;17-0;3-4;14-3;9-6;19-6,14-3,29,8
random,random_robot_72,10,6,1,SimpleHill,0-0,0,68,14-3,13-0;11-9;14-8;16-5;13-4;9-1,9-1,18,-11
random,random_robot_72,10,6,1,SimpleHill,0-0,0,69,9-1,15-6;11-6;8-9;2-8;3-5;2-2,11-6,30,12
random,random_robot_72,10,6,1,SimpleHill,0-0,0,70,11-6,5-13;17-8;15-2;3-6;13-1;17-9,15-2,29,-1
random,random_robot_72,10,6,1,SimpleHill,0-0,0,71,15-2,12-6;15-10;21-1;7-7;13-9;20-7,7-7,26,-3
random,random_robot_72,10,6,1,SimpleHill,0-0,0,72,7-7,12-1;10-11;6-8;5-3;0-14;3-5,6-8,26,0
random,random_robot_72,10,6,1,SimpleHill,0-0,0,73,6-8,5-0;0-9;8-5;3-2;0-1;15-4,5-0,9,-17
random,random_robot_72,10,6,1,SimpleHill,0-0,0,74,5-0,3-8;2-9;11-5;2-7;10-2;12-6,12-6,32,23
random,random_robot_72,10,6,1,SimpleHill,0-0,0,75,12-6,14-0;7-2;7-9;19-10;20-4;9-10,7-2,16,-16
random,random_robot_72,10,6,1,SimpleHill,0-0,0,76,7-2,7-4;9-7;8-0;9-3;7-12;1-4,1-4,9,-7
random,random_robot_72,10,6,1,SimpleHill,0-0,0,77,1-4,9-7;3-9;3-12;2-6;7-3;6-6,7-3,18,9
random,random_robot_72,10,6,1,SimpleHill,0-0,0,78,7-3,12-3;13-8;6-5;10-0;4-6;15-1,15-1,27,9
random,random_robot_72,10,6,1,SimpleHill,0-0,0,79,15-1,14-4;24-4;16-5;15-6;19-8;10-6,16-5,36,9
