simulation_type,subj_id,sight_radius,n_gabors,block_ix,landscape_name,starting_pos,starting_score,trial,pos,stims,selected,score,delta
random,random_robot_35,10,6,1,SimpleHill,0-0,0,0,0-0,5-7;0-4;6-0;7-4;7-7;1-4,0-4,7,7
random,random_robot_35,10,6,1,SimpleHill,0-0,0,1,0-4,4-4;2-7;8-3;6-0;8-4;3-0,8-4,22,15
random,random_robot_35,10,6,1,SimpleHill,0-0,0,2,8-4,6-13;2-4;0-8;16-10;17-5;8-4,2-4,11,-11
random,random_robot_35,10,6,1,SimpleHill,0-0,0,3,2-4,8-11;9-0;8-3;7-4;5-0;4-2,5-0,9,-2
random,random_robot_35,10,6,1,SimpleHill,0-0,0,4,5-0,1-8;2-9;9-9;2-2;9-7;5-9,1-8,16,7
random,random_robot_35,10,6,1,SimpleHill,0-0,0,5,1-8,0-6;8-1;6-2;2-3;5-12;2-15,8-1,16,0
random,random_robot_35,10,6,1,SimpleHill,0-0,0,6,8-1,2-1;10-7;6-1;11-0;5-8;10-0,2-1,5,-11
random,random_robot_35,10,6,1,SimpleHill,0-0,0,7,2-1,1-10;10-7;1-8;4-9;6-4;7-5,4-9,24,19
random,random_robot_35,10,6,1,SimpleHill,0-0,0,8,4-9,5-0;6-4;11-11;2-18;0-9;13-11,2-18,33,9
random,random_robot_35,10,6,1,SimpleHill,0-0,0,9,2-18,4-19;3-20;2-26;11-19;8-14;6-19,4-19,38,5
random,random_robot_35,10,6,1,SimpleHill,0-0,0,10,4-19,3-24;10-13;1-13;0-17;4-21;3-22,3-24,42,4
random,random_robot_35,10,6,1,SimpleHill,0-0,0,11,3-24,4-18;6-26;6-27;10-20;1-18;4-22,6-26,49,7
random,random_robot_35,10,6,1,SimpleHill,0-0,0,12,6-26,10-18;11-32;12-30;10-23;5-33;3-24,5-33,53,4
random,random_robot_35,10,6,1,SimpleHill,0-0,0,13,5-33,3-26;1-36;9-28;8-40;1-38;5-33,8-40,62,9
random,random_robot_35,10,6,1,SimpleHill,0-0,0,14,8-40,8-44;4-35;2-42;7-38;0-40;15-45,8-44,64,2
random,random_robot_35,10,6,1,SimpleHill,0-0,0,15,8-44,8-51;8-34;15-49;6-38;4-49;0-41,8-51,64,0
random,random_robot_35,10,6,1,SimpleHill,0-0,0,16,8-51,14-58;13-52;5-55;10-46;9-47;17-48,13-52,72,8
random,random_robot_35,10,6,1,SimpleHill,0-0,0,17,13-52,17-51;15-53;16-44;19-58;12-53;14-48,12-53,70,-2
random,random_robot_35,10,6,1,SimpleHill,0-0,0,18,12-53,19-49;8-56;18-61;14-60;3-52;7-55,7-55,62,-8
random,random_robot_35,10,6,1,SimpleHill,0-0,0,19,7-55,7-60;13-59;8-57;9-47;5-56;13-56,8-57,63,1
random,random_robot_35,10,6,1,SimpleHill,0-0,0,20,8-57,4-50;4-59;6-59;9-53;12-56;10-52,10-52,67,4
random,random_robot_35,10,6,1,SimpleHill,0-0,0,21,10-52,4-55;11-54;8-46;13-61;13-48;1-53,13-61,70,3
random,random_robot_35,10,6,1,SimpleHill,0-0,0,22,13-61,10-58;21-66;8-55;15-56;6-56;8-68,15-56,74,4
random,random_robot_35,10,6,1,SimpleHill,0-0,0,23,15-56,13-65;13-58;14-61;19-64;15-46;19-53,19-64,76,2
random,random_robot_35,10,6,1,SimpleHill,0-0,0,24,19-64,11-60;26-65;26-61;16-65;14-62;26-67,26-65,83,7
random,random_robot_35,10,6,1,SimpleHill,0-0,0,25,26-65,30-62;22-69;27-60;33-66;20-68;25-58,25-58,86,3
random,random_robot_35,10,6,1,SimpleHill,0-0,0,26,25-58,24-53;31-53;25-58;17-56;32-61;28-59,17-56,77,-9
random,random_robot_35,10,6,1,SimpleHill,0-0,0,27,17-56,10-63;20-49;18-52;17-56;9-60;13-48,10-63,64,-13
random,random_robot_35,10,6,1,SimpleHill,0-0,0,28,10-63,19-63;10-60;15-57;11-54;9-63;5-70,5-70,51,-13
random,random_robot_35,10,6,1,SimpleHill,0-0,0,29,5-70,9-65;1-61;9-61;8-61;9-68;8-69,9-65,61,10
random,random_robot_35,10,6,1,SimpleHill,0-0,0,30,9-65,10-58;16-66;12-56;7-68;18-65;3-58,10-58,66,5
random,random_robot_35,10,6,1,SimpleHill,0-0,0,31,10-58,13-52;13-65;4-64;7-58;7-59;10-63,10-63,64,-2
random,random_robot_35,10,6,1,SimpleHill,0-0,0,32,10-63,14-57;13-65;17-61;5-59;17-66;3-68,17-66,73,9
random,random_robot_35,10,6,1,SimpleHill,0-0,0,33,17-66,9-69;12-69;9-67;11-68;8-67;24-70,8-67,58,-15
random,random_robot_35,10,6,1,SimpleHill,0-0,0,34,8-67,6-67;13-59;16-65;2-67;6-70;9-60,13-59,71,13
random,random_robot_35,10,6,1,SimpleHill,0-0,0,35,13-59,13-60;14-61;9-53;19-63;7-55;17-63,14-61,71,0
random,random_robot_35,10,6,1,SimpleHill,0-0,0,36,14-61,11-57;19-68;9-56;19-61;6-58;10-66,9-56,65,-6
random,random_robot_35,10,6,1,SimpleHill,0-0,0,37,9-56,7-64;5-52;10-60;2-52;13-65;19-56,5-52,59,-6
random,random_robot_35,10,6,1,SimpleHill,0-0,0,38,5-52,13-55;4-51;10-58;1-48;14-48;5-46,13-55,72,13
random,random_robot_35,10,6,1,SimpleHill,0-0,0,39,13-55,15-51;20-57;20-56;16-54;20-62;12-60,20-56,81,9
random,random_robot_35,10,6,1,SimpleHill,0-0,0,40,20-56,13-54;22-65;22-51;12-55;17-55;16-65,22-51,84,3
random,random_robot_35,10,6,1,SimpleHill,0-0,0,41,22-51,15-44;21-52;22-52;22-44;20-58;27-56,22-52,84,0
random,random_robot_35,10,6,1,SimpleHill,0-0,0,42,22-52,13-55;26-46;27-56;17-56;29-58;23-51,23-51,85,1
random,random_robot_35,10,6,1,SimpleHill,0-0,0,43,23-51,32-50;28-50;17-49;15-45;14-50;23-49,32-50,93,8
random,random_robot_35,10,6,1,SimpleHill,0-0,0,44,32-50,34-53;31-48;34-51;36-42;35-57;25-55,36-42,94,1
random,random_robot_35,10,6,1,SimpleHill,0-0,0,45,36-42,42-47;34-37;42-39;39-34;31-43;38-49,42-47,98,4
random,random_robot_35,10,6,1,SimpleHill,0-0,0,46,42-47,39-48;48-39;39-38;39-55;38-51;39-56,39-38,94,-4
random,random_robot_35,10,6,1,SimpleHill,0-0,0,47,39-38,42-34;38-32;33-39;47-32;44-44;36-30,36-30,88,-6
random,random_robot_35,10,6,1,SimpleHill,0-0,0,48,36-30,31-36;31-31;29-29;34-34;42-36;31-28,42-36,94,6
random,random_robot_35,10,6,1,SimpleHill,0-0,0,49,42-36,40-36;40-29;36-30;51-37;43-32;48-29,40-29,89,-5
random,random_robot_35,10,6,1,SimpleHill,0-0,0,50,40-29,34-22;42-23;31-28;39-35;41-36;47-33,39-35,93,4
random,random_robot_35,10,6,1,SimpleHill,0-0,0,51,39-35,39-32;43-27;44-42;44-39;33-39;40-32,40-32,91,-2
random,random_robot_35,10,6,1,SimpleHill,0-0,0,52,40-32,42-27;46-24;39-32;33-38;33-34;40-34,39-32,91,0
random,random_robot_35,10,6,1,SimpleHill,0-0,0,53,39-32,40-23;38-39;41-29;37-36;42-39;38-38,42-39,96,5
random,random_robot_35,10,6,1,SimpleHill,0-0,0,54,42-39,41-38;36-34;35-46;49-32;44-45;50-45,44-45,98,2
random,random_robot_35,10,6,1,SimpleHill,0-0,0,55,44-45,36-48;41-38;48-54;39-43;50-43;38-43,48-54,99,1
random,random_robot_35,10,6,1,SimpleHill,0-0,0,56,48-54,47-49;44-55;46-63;47-53;43-48;54-61,47-53,99,0
random,random_robot_35,10,6,1,SimpleHill,0-0,0,57,47-53,41-45;43-60;46-57;43-61;38-55;46-56,43-60,97,-2
random,random_robot_35,10,6,1,SimpleHill,0-0,0,58,43-60,42-51;43-57;39-60;45-58;37-57;36-58,36-58,94,-3
random,random_robot_35,10,6,1,SimpleHill,0-0,0,59,36-58,40-49;29-54;30-63;39-61;29-59;44-61,29-59,89,-5
random,random_robot_35,10,6,1,SimpleHill,0-0,0,60,29-59,21-64;31-62;38-55;31-55;24-60;27-63,31-55,92,3
random,random_robot_35,10,6,1,SimpleHill,0-0,0,61,31-55,35-51;27-64;27-63;40-57;28-58;35-55,28-58,89,-3
random,random_robot_35,10,6,1,SimpleHill,0-0,0,62,28-58,34-55;29-56;29-50;33-53;31-57;20-52,31-57,91,2
random,random_robot_35,10,6,1,SimpleHill,0-0,0,63,31-57,30-59;38-64;28-59;39-61;39-55;40-56,28-59,88,-3
random,random_robot_35,10,6,1,SimpleHill,0-0,0,64,28-59,25-67;35-61;29-58;22-58;36-61;29-55,29-58,89,1
random,random_robot_35,10,6,1,SimpleHill,0-0,0,65,29-58,27-62;30-52;32-66;29-54;21-64;25-66,29-54,90,1
random,random_robot_35,10,6,1,SimpleHill,0-0,0,66,29-54,30-61;26-59;34-58;26-46;27-54;29-54,27-54,89,-1
random,random_robot_35,10,6,1,SimpleHill,0-0,0,67,27-54,29-57;25-55;23-63;32-48;20-57;30-54,30-54,91,2
random,random_robot_35,10,6,1,SimpleHill,0-0,0,68,30-54,24-49;30-48;22-52;28-52;37-47;23-58,37-47,96,5
random,random_robot_35,10,6,1,SimpleHill,0-0,0,69,37-47,33-49;41-42;35-43;45-42;27-47;30-50,35-43,94,-2
random,random_robot_35,10,6,1,SimpleHill,0-0,0,70,35-43,43-37;31-44;34-34;33-52;43-46;31-47,31-47,92,-2
random,random_robot_35,10,6,1,SimpleHill,0-0,0,71,31-47,39-52;29-51;24-50;32-42;25-47;29-48,25-47,87,-5
random,random_robot_35,10,6,1,SimpleHill,0-0,0,72,25-47,32-40;17-53;26-46;31-46;28-51;18-40,18-40,77,-10
random,random_robot_35,10,6,1,SimpleHill,0-0,0,73,18-40,28-40;13-38;26-43;24-41;20-45;10-40,13-38,69,-8
random,random_robot_35,10,6,1,SimpleHill,0-0,0,74,13-38,16-40;14-38;10-45;10-30;4-40;20-45,4-40,55,-14
random,random_robot_35,10,6,1,SimpleHill,0-0,0,75,4-40,12-40;1-48;7-38;11-37;2-41;11-40,2-41,52,-3
random,random_robot_35,10,6,1,SimpleHill,0-0,0,76,2-41,2-50;3-38;4-38;8-42;2-35;7-36,7-36,59,7
random,random_robot_35,10,6,1,SimpleHill,0-0,0,77,7-36,9-34;15-31;1-39;8-27;5-43;8-32,9-34,61,2
random,random_robot_35,10,6,1,SimpleHill,0-0,0,78,9-34,11-28;6-41;4-33;2-35;0-31;1-28,4-33,51,-10
random,random_robot_35,10,6,1,SimpleHill,0-0,0,79,4-33,1-38;8-33;2-29;11-31;6-33;3-40,1-38,49,-2
