simulation_type,subj_id,sight_radius,n_gabors,block_ix,landscape_name,starting_pos,starting_score,trial,pos,stims,selected,score,delta
random,random_robot_168,10,6,1,SimpleHill,0-0,0,0,0-0,6-0;3-2;9-3;6-1;0-9;0-0,0-0,0,0
random,random_robot_168,10,6,1,SimpleHill,0-0,0,1,0-0,8-4;4-5;1-4;0-3;9-3;0-5,4-5,17,17
random,random_robot_168,10,6,1,SimpleHill,0-0,0,2,4-5,9-6;2-14;4-15;11-9;1-13;7-2,7-2,16,-1
random,random_robot_168,10,6,1,SimpleHill,0-0,0,3,7-2,6-11;15-8;1-9;6-2;3-0;16-1,16-1,28,12
random,random_robot_168,10,6,1,SimpleHill,0-0,0,4,16-1,16-9;10-7;16-8;19-7;23-6;15-10,15-10,43,15
random,random_robot_168,10,6,1,SimpleHill,0-0,0,5,15-10,11-1;18-15;17-17;8-11;9-10;22-10,9-10,34,-9
random,random_robot_168,10,6,1,SimpleHill,0-0,0,6,9-10,8-13;9-17;15-10;13-18;15-8;4-8,15-10,43,9
random,random_robot_168,10,6,1,SimpleHill,0-0,0,7,15-10,20-7;12-10;15-3;23-5;14-1;16-19,16-19,57,14
random,random_robot_168,10,6,1,SimpleHill,0-0,0,8,16-19,8-19;10-26;16-20;11-18;19-21;20-27,19-21,63,6
random,random_robot_168,10,6,1,SimpleHill,0-0,0,9,19-21,18-13;23-25;19-13;21-21;16-14;16-12,16-14,50,-13
random,random_robot_168,10,6,1,SimpleHill,0-0,0,10,16-14,15-19;19-19;17-19;14-5;22-16;15-20,19-19,61,11
random,random_robot_168,10,6,1,SimpleHill,0-0,0,11,19-19,25-11;16-13;15-26;25-14;28-22;18-14,25-11,57,-4
random,random_robot_168,10,6,1,SimpleHill,0-0,0,12,25-11,21-7;29-18;18-7;29-20;33-7;29-19,21-7,46,-11
random,random_robot_168,10,6,1,SimpleHill,0-0,0,13,21-7,30-4;23-2;24-6;25-12;13-9;19-15,23-2,39,-7
random,random_robot_168,10,6,1,SimpleHill,0-0,0,14,23-2,14-6;27-1;29-1;31-3;30-0;30-3,29-1,43,4
random,random_robot_168,10,6,1,SimpleHill,0-0,0,15,29-1,35-5;38-3;25-5;29-8;37-2;35-2,38-3,52,9
random,random_robot_168,10,6,1,SimpleHill,0-0,0,16,38-3,40-10;39-2;38-6;35-6;30-8;37-10,30-8,56,4
random,random_robot_168,10,6,1,SimpleHill,0-0,0,17,30-8,31-13;23-10;29-9;35-7;36-11;37-9,23-10,53,-3
random,random_robot_168,10,6,1,SimpleHill,0-0,0,18,23-10,21-5;28-13;14-13;27-2;15-6;32-14,28-13,62,9
random,random_robot_168,10,6,1,SimpleHill,0-0,0,19,28-13,27-15;27-8;31-4;36-8;24-19;31-18,24-19,67,5
random,random_robot_168,10,6,1,SimpleHill,0-0,0,20,24-19,22-14;18-14;27-14;28-10;32-24;27-13,18-14,53,-14
random,random_robot_168,10,6,1,SimpleHill,0-0,0,21,18-14,27-11;12-21;17-16;12-17;25-9;16-10,25-9,53,0
random,random_robot_168,10,6,1,SimpleHill,0-0,0,22,25-9,21-15;29-13;18-12;34-10;18-14;17-15,21-15,58,5
random,random_robot_168,10,6,1,SimpleHill,0-0,0,23,21-15,20-13;18-13;27-12;23-6;26-16;20-19,18-13,52,-6
random,random_robot_168,10,6,1,SimpleHill,0-0,0,24,18-13,13-6;21-7;11-10;26-18;22-8;20-4,26-18,68,16
random,random_robot_168,10,6,1,SimpleHill,0-0,0,25,26-18,26-23;20-25;20-20;33-24;27-11;34-15,34-15,70,2
random,random_robot_168,10,6,1,SimpleHill,0-0,0,26,34-15,32-23;34-13;31-17;36-20;31-19;39-22,31-19,73,3
random,random_robot_168,10,6,1,SimpleHill,0-0,0,27,31-19,35-13;36-26;40-23;32-24;30-21;27-15,35-13,68,-5
random,random_robot_168,10,6,1,SimpleHill,0-0,0,28,35-13,32-20;32-7;36-6;40-14;42-11;39-11,32-20,75,7
random,random_robot_168,10,6,1,SimpleHill,0-0,0,29,32-20,31-26;31-11;39-18;40-15;40-21;33-16,33-16,71,-4
random,random_robot_168,10,6,1,SimpleHill,0-0,0,30,33-16,32-7;27-11;32-17;38-23;38-11;33-18,38-11,66,-5
random,random_robot_168,10,6,1,SimpleHill,0-0,0,31,38-11,32-9;44-4;40-10;35-11;32-8;30-5,32-9,59,-7
random,random_robot_168,10,6,1,SimpleHill,0-0,0,32,32-9,24-15;23-6;25-6;39-13;30-3;27-8,27-8,54,-5
random,random_robot_168,10,6,1,SimpleHill,0-0,0,33,27-8,22-1;24-10;31-16;29-15;36-11;30-17,30-17,70,16
random,random_robot_168,10,6,1,SimpleHill,0-0,0,34,30-17,22-12;27-17;27-10;28-9;21-16;31-26,27-17,67,-3
random,random_robot_168,10,6,1,SimpleHill,0-0,0,35,27-17,34-12;26-12;32-12;28-22;25-17;21-12,25-17,65,-2
random,random_robot_168,10,6,1,SimpleHill,0-0,0,36,25-17,16-14;21-17;24-18;24-14;27-21;16-18,16-18,56,-9
random,random_robot_168,10,6,1,SimpleHill,0-0,0,37,16-18,22-11;9-12;13-16;21-24;18-15;8-23,8-23,50,-6
random,random_robot_168,10,6,1,SimpleHill,0-0,0,38,8-23,13-24;13-15;1-17;15-16;14-31;4-21,15-16,52,2
random,random_robot_168,10,6,1,SimpleHill,0-0,0,39,15-16,21-23;19-7;17-25;9-13;23-19;23-20,21-23,68,16
random,random_robot_168,10,6,1,SimpleHill,0-0,0,40,21-23,25-23;17-22;13-25;25-22;20-25;26-24,25-23,72,4
random,random_robot_168,10,6,1,SimpleHill,0-0,0,41,25-23,29-27;31-20;24-19;20-29;27-20;35-23,27-20,71,-1
random,random_robot_168,10,6,1,SimpleHill,0-0,0,42,27-20,28-20;22-26;24-26;19-22;22-18;20-20,22-18,63,-8
random,random_robot_168,10,6,1,SimpleHill,0-0,0,43,22-18,13-21;17-25;25-26;18-27;20-13;18-21,18-21,62,-1
random,random_robot_168,10,6,1,SimpleHill,0-0,0,44,18-21,14-29;21-21;13-26;14-30;22-29;21-18,21-18,62,0
random,random_robot_168,10,6,1,SimpleHill,0-0,0,45,21-18,17-22;27-13;23-22;27-23;21-25;17-12,21-25,70,8
random,random_robot_168,10,6,1,SimpleHill,0-0,0,46,21-25,13-25;29-27;29-25;22-31;26-25;21-17,29-25,78,8
random,random_robot_168,10,6,1,SimpleHill,0-0,0,47,29-25,36-26;28-34;38-22;28-22;26-34;36-18,36-26,84,6
random,random_robot_168,10,6,1,SimpleHill,0-0,0,48,36-26,29-24;27-24;30-24;28-20;31-21;45-27,31-21,75,-9
random,random_robot_168,10,6,1,SimpleHill,0-0,0,49,31-21,23-22;23-20;37-28;40-21;36-29;29-22,29-22,75,0
random,random_robot_168,10,6,1,SimpleHill,0-0,0,50,29-22,25-18;37-28;25-31;36-21;29-29;37-16,29-29,82,7
random,random_robot_168,10,6,1,SimpleHill,0-0,0,51,29-29,22-24;31-23;24-23;30-29;29-19;28-27,24-23,71,-11
random,random_robot_168,10,6,1,SimpleHill,0-0,0,52,24-23,28-15;28-19;23-16;29-17;23-25;21-27,23-25,72,1
random,random_robot_168,10,6,1,SimpleHill,0-0,0,53,23-25,24-16;25-19;23-33;24-21;27-29;31-20,25-19,68,-4
random,random_robot_168,10,6,1,SimpleHill,0-0,0,54,25-19,26-24;21-28;29-28;20-13;19-21;33-20,21-28,73,5
random,random_robot_168,10,6,1,SimpleHill,0-0,0,55,21-28,24-23;18-36;16-28;22-28;17-26;24-21,24-21,69,-4
random,random_robot_168,10,6,1,SimpleHill,0-0,0,56,24-21,28-25;29-13;20-17;32-19;19-26;21-14,32-19,74,5
random,random_robot_168,10,6,1,SimpleHill,0-0,0,57,32-19,36-15;26-13;27-15;41-21;28-21;38-26,28-21,73,-1
random,random_robot_168,10,6,1,SimpleHill,0-0,0,58,28-21,30-13;30-18;30-22;32-17;28-27;32-25,32-25,81,8
random,random_robot_168,10,6,1,SimpleHill,0-0,0,59,32-25,31-21;33-17;29-19;31-27;36-28;40-20,31-21,75,-6
random,random_robot_168,10,6,1,SimpleHill,0-0,0,60,31-21,28-27;36-18;36-28;30-29;31-18;35-25,35-25,83,8
random,random_robot_168,10,6,1,SimpleHill,0-0,0,61,35-25,44-21;40-31;35-32;26-29;39-17;30-19,26-29,79,-4
random,random_robot_168,10,6,1,SimpleHill,0-0,0,62,26-29,23-36;31-23;21-25;34-28;23-25;28-28,21-25,70,-9
random,random_robot_168,10,6,1,SimpleHill,0-0,0,63,21-25,26-24;26-22;13-29;21-27;24-24;19-32,13-29,63,-7
random,random_robot_168,10,6,1,SimpleHill,0-0,0,64,13-29,6-25;13-39;21-33;14-32;7-31;6-27,21-33,77,14
random,random_robot_168,10,6,1,SimpleHill,0-0,0,65,21-33,17-24;17-40;29-38;20-38;16-32;14-33,29-38,88,11
random,random_robot_168,10,6,1,SimpleHill,0-0,0,66,29-38,32-44;21-42;33-33;33-31;26-33;35-45,35-45,95,7
random,random_robot_168,10,6,1,SimpleHill,0-0,0,67,35-45,33-45;37-42;39-49;37-51;36-38;38-41,38-41,95,0
random,random_robot_168,10,6,1,SimpleHill,0-0,0,68,38-41,43-42;48-41;40-36;36-33;41-43;40-40,40-40,96,1
random,random_robot_168,10,6,1,SimpleHill,0-0,0,69,40-40,35-38;34-43;38-41;39-47;48-36;39-41,34-43,93,-3
random,random_robot_168,10,6,1,SimpleHill,0-0,0,70,34-43,27-48;34-35;29-44;39-51;39-49;32-37,39-49,97,4
random,random_robot_168,10,6,1,SimpleHill,0-0,0,71,39-49,36-43;45-52;46-53;46-50;47-46;40-45,46-50,99,2
random,random_robot_168,10,6,1,SimpleHill,0-0,0,72,46-50,51-57;39-45;54-50;55-48;49-46;40-57,51-57,99,0
random,random_robot_168,10,6,1,SimpleHill,0-0,0,73,51-57,53-54;49-56;51-51;54-62;44-52;45-59,51-51,99,0
random,random_robot_168,10,6,1,SimpleHill,0-0,0,74,51-51,46-52;49-42;45-55;59-53;45-50;47-42,59-53,98,-1
random,random_robot_168,10,6,1,SimpleHill,0-0,0,75,59-53,51-57;54-61;53-50;58-46;66-54;56-57,53-50,99,1
random,random_robot_168,10,6,1,SimpleHill,0-0,0,76,53-50,56-52;53-47;60-56;61-53;51-45;57-56,53-47,99,0
random,random_robot_168,10,6,1,SimpleHill,0-0,0,77,53-47,46-47;54-53;44-45;49-40;50-44;58-45,50-44,99,0
random,random_robot_168,10,6,1,SimpleHill,0-0,0,78,50-44,47-51;52-39;56-51;42-42;47-52;58-49,52-39,97,-2
random,random_robot_168,10,6,1,SimpleHill,0-0,0,79,52-39,51-45;56-40;47-42;49-30;50-46;55-34,49-30,91,-6
