simulation_type,subj_id,sight_radius,n_gabors,block_ix,landscape_name,starting_pos,starting_score,trial,pos,stims,selected,score,delta
random,random_robot_1,10,6,1,SimpleHill,0-0,0,0,0-0,5-7;6-8;0-8;9-0;7-2;0-2,0-2,3,3
random,random_robot_1,10,6,1,SimpleHill,0-0,0,1,0-2,2-2;1-1;7-5;6-9;3-4;3-5,6-9,27,24
random,random_robot_1,10,6,1,SimpleHill,0-0,0,2,6-9,10-14;12-9;11-13;4-6;3-15;11-12,3-15,31,4
random,random_robot_1,10,6,1,SimpleHill,0-0,0,3,3-15,11-13;8-18;10-10;1-13;4-24;3-11,11-13,42,11
random,random_robot_1,10,6,1,SimpleHill,0-0,0,4,11-13,3-8;14-14;18-13;10-16;3-7;3-12,14-14,48,6
random,random_robot_1,10,6,1,SimpleHill,0-0,0,5,14-14,17-15;9-14;5-11;19-20;23-17;9-13,19-20,62,14
random,random_robot_1,10,6,1,SimpleHill,0-0,0,6,19-20,15-17;16-22;21-13;15-25;12-19;13-13,13-13,45,-17
random,random_robot_1,10,6,1,SimpleHill,0-0,0,7,13-13,21-8;7-17;9-9;18-17;21-18;13-22,21-8,47,2
random,random_robot_1,10,6,1,SimpleHill,0-0,0,8,21-8,22-4;18-9;17-12;23-13;24-1;25-8,22-4,42,-5
random,random_robot_1,10,6,1,SimpleHill,0-0,0,9,22-4,15-9;30-3;30-0;22-1;25-3;18-6,30-3,47,5
random,random_robot_1,10,6,1,SimpleHill,0-0,0,10,30-3,24-11;27-3;38-6;29-4;37-7;34-6,37-7,59,12
random,random_robot_1,10,6,1,SimpleHill,0-0,0,11,37-7,38-14;35-16;37-14;44-6;28-7;38-2,38-2,51,-8
random,random_robot_1,10,6,1,SimpleHill,0-0,0,12,38-2,31-3;36-1;33-0;39-6;29-3;40-11,29-3,47,-4
random,random_robot_1,10,6,1,SimpleHill,0-0,0,13,29-3,22-2;24-1;31-5;22-6;21-3;32-10,24-1,38,-9
random,random_robot_1,10,6,1,SimpleHill,0-0,0,14,24-1,33-0;25-10;20-1;30-7;25-2;24-11,20-1,33,-5
random,random_robot_1,10,6,1,SimpleHill,0-0,0,15,20-1,27-3;11-4;12-6;23-1;22-5;21-5,22-5,43,10
random,random_robot_1,10,6,1,SimpleHill,0-0,0,16,22-5,22-7;21-3;13-4;23-1;19-0;15-8,15-8,40,-3
random,random_robot_1,10,6,1,SimpleHill,0-0,0,17,15-8,10-11;22-4;14-10;12-16;16-3;9-7,14-10,42,2
random,random_robot_1,10,6,1,SimpleHill,0-0,0,18,14-10,18-3;14-6;22-15;22-11;10-7;23-11,10-7,31,-11
random,random_robot_1,10,6,1,SimpleHill,0-0,0,19,10-7,10-14;18-2;13-2;17-5;12-2;16-3,17-5,37,6
random,random_robot_1,10,6,1,SimpleHill,0-0,0,20,17-5,13-3;10-9;15-11;21-3;10-10;20-1,10-10,36,-1
random,random_robot_1,10,6,1,SimpleHill,0-0,0,21,10-10,9-19;5-11;6-2;9-5;9-13;17-11,6-2,15,-21
random,random_robot_1,10,6,1,SimpleHill,0-0,0,22,6-2,5-10;7-9;0-6;4-9;3-8;6-0,3-8,20,5
random,random_robot_1,10,6,1,SimpleHill,0-0,0,23,3-8,0-5;5-13;7-15;2-11;8-3;9-8,9-8,31,11
random,random_robot_1,10,6,1,SimpleHill,0-0,0,24,9-8,3-15;4-0;4-10;12-9;16-14;14-13,4-10,25,-6
random,random_robot_1,10,6,1,SimpleHill,0-0,0,25,4-10,8-14;2-17;0-9;0-3;9-5;10-4,9-5,25,0
random,random_robot_1,10,6,1,SimpleHill,0-0,0,26,9-5,4-3;9-7;7-8;5-13;14-13;10-14,9-7,29,4
random,random_robot_1,10,6,1,SimpleHill,0-0,0,27,9-7,15-10;5-0;11-13;9-10;10-3;6-8,5-0,9,-20
random,random_robot_1,10,6,1,SimpleHill,0-0,0,28,5-0,7-4;13-4;0-7;3-9;11-8;7-9,7-4,20,11
random,random_robot_1,10,6,1,SimpleHill,0-0,0,29,7-4,15-6;13-5;14-6;9-12;2-4;17-4,17-4,35,15
random,random_robot_1,10,6,1,SimpleHill,0-0,0,30,17-4,11-11;16-7;14-6;17-11;12-6;19-12,16-7,39,4
random,random_robot_1,10,6,1,SimpleHill,0-0,0,31,16-7,12-10;22-15;13-5;7-4;12-15;20-12,22-15,59,20
random,random_robot_1,10,6,1,SimpleHill,0-0,0,32,22-15,17-23;23-23;28-13;29-11;29-8;20-17,20-17,60,1
random,random_robot_1,10,6,1,SimpleHill,0-0,0,33,20-17,21-23;28-23;26-17;16-24;11-16;21-9,28-23,75,15
random,random_robot_1,10,6,1,SimpleHill,0-0,0,34,28-23,27-31;22-26;20-18;21-20;27-14;22-24,22-26,72,-3
random,random_robot_1,10,6,1,SimpleHill,0-0,0,35,22-26,25-32;25-31;15-32;18-27;28-27;31-27,25-32,81,9
random,random_robot_1,10,6,1,SimpleHill,0-0,0,36,25-32,19-38;17-38;24-34;30-24;28-24;24-38,28-24,76,-5
random,random_robot_1,10,6,1,SimpleHill,0-0,0,37,28-24,25-15;36-27;30-19;26-29;32-30;35-26,36-27,85,9
random,random_robot_1,10,6,1,SimpleHill,0-0,0,38,36-27,29-28;28-24;42-22;42-33;41-35;30-23,29-28,81,-4
random,random_robot_1,10,6,1,SimpleHill,0-0,0,39,29-28,36-33;22-29;30-32;29-19;38-24;28-22,36-33,90,9
random,random_robot_1,10,6,1,SimpleHill,0-0,0,40,36-33,34-24;36-43;40-28;27-30;40-39;36-40,36-40,94,4
random,random_robot_1,10,6,1,SimpleHill,0-0,0,41,36-40,41-44;34-49;41-42;28-36;34-39;42-34,28-36,86,-8
random,random_robot_1,10,6,1,SimpleHill,0-0,0,42,28-36,31-27;34-37;27-41;22-31;26-39;37-32,27-41,87,1
random,random_robot_1,10,6,1,SimpleHill,0-0,0,43,27-41,24-46;30-38;31-41;33-33;36-38;33-40,30-38,89,2
random,random_robot_1,10,6,1,SimpleHill,0-0,0,44,30-38,38-33;36-45;24-45;25-39;32-31;34-39,38-33,91,2
random,random_robot_1,10,6,1,SimpleHill,0-0,0,45,38-33,40-42;37-28;44-38;46-35;37-27;43-32,46-35,95,4
random,random_robot_1,10,6,1,SimpleHill,0-0,0,46,46-35,46-29;47-31;40-42;41-42;41-27;44-40,44-40,97,2
random,random_robot_1,10,6,1,SimpleHill,0-0,0,47,44-40,38-39;42-41;45-32;53-39;47-44;51-33,42-41,97,0
random,random_robot_1,10,6,1,SimpleHill,0-0,0,48,42-41,36-41;51-42;46-43;47-37;46-34;35-44,51-42,98,1
random,random_robot_1,10,6,1,SimpleHill,0-0,0,49,51-42,43-43;45-41;51-47;49-44;47-48;50-45,49-44,99,1
random,random_robot_1,10,6,1,SimpleHill,0-0,0,50,49-44,51-35;57-44;49-39;45-46;41-50;46-46,41-50,98,-1
random,random_robot_1,10,6,1,SimpleHill,0-0,0,51,41-50,36-56;44-54;33-51;44-58;41-52;39-48,36-56,95,-3
random,random_robot_1,10,6,1,SimpleHill,0-0,0,52,36-56,38-56;36-50;28-62;43-55;45-58;31-48,36-50,96,1
random,random_robot_1,10,6,1,SimpleHill,0-0,0,53,36-50,44-46;43-43;30-51;33-50;40-46;27-48,33-50,94,-2
random,random_robot_1,10,6,1,SimpleHill,0-0,0,54,33-50,36-47;26-55;26-53;33-45;39-42;29-58,39-42,96,2
random,random_robot_1,10,6,1,SimpleHill,0-0,0,55,39-42,36-46;33-40;44-40;34-38;42-38;47-37,44-40,97,1
random,random_robot_1,10,6,1,SimpleHill,0-0,0,56,44-40,39-39;48-35;43-46;49-46;46-48;35-41,46-48,99,2
random,random_robot_1,10,6,1,SimpleHill,0-0,0,57,46-48,41-54;42-55;50-53;42-39;45-49;49-49,41-54,98,-1
random,random_robot_1,10,6,1,SimpleHill,0-0,0,58,41-54,48-61;39-60;44-63;35-56;45-57;45-60,45-60,97,-1
random,random_robot_1,10,6,1,SimpleHill,0-0,0,59,45-60,38-62;45-57;46-68;43-51;41-66;46-58,43-51,99,2
random,random_robot_1,10,6,1,SimpleHill,0-0,0,60,43-51,40-46;50-49;48-50;36-56;45-58;44-60,50-49,99,0
random,random_robot_1,10,6,1,SimpleHill,0-0,0,61,50-49,52-41;50-43;42-55;44-52;42-44;58-49,42-55,98,-1
random,random_robot_1,10,6,1,SimpleHill,0-0,0,62,42-55,42-61;34-60;35-61;49-56;44-64;49-58,42-61,96,-2
random,random_robot_1,10,6,1,SimpleHill,0-0,0,63,42-61,41-66;36-61;47-65;45-62;46-63;50-63,46-63,96,0
random,random_robot_1,10,6,1,SimpleHill,0-0,0,64,46-63,44-66;41-61;55-60;44-54;49-66;43-58,41-61,95,-1
random,random_robot_1,10,6,1,SimpleHill,0-0,0,65,41-61,44-59;45-57;35-66;48-64;45-56;44-61,35-66,90,-5
random,random_robot_1,10,6,1,SimpleHill,0-0,0,66,35-66,35-58;26-65;44-70;42-62;43-64;28-69,44-70,91,1
random,random_robot_1,10,6,1,SimpleHill,0-0,0,67,44-70,39-63;37-66;39-69;45-63;45-61;41-62,37-66,91,0
random,random_robot_1,10,6,1,SimpleHill,0-0,0,68,37-66,38-60;45-67;42-68;45-66;29-66;38-69,38-60,95,4
random,random_robot_1,10,6,1,SimpleHill,0-0,0,69,38-60,46-57;35-66;33-61;37-55;31-61;37-62,35-66,90,-5
random,random_robot_1,10,6,1,SimpleHill,0-0,0,70,35-66,41-62;36-66;33-66;30-65;42-63;34-60,30-65,87,-3
random,random_robot_1,10,6,1,SimpleHill,0-0,0,71,30-65,38-62;27-59;38-67;29-58;34-56;32-65,32-65,89,2
random,random_robot_1,10,6,1,SimpleHill,0-0,0,72,32-65,24-65;26-62;36-57;35-65;39-68;38-58,39-68,91,2
random,random_robot_1,10,6,1,SimpleHill,0-0,0,73,39-68,31-64;31-68;46-61;41-69;39-66;35-66,41-69,91,0
random,random_robot_1,10,6,1,SimpleHill,0-0,0,74,41-69,37-62;42-64;35-66;40-64;34-70;38-62,38-62,94,3
random,random_robot_1,10,6,1,SimpleHill,0-0,0,75,38-62,42-57;41-55;38-67;45-66;48-62;33-60,41-55,97,3
random,random_robot_1,10,6,1,SimpleHill,0-0,0,76,41-55,42-64;50-55;49-52;33-56;41-47;38-61,33-56,93,-4
random,random_robot_1,10,6,1,SimpleHill,0-0,0,77,33-56,41-62;42-53;42-54;41-56;41-60;36-54,41-62,95,2
random,random_robot_1,10,6,1,SimpleHill,0-0,0,78,41-62,47-57;44-70;41-56;43-54;44-61;41-61,47-57,98,3
random,random_robot_1,10,6,1,SimpleHill,0-0,0,79,47-57,43-62;52-63;49-56;43-64;53-56;53-61,49-56,99,1
