simulation_type,subj_id,sight_radius,n_gabors,block_ix,landscape_name,starting_pos,starting_score,trial,pos,stims,selected,score,delta
random,random_robot_128,10,6,1,SimpleHill,0-0,0,0,0-0,5-3;9-1;9-3;1-2;7-3;2-6,9-3,22,22
random,random_robot_128,10,6,1,SimpleHill,0-0,0,1,9-3,8-0;3-9;8-12;11-0;17-2;10-9,11-0,19,-3
random,random_robot_128,10,6,1,SimpleHill,0-0,0,2,11-0,16-7;17-6;2-1;15-2;14-7;8-1,8-1,16,-3
random,random_robot_128,10,6,1,SimpleHill,0-0,0,3,8-1,5-1;2-1;0-4;8-8;8-0;11-1,0-4,7,-9
random,random_robot_128,10,6,1,SimpleHill,0-0,0,4,0-4,6-8;1-1;1-2;2-0;2-13;6-7,1-2,5,-2
random,random_robot_128,10,6,1,SimpleHill,0-0,0,5,1-2,10-2;7-10;6-10;2-0;7-4;7-6,6-10,29,24
random,random_robot_128,10,6,1,SimpleHill,0-0,0,6,6-10,8-2;12-14;5-15;11-10;14-13;2-11,14-13,46,17
random,random_robot_128,10,6,1,SimpleHill,0-0,0,7,14-13,16-7;11-22;9-7;8-15;8-19;13-4,11-22,53,7
random,random_robot_128,10,6,1,SimpleHill,0-0,0,8,11-22,6-19;10-16;5-17;9-27;18-16;14-29,14-29,65,12
random,random_robot_128,10,6,1,SimpleHill,0-0,0,9,14-29,14-28;22-27;14-32;22-34;9-28;9-21,22-34,79,14
random,random_robot_128,10,6,1,SimpleHill,0-0,0,10,22-34,22-32;14-38;24-40;28-27;16-35;28-38,14-38,71,-8
random,random_robot_128,10,6,1,SimpleHill,0-0,0,11,14-38,17-33;21-36;19-43;23-39;21-33;15-39,17-33,72,1
random,random_robot_128,10,6,1,SimpleHill,0-0,0,12,17-33,15-30;16-37;10-34;10-26;24-30;16-42,15-30,67,-5
random,random_robot_128,10,6,1,SimpleHill,0-0,0,13,15-30,17-39;9-32;17-27;9-26;7-34;24-34,24-34,81,14
random,random_robot_128,10,6,1,SimpleHill,0-0,0,14,24-34,23-29;19-37;25-42;33-31;30-30;16-29,25-42,86,5
random,random_robot_128,10,6,1,SimpleHill,0-0,0,15,25-42,23-43;28-38;30-50;17-46;21-46;35-42,28-38,87,1
random,random_robot_128,10,6,1,SimpleHill,0-0,0,16,28-38,23-43;34-44;18-38;24-34;33-41;21-45,21-45,82,-5
random,random_robot_128,10,6,1,SimpleHill,0-0,0,17,21-45,15-42;25-50;17-44;21-52;30-45;17-53,15-42,74,-8
random,random_robot_128,10,6,1,SimpleHill,0-0,0,18,15-42,15-36;7-43;11-44;19-47;17-48;8-47,17-48,78,4
random,random_robot_128,10,6,1,SimpleHill,0-0,0,19,17-48,11-40;22-53;15-56;17-58;12-55;12-48,17-58,76,-2
random,random_robot_128,10,6,1,SimpleHill,0-0,0,20,17-58,14-65;13-55;23-56;10-55;22-55;18-52,10-55,67,-9
random,random_robot_128,10,6,1,SimpleHill,0-0,0,21,10-55,16-48;6-55;7-61;9-62;16-61;14-46,6-55,60,-7
random,random_robot_128,10,6,1,SimpleHill,0-0,0,22,6-55,12-48;2-55;7-53;14-53;0-57;9-64,9-64,62,2
random,random_robot_128,10,6,1,SimpleHill,0-0,0,23,9-64,6-57;5-63;16-69;3-63;16-67;13-70,16-69,69,7
random,random_robot_128,10,6,1,SimpleHill,0-0,0,24,16-69,19-64;15-65;25-69;8-63;12-69;21-65,8-63,61,-8
random,random_robot_128,10,6,1,SimpleHill,0-0,0,25,8-63,2-65;14-61;13-67;9-56;16-59;14-69,2-65,49,-12
random,random_robot_128,10,6,1,SimpleHill,0-0,0,26,2-65,7-60;4-65;10-70;4-59;3-60;8-62,3-60,53,4
random,random_robot_128,10,6,1,SimpleHill,0-0,0,27,3-60,9-64;1-65;3-50;0-57;0-54;6-64,3-50,55,2
random,random_robot_128,10,6,1,SimpleHill,0-0,0,28,3-50,2-51;0-54;8-51;11-56;7-43;9-43,2-51,53,-2
random,random_robot_128,10,6,1,SimpleHill,0-0,0,29,2-51,5-47;0-50;5-45;8-53;7-50;0-49,5-47,59,6
random,random_robot_128,10,6,1,SimpleHill,0-0,0,30,5-47,9-50;5-54;5-43;3-42;2-55;8-39,2-55,53,-6
random,random_robot_128,10,6,1,SimpleHill,0-0,0,31,2-55,7-56;4-53;10-53;8-48;6-55;10-57,7-56,62,9
random,random_robot_128,10,6,1,SimpleHill,0-0,0,32,7-56,7-49;5-50;2-58;7-52;8-57;12-61,8-57,63,1
random,random_robot_128,10,6,1,SimpleHill,0-0,0,33,8-57,9-54;8-53;12-61;9-56;12-51;5-64,9-56,65,2
random,random_robot_128,10,6,1,SimpleHill,0-0,0,34,9-56,13-55;4-59;8-47;1-59;2-50;7-48,13-55,72,7
random,random_robot_128,10,6,1,SimpleHill,0-0,0,35,13-55,21-50;7-54;10-63;7-63;13-59;16-50,13-59,71,-1
random,random_robot_128,10,6,1,SimpleHill,0-0,0,36,13-59,20-63;18-55;20-65;11-54;16-56;8-65,8-65,60,-11
random,random_robot_128,10,6,1,SimpleHill,0-0,0,37,8-65,1-64;9-61;16-67;15-70;13-60;7-68,7-68,56,-4
random,random_robot_128,10,6,1,SimpleHill,0-0,0,38,7-68,15-64;4-70;6-67;0-66;2-66;2-61,15-64,71,15
random,random_robot_128,10,6,1,SimpleHill,0-0,0,39,15-64,21-59;24-64;7-58;9-69;19-60;9-58,9-69,59,-12
random,random_robot_128,10,6,1,SimpleHill,0-0,0,40,9-69,4-61;17-70;9-64;17-65;17-69;3-69,3-69,48,-11
random,random_robot_128,10,6,1,SimpleHill,0-0,0,41,3-69,4-67;2-68;4-69;2-60;9-63;0-64,9-63,63,15
random,random_robot_128,10,6,1,SimpleHill,0-0,0,42,9-63,7-63;2-70;9-66;12-60;11-61;5-64,11-61,67,4
random,random_robot_128,10,6,1,SimpleHill,0-0,0,43,11-61,12-70;19-65;10-52;8-62;7-59;20-58,10-52,67,0
random,random_robot_128,10,6,1,SimpleHill,0-0,0,44,10-52,3-54;13-50;14-49;11-44;15-57;11-49,14-49,74,7
random,random_robot_128,10,6,1,SimpleHill,0-0,0,45,14-49,15-52;13-54;12-47;10-48;15-46;20-56,15-52,75,1
random,random_robot_128,10,6,1,SimpleHill,0-0,0,46,15-52,12-43;17-55;17-48;7-46;8-53;10-54,17-55,77,2
random,random_robot_128,10,6,1,SimpleHill,0-0,0,47,17-55,15-49;24-58;18-64;18-46;14-60;23-57,14-60,72,-5
random,random_robot_128,10,6,1,SimpleHill,0-0,0,48,14-60,6-54;17-55;7-63;7-62;21-60;9-62,7-62,60,-12
random,random_robot_128,10,6,1,SimpleHill,0-0,0,49,7-62,15-60;10-54;3-60;10-59;13-58;16-66,10-59,66,6
random,random_robot_128,10,6,1,SimpleHill,0-0,0,50,10-59,10-53;11-50;8-67;3-52;15-57;8-62,11-50,69,3
random,random_robot_128,10,6,1,SimpleHill,0-0,0,51,11-50,19-55;12-52;5-43;3-55;18-50;11-59,19-55,80,11
random,random_robot_128,10,6,1,SimpleHill,0-0,0,52,19-55,27-61;12-60;14-57;13-50;11-61;16-64,11-61,67,-13
random,random_robot_128,10,6,1,SimpleHill,0-0,0,53,11-61,8-61;9-66;16-60;15-53;12-54;7-58,16-60,74,7
random,random_robot_128,10,6,1,SimpleHill,0-0,0,54,16-60,15-54;20-53;12-60;11-68;20-68;18-53,18-53,79,5
random,random_robot_128,10,6,1,SimpleHill,0-0,0,55,18-53,20-49;18-48;10-55;25-55;22-52;21-62,22-52,84,5
random,random_robot_128,10,6,1,SimpleHill,0-0,0,56,22-52,14-58;26-56;13-53;23-53;28-48;20-55,20-55,81,-3
random,random_robot_128,10,6,1,SimpleHill,0-0,0,57,20-55,23-62;21-56;25-47;13-60;28-57;12-56,28-57,89,8
random,random_robot_128,10,6,1,SimpleHill,0-0,0,58,28-57,35-58;30-51;19-55;33-53;27-65;24-58,27-65,84,-5
random,random_robot_128,10,6,1,SimpleHill,0-0,0,59,27-65,29-56;27-69;32-68;26-61;28-60;22-68,27-69,82,-2
random,random_robot_128,10,6,1,SimpleHill,0-0,0,60,27-69,33-61;35-63;29-60;30-63;30-68;30-66,33-61,91,9
random,random_robot_128,10,6,1,SimpleHill,0-0,0,61,33-61,36-55;35-54;40-60;32-68;31-66;34-60,31-66,87,-4
random,random_robot_128,10,6,1,SimpleHill,0-0,0,62,31-66,28-63;22-68;39-62;25-64;29-60;31-68,25-64,83,-4
random,random_robot_128,10,6,1,SimpleHill,0-0,0,63,25-64,26-57;17-65;26-64;34-60;22-58;23-57,26-64,84,1
random,random_robot_128,10,6,1,SimpleHill,0-0,0,64,26-64,23-56;19-64;21-67;22-65;29-60;26-61,19-64,76,-8
random,random_robot_128,10,6,1,SimpleHill,0-0,0,65,19-64,20-59;22-67;16-61;27-61;17-66;26-68,16-61,74,-2
random,random_robot_128,10,6,1,SimpleHill,0-0,0,66,16-61,16-70;9-65;21-67;16-65;18-69;23-67,23-67,79,5
random,random_robot_128,10,6,1,SimpleHill,0-0,0,67,23-67,26-67;27-58;29-62;28-69;20-69;33-67,28-69,83,4
random,random_robot_128,10,6,1,SimpleHill,0-0,0,68,28-69,38-69;30-60;36-65;35-68;33-66;23-66,35-68,89,6
random,random_robot_128,10,6,1,SimpleHill,0-0,0,69,35-68,41-66;36-59;33-64;39-59;30-67;36-60,30-67,86,-3
random,random_robot_128,10,6,1,SimpleHill,0-0,0,70,30-67,25-67;22-69;25-66;35-65;22-65;38-70,35-65,91,5
random,random_robot_128,10,6,1,SimpleHill,0-0,0,71,35-65,42-66;43-70;36-61;43-61;35-60;41-63,41-63,95,4
random,random_robot_128,10,6,1,SimpleHill,0-0,0,72,41-63,33-65;45-68;34-61;45-65;40-68;47-67,34-61,92,-3
random,random_robot_128,10,6,1,SimpleHill,0-0,0,73,34-61,37-70;37-59;33-60;31-57;35-67;39-60,35-67,89,-3
random,random_robot_128,10,6,1,SimpleHill,0-0,0,74,35-67,40-65;34-61;31-63;31-60;44-66;28-61,31-63,89,0
random,random_robot_128,10,6,1,SimpleHill,0-0,0,75,31-63,36-58;31-67;32-64;25-55;39-61;34-55,34-55,94,5
random,random_robot_128,10,6,1,SimpleHill,0-0,0,76,34-55,33-56;29-57;32-57;32-55;29-61;31-64,33-56,93,-1
random,random_robot_128,10,6,1,SimpleHill,0-0,0,77,33-56,28-61;30-53;32-65;34-49;36-57;28-60,28-61,87,-6
random,random_robot_128,10,6,1,SimpleHill,0-0,0,78,28-61,29-68;36-61;34-64;20-67;29-70;27-55,36-61,93,6
random,random_robot_128,10,6,1,SimpleHill,0-0,0,79,36-61,36-59;33-65;31-60;36-68;37-59;31-66,37-59,95,2
