simulation_type,subj_id,sight_radius,n_gabors,block_ix,landscape_name,starting_pos,starting_score,trial,pos,stims,selected,score,delta
random,random_robot_190,10,6,1,SimpleHill,0-0,0,0,0-0,10-0;8-6;3-5;7-1;6-8;3-0,6-8,26,26
random,random_robot_190,10,6,1,SimpleHill,0-0,0,1,6-8,5-9;3-2;12-6;2-13;4-4;3-16,2-13,26,0
random,random_robot_190,10,6,1,SimpleHill,0-0,0,2,2-13,12-13;2-13;2-8;0-9;11-17;4-19,4-19,38,12
random,random_robot_190,10,6,1,SimpleHill,0-0,0,3,4-19,6-20;0-12;6-26;8-10;6-12;1-26,6-20,43,5
random,random_robot_190,10,6,1,SimpleHill,0-0,0,4,6-20,2-16;10-21;8-16;2-17;5-19;5-27,2-17,32,-11
random,random_robot_190,10,6,1,SimpleHill,0-0,0,5,2-17,8-18;1-20;7-11;2-23;1-8;6-11,8-18,44,12
random,random_robot_190,10,6,1,SimpleHill,0-0,0,6,8-18,3-26;13-21;1-25;1-17;16-20;8-28,16-20,58,14
random,random_robot_190,10,6,1,SimpleHill,0-0,0,7,16-20,14-28;18-19;17-18;7-22;12-20;8-14,12-20,53,-5
random,random_robot_190,10,6,1,SimpleHill,0-0,0,8,12-20,8-18;10-13;5-15;15-17;19-16;19-23,19-23,66,13
random,random_robot_190,10,6,1,SimpleHill,0-0,0,9,19-23,21-20;18-24;17-15;18-15;11-26;28-27,18-24,66,0
random,random_robot_190,10,6,1,SimpleHill,0-0,0,10,18-24,14-17;19-18;18-25;21-22;9-26;18-27,18-27,68,2
random,random_robot_190,10,6,1,SimpleHill,0-0,0,11,18-27,16-26;13-31;12-24;18-26;22-29;20-24,22-29,75,7
random,random_robot_190,10,6,1,SimpleHill,0-0,0,12,22-29,14-27;27-37;26-35;22-35;26-33;29-36,14-27,63,-12
random,random_robot_190,10,6,1,SimpleHill,0-0,0,13,14-27,13-35;11-35;8-30;7-28;14-29;10-25,7-28,53,-10
random,random_robot_190,10,6,1,SimpleHill,0-0,0,14,7-28,3-32;14-35;7-38;13-36;8-36;0-23,8-36,60,7
random,random_robot_190,10,6,1,SimpleHill,0-0,0,15,8-36,6-28;15-32;4-32;6-37;7-30;3-44,15-32,69,9
random,random_robot_190,10,6,1,SimpleHill,0-0,0,16,15-32,21-35;17-25;19-36;15-25;16-36;15-42,17-25,65,-4
random,random_robot_190,10,6,1,SimpleHill,0-0,0,17,17-25,25-28;27-25;18-28;16-33;17-27;12-24,17-27,67,2
random,random_robot_190,10,6,1,SimpleHill,0-0,0,18,17-27,22-23;18-32;11-19;21-33;23-23;24-24,21-33,77,10
random,random_robot_190,10,6,1,SimpleHill,0-0,0,19,21-33,28-28;29-39;24-27;18-30;26-40;25-38,26-40,86,9
random,random_robot_190,10,6,1,SimpleHill,0-0,0,20,26-40,23-43;29-49;27-47;33-43;35-38;26-49,23-43,84,-2
random,random_robot_190,10,6,1,SimpleHill,0-0,0,21,23-43,23-45;14-40;30-40;32-42;25-34;25-36,25-34,82,-2
random,random_robot_190,10,6,1,SimpleHill,0-0,0,22,25-34,31-34;16-33;28-33;33-37;31-33;26-40,31-33,87,5
random,random_robot_190,10,6,1,SimpleHill,0-0,0,23,31-33,23-28;25-39;29-36;29-37;28-37;31-25,25-39,85,-2
random,random_robot_190,10,6,1,SimpleHill,0-0,0,24,25-39,19-37;22-48;18-42;26-37;21-40;17-44,21-40,81,-4
random,random_robot_190,10,6,1,SimpleHill,0-0,0,25,21-40,29-38;23-33;27-35;20-46;16-41;26-34,27-35,84,3
random,random_robot_190,10,6,1,SimpleHill,0-0,0,26,27-35,32-31;29-30;31-40;23-40;35-33;21-30,31-40,90,6
random,random_robot_190,10,6,1,SimpleHill,0-0,0,27,31-40,23-34;22-39;33-47;38-47;28-46;26-45,38-47,96,6
random,random_robot_190,10,6,1,SimpleHill,0-0,0,28,38-47,43-50;40-44;46-41;42-48;37-41;29-49,46-41,98,2
random,random_robot_190,10,6,1,SimpleHill,0-0,0,29,46-41,44-38;55-45;41-39;37-41;55-41;41-46,41-39,95,-3
random,random_robot_190,10,6,1,SimpleHill,0-0,0,30,41-39,40-45;31-39;37-41;39-34;47-45;32-36,32-36,89,-6
random,random_robot_190,10,6,1,SimpleHill,0-0,0,31,32-36,36-36;29-44;26-34;40-33;40-30;37-41,36-36,92,3
random,random_robot_190,10,6,1,SimpleHill,0-0,0,32,36-36,44-31;43-30;33-36;42-37;29-29;30-40,30-40,90,-2
random,random_robot_190,10,6,1,SimpleHill,0-0,0,33,30-40,35-35;23-38;36-43;30-50;25-47;35-46,36-43,95,5
random,random_robot_190,10,6,1,SimpleHill,0-0,0,34,36-43,32-49;43-41;45-40;28-48;36-53;39-44,39-44,96,1
random,random_robot_190,10,6,1,SimpleHill,0-0,0,35,39-44,44-40;39-34;42-37;43-45;36-51;45-38,43-45,98,2
random,random_robot_190,10,6,1,SimpleHill,0-0,0,36,43-45,41-39;41-53;49-45;38-53;42-47;44-46,42-47,98,0
random,random_robot_190,10,6,1,SimpleHill,0-0,0,37,42-47,43-47;34-49;47-42;47-48;42-37;47-51,43-47,98,0
random,random_robot_190,10,6,1,SimpleHill,0-0,0,38,43-47,49-46;42-41;47-55;47-54;48-54;49-48,47-54,99,1
random,random_robot_190,10,6,1,SimpleHill,0-0,0,39,47-54,44-55;41-55;46-54;39-50;48-58;41-48,48-58,98,-1
random,random_robot_190,10,6,1,SimpleHill,0-0,0,40,48-58,58-58;54-56;57-62;49-59;39-54;51-53,58-58,97,-1
random,random_robot_190,10,6,1,SimpleHill,0-0,0,41,58-58,52-58;53-66;57-63;58-60;54-49;64-57,54-49,99,2
random,random_robot_190,10,6,1,SimpleHill,0-0,0,42,54-49,53-47;48-57;61-56;50-54;59-46;48-51,59-46,98,-1
random,random_robot_190,10,6,1,SimpleHill,0-0,0,43,59-46,57-47;61-38;60-44;62-42;59-44;65-44,57-47,98,0
random,random_robot_190,10,6,1,SimpleHill,0-0,0,44,57-47,58-39;62-47;55-38;55-53;55-40;58-41,58-41,97,-1
random,random_robot_190,10,6,1,SimpleHill,0-0,0,45,58-41,52-44;54-42;67-40;52-43;60-33;61-42,60-33,92,-5
random,random_robot_190,10,6,1,SimpleHill,0-0,0,46,60-33,62-41;55-38;51-32;52-28;56-35;58-40,52-28,90,-2
random,random_robot_190,10,6,1,SimpleHill,0-0,0,47,52-28,46-36;45-35;44-28;45-30;49-20;49-29,44-28,89,-1
random,random_robot_190,10,6,1,SimpleHill,0-0,0,48,44-28,50-22;52-29;40-33;48-19;38-31;37-21,40-33,92,3
random,random_robot_190,10,6,1,SimpleHill,0-0,0,49,40-33,49-29;48-38;46-34;45-39;40-40;40-30,46-34,94,2
random,random_robot_190,10,6,1,SimpleHill,0-0,0,50,46-34,37-30;40-30;43-36;43-37;46-37;48-39,48-39,97,3
random,random_robot_190,10,6,1,SimpleHill,0-0,0,51,48-39,39-42;50-36;56-45;47-39;54-47;42-40,39-42,96,-1
random,random_robot_190,10,6,1,SimpleHill,0-0,0,52,39-42,47-38;40-45;35-46;45-45;31-46;39-42,47-38,96,0
random,random_robot_190,10,6,1,SimpleHill,0-0,0,53,47-38,44-42;47-42;45-33;49-37;51-31;53-44,49-37,96,0
random,random_robot_190,10,6,1,SimpleHill,0-0,0,54,49-37,52-35;50-44;48-28;44-43;53-32;53-38,53-32,93,-3
random,random_robot_190,10,6,1,SimpleHill,0-0,0,55,53-32,49-29;59-40;58-24;55-24;55-41;60-36,55-41,97,4
random,random_robot_190,10,6,1,SimpleHill,0-0,0,56,55-41,59-46;49-38;59-48;51-48;54-40;57-43,51-48,99,2
random,random_robot_190,10,6,1,SimpleHill,0-0,0,57,51-48,46-45;53-44;48-53;55-57;46-40;54-43,53-44,99,0
random,random_robot_190,10,6,1,SimpleHill,0-0,0,58,53-44,59-42;61-44;52-45;53-41;52-42;51-48,53-41,98,-1
random,random_robot_190,10,6,1,SimpleHill,0-0,0,59,53-41,51-47;61-47;61-46;57-39;61-35;54-32,51-47,99,1
random,random_robot_190,10,6,1,SimpleHill,0-0,0,60,51-47,51-45;57-49;49-55;48-52;44-54;55-40,55-40,97,-2
random,random_robot_190,10,6,1,SimpleHill,0-0,0,61,55-40,50-32;51-49;49-37;47-43;52-45;62-39,52-45,99,2
random,random_robot_190,10,6,1,SimpleHill,0-0,0,62,52-45,43-47;57-48;54-47;49-48;57-37;53-41,57-48,98,-1
random,random_robot_190,10,6,1,SimpleHill,0-0,0,63,57-48,51-41;48-47;64-47;55-45;52-48;53-56,64-47,95,-3
random,random_robot_190,10,6,1,SimpleHill,0-0,0,64,64-47,55-48;67-39;65-45;63-43;58-39;69-50,58-39,96,1
random,random_robot_190,10,6,1,SimpleHill,0-0,0,65,58-39,66-44;65-42;64-31;53-35;61-39;67-43,66-44,94,-2
random,random_robot_190,10,6,1,SimpleHill,0-0,0,66,66-44,61-40;68-46;60-46;63-51;64-41;62-45,68-46,93,-1
random,random_robot_190,10,6,1,SimpleHill,0-0,0,67,68-46,64-46;62-47;66-44;70-45;66-46;70-49,70-45,91,-2
random,random_robot_190,10,6,1,SimpleHill,0-0,0,68,70-45,61-47;68-52;65-49;62-48;62-50;63-44,65-49,95,4
random,random_robot_190,10,6,1,SimpleHill,0-0,0,69,65-49,65-41;67-45;62-51;68-57;66-58;65-53,68-57,92,-3
random,random_robot_190,10,6,1,SimpleHill,0-0,0,70,68-57,61-55;68-62;67-65;69-53;60-63;67-61,68-62,90,-2
random,random_robot_190,10,6,1,SimpleHill,0-0,0,71,68-62,62-66;63-57;69-54;66-55;64-67;66-69,66-69,87,-3
random,random_robot_190,10,6,1,SimpleHill,0-0,0,72,66-69,65-60;60-67;70-69;62-64;57-69;64-61,70-69,84,-3
random,random_robot_190,10,6,1,SimpleHill,0-0,0,73,70-69,67-62;65-63;64-67;67-60;66-63;66-66,65-63,92,8
random,random_robot_190,10,6,1,SimpleHill,0-0,0,74,65-63,56-63;63-55;66-67;59-60;68-62;57-58,57-58,97,5
random,random_robot_190,10,6,1,SimpleHill,0-0,0,75,57-58,55-65;47-58;57-53;55-67;51-59;48-58,55-67,93,-4
random,random_robot_190,10,6,1,SimpleHill,0-0,0,76,55-67,61-70;49-60;55-68;56-70;54-67;62-67,55-68,93,0
random,random_robot_190,10,6,1,SimpleHill,0-0,0,77,55-68,51-60;64-70;57-66;60-60;51-67;63-65,64-70,88,-5
random,random_robot_190,10,6,1,SimpleHill,0-0,0,78,64-70,66-70;58-63;57-66;62-65;61-68;63-66,66-70,86,-2
random,random_robot_190,10,6,1,SimpleHill,0-0,0,79,66-70,67-61;69-67;59-64;62-64;61-63;59-67,62-64,93,7
