simulation_type,subj_id,sight_radius,n_gabors,block_ix,landscape_name,starting_pos,starting_score,trial,pos,stims,selected,score,delta
random,random_robot_68,10,6,1,SimpleHill,0-0,0,0,0-0,3-8;1-5;6-0;7-6;5-7;7-2,6-0,11,11
random,random_robot_68,10,6,1,SimpleHill,0-0,0,1,6-0,0-5;12-6;6-1;14-2;3-8;4-2,3-8,20,9
random,random_robot_68,10,6,1,SimpleHill,0-0,0,2,3-8,6-3;9-8;8-0;2-15;4-12;5-4,8-0,14,-6
random,random_robot_68,10,6,1,SimpleHill,0-0,0,3,8-0,2-8;16-1;10-1;13-7;6-5;3-4,6-5,20,6
random,random_robot_68,10,6,1,SimpleHill,0-0,0,4,6-5,5-4;1-2;13-12;5-10;11-8;8-5,5-4,17,-3
random,random_robot_68,10,6,1,SimpleHill,0-0,0,5,5-4,14-0;0-12;8-12;12-5;8-9;3-5,8-9,31,14
random,random_robot_68,10,6,1,SimpleHill,0-0,0,6,8-9,1-13;8-11;6-5;12-10;2-11;6-18,1-13,24,-7
random,random_robot_68,10,6,1,SimpleHill,0-0,0,7,1-13,0-14;5-9;6-18;0-20;6-9;2-10,6-9,27,3
random,random_robot_68,10,6,1,SimpleHill,0-0,0,8,6-9,14-4;5-7;16-9;12-6;5-17;6-14,5-17,37,10
random,random_robot_68,10,6,1,SimpleHill,0-0,0,9,5-17,13-20;10-21;4-26;0-18;7-20;4-13,7-20,45,8
random,random_robot_68,10,6,1,SimpleHill,0-0,0,10,7-20,5-25;15-24;10-16;7-10;3-12;11-27,7-10,31,-14
random,random_robot_68,10,6,1,SimpleHill,0-0,0,11,7-10,13-18;1-14;14-3;2-10;7-14;3-16,2-10,21,-10
random,random_robot_68,10,6,1,SimpleHill,0-0,0,12,2-10,7-4;4-16;2-15;1-5;6-19;1-15,1-5,11,-10
random,random_robot_68,10,6,1,SimpleHill,0-0,0,13,1-5,2-2;1-11;3-0;5-0;10-4;5-7,2-2,7,-4
random,random_robot_68,10,6,1,SimpleHill,0-0,0,14,2-2,2-1;1-9;2-9;10-4;3-0;11-4,10-4,25,18
random,random_robot_68,10,6,1,SimpleHill,0-0,0,15,10-4,2-9;9-1;8-2;19-8;9-2;18-6,19-8,45,20
random,random_robot_68,10,6,1,SimpleHill,0-0,0,16,19-8,14-2;13-2;25-4;18-5;11-14;17-0,17-0,28,-17
random,random_robot_68,10,6,1,SimpleHill,0-0,0,17,17-0,19-7;26-2;24-6;17-9;23-8;16-7,26-2,42,14
random,random_robot_68,10,6,1,SimpleHill,0-0,0,18,26-2,18-5;24-4;17-1;34-2;32-9;24-7,24-4,44,2
random,random_robot_68,10,6,1,SimpleHill,0-0,0,19,24-4,32-2;26-13;19-6;24-5;25-0;17-6,32-2,47,3
random,random_robot_68,10,6,1,SimpleHill,0-0,0,20,32-2,30-0;29-5;31-1;42-2;35-6;29-1,29-5,50,3
random,random_robot_68,10,6,1,SimpleHill,0-0,0,21,29-5,24-5;22-9;20-1;35-9;30-6;25-9,20-1,33,-17
random,random_robot_68,10,6,1,SimpleHill,0-0,0,22,20-1,19-5;18-7;29-4;13-3;23-4;23-5,23-4,43,10
random,random_robot_68,10,6,1,SimpleHill,0-0,0,23,23-4,27-12;25-10;30-9;15-3;20-0;16-8,15-3,31,-12
random,random_robot_68,10,6,1,SimpleHill,0-0,0,24,15-3,12-3;14-7;13-12;14-1;12-7;14-6,14-6,35,4
random,random_robot_68,10,6,1,SimpleHill,0-0,0,25,14-6,5-8;15-7;19-4;20-13;10-4;10-13,5-8,24,-11
random,random_robot_68,10,6,1,SimpleHill,0-0,0,26,5-8,8-0;2-4;9-14;13-3;7-0;6-10,9-14,40,16
random,random_robot_68,10,6,1,SimpleHill,0-0,0,27,9-14,0-16;10-6;0-17;8-16;2-21;7-9,2-21,37,-3
random,random_robot_68,10,6,1,SimpleHill,0-0,0,28,2-21,5-13;6-28;0-17;1-21;8-26;7-20,8-26,53,16
random,random_robot_68,10,6,1,SimpleHill,0-0,0,29,8-26,12-20;0-29;2-31;8-31;10-31;2-22,8-31,57,4
random,random_robot_68,10,6,1,SimpleHill,0-0,0,30,8-31,4-40;7-39;12-40;4-26;11-25;2-30,2-30,45,-12
random,random_robot_68,10,6,1,SimpleHill,0-0,0,31,2-30,10-35;6-34;11-30;10-30;8-26;0-35,8-26,53,8
random,random_robot_68,10,6,1,SimpleHill,0-0,0,32,8-26,6-21;17-24;8-25;4-29;3-20;16-22,3-20,37,-16
random,random_robot_68,10,6,1,SimpleHill,0-0,0,33,3-20,6-13;7-11;3-22;2-20;3-29;9-26,2-20,35,-2
random,random_robot_68,10,6,1,SimpleHill,0-0,0,34,2-20,2-29;6-28;3-14;11-24;0-28;5-14,3-14,29,-6
random,random_robot_68,10,6,1,SimpleHill,0-0,0,35,3-14,3-11;7-20;1-15;9-11;6-18;11-12,11-12,40,11
random,random_robot_68,10,6,1,SimpleHill,0-0,0,36,11-12,6-12;15-6;3-6;10-12;6-20;18-18,3-6,17,-23
random,random_robot_68,10,6,1,SimpleHill,0-0,0,37,3-6,9-5;7-11;7-12;4-6;12-10;12-8,7-11,32,15
random,random_robot_68,10,6,1,SimpleHill,0-0,0,38,7-11,14-15;1-3;16-11;4-3;16-10;3-19,14-15,49,17
random,random_robot_68,10,6,1,SimpleHill,0-0,0,39,14-15,21-22;16-8;8-22;16-16;21-10;13-24,8-22,49,0
random,random_robot_68,10,6,1,SimpleHill,0-0,0,40,8-22,7-29;12-16;13-19;7-21;1-19;16-28,7-29,54,5
random,random_robot_68,10,6,1,SimpleHill,0-0,0,41,7-29,5-38;4-26;7-31;16-30;12-23;5-22,12-23,56,2
random,random_robot_68,10,6,1,SimpleHill,0-0,0,42,12-23,14-14;6-21;12-28;3-26;12-29;4-26,6-21,44,-12
random,random_robot_68,10,6,1,SimpleHill,0-0,0,43,6-21,14-20;4-27;8-19;13-26;5-21;15-22,15-22,59,15
random,random_robot_68,10,6,1,SimpleHill,0-0,0,44,15-22,14-27;12-28;21-21;15-24;22-28;14-25,14-27,63,4
random,random_robot_68,10,6,1,SimpleHill,0-0,0,45,14-27,17-32;16-22;5-27;6-23;18-30;17-21,6-23,46,-17
random,random_robot_68,10,6,1,SimpleHill,0-0,0,46,6-23,0-22;4-19;10-24;12-24;10-32;13-30,13-30,64,18
random,random_robot_68,10,6,1,SimpleHill,0-0,0,47,13-30,12-36;18-34;18-36;14-31;21-31;17-31,18-36,75,11
random,random_robot_68,10,6,1,SimpleHill,0-0,0,48,18-36,23-37;20-36;23-41;27-37;19-43;27-33,23-41,83,8
random,random_robot_68,10,6,1,SimpleHill,0-0,0,49,23-41,23-48;18-43;17-48;16-45;28-41;18-47,17-48,78,-5
random,random_robot_68,10,6,1,SimpleHill,0-0,0,50,17-48,18-40;18-45;14-39;20-56;13-46;12-40,20-56,81,3
random,random_robot_68,10,6,1,SimpleHill,0-0,0,51,20-56,27-63;23-48;16-58;18-64;18-61;27-61,23-48,85,4
random,random_robot_68,10,6,1,SimpleHill,0-0,0,52,23-48,25-43;22-57;27-45;27-54;24-54;26-47,24-54,86,1
random,random_robot_68,10,6,1,SimpleHill,0-0,0,53,24-54,18-47;16-48;26-57;24-52;22-55;27-55,22-55,83,-3
random,random_robot_68,10,6,1,SimpleHill,0-0,0,54,22-55,25-62;18-64;24-50;19-46;25-57;28-62,25-57,86,3
random,random_robot_68,10,6,1,SimpleHill,0-0,0,55,25-57,22-53;24-53;20-59;24-49;25-58;22-58,20-59,80,-6
random,random_robot_68,10,6,1,SimpleHill,0-0,0,56,20-59,20-68;19-64;14-67;17-68;18-62;24-51,14-67,68,-12
random,random_robot_68,10,6,1,SimpleHill,0-0,0,57,14-67,19-59;13-66;8-63;12-70;7-61;10-63,12-70,63,-5
random,random_robot_68,10,6,1,SimpleHill,0-0,0,58,12-70,17-63;13-68;14-61;9-70;12-60;22-70,22-70,76,13
random,random_robot_68,10,6,1,SimpleHill,0-0,0,59,22-70,24-63;25-67;18-70;18-63;17-64;18-62,18-70,71,-5
random,random_robot_68,10,6,1,SimpleHill,0-0,0,60,18-70,16-70;23-66;20-62;18-62;23-70;12-66,16-70,68,-3
random,random_robot_68,10,6,1,SimpleHill,0-0,0,61,16-70,17-67;19-61;10-64;18-66;9-66;21-69,19-61,78,10
random,random_robot_68,10,6,1,SimpleHill,0-0,0,62,19-61,16-69;24-54;26-67;19-55;26-59;21-60,24-54,86,8
random,random_robot_68,10,6,1,SimpleHill,0-0,0,63,24-54,25-57;19-48;18-48;21-61;19-51;24-47,18-48,79,-7
random,random_robot_68,10,6,1,SimpleHill,0-0,0,64,18-48,17-51;13-51;15-53;12-46;24-44;17-54,13-51,72,-7
random,random_robot_68,10,6,1,SimpleHill,0-0,0,65,13-51,18-53;15-48;20-52;18-43;14-56;11-58,18-53,79,7
random,random_robot_68,10,6,1,SimpleHill,0-0,0,66,18-53,12-52;26-52;23-58;23-45;26-56;12-55,26-56,87,8
random,random_robot_68,10,6,1,SimpleHill,0-0,0,67,26-56,33-61;26-55;23-52;24-56;27-48;28-54,23-52,85,-2
random,random_robot_68,10,6,1,SimpleHill,0-0,0,68,23-52,15-57;24-48;15-46;27-50;25-49;27-46,27-50,89,4
random,random_robot_68,10,6,1,SimpleHill,0-0,0,69,27-50,30-46;29-57;30-47;25-54;33-43;27-57,33-43,93,4
random,random_robot_68,10,6,1,SimpleHill,0-0,0,70,33-43,36-52;40-42;35-46;36-41;35-48;37-41,35-46,95,2
random,random_robot_68,10,6,1,SimpleHill,0-0,0,71,35-46,41-42;38-49;32-40;29-42;37-46;44-50,29-42,89,-6
random,random_robot_68,10,6,1,SimpleHill,0-0,0,72,29-42,27-38;36-35;28-45;27-51;36-47;20-41,27-51,89,0
random,random_robot_68,10,6,1,SimpleHill,0-0,0,73,27-51,31-45;30-43;34-57;23-56;30-47;27-58,34-57,93,4
random,random_robot_68,10,6,1,SimpleHill,0-0,0,74,34-57,26-63;39-54;41-54;39-61;32-61;38-63,38-63,93,0
random,random_robot_68,10,6,1,SimpleHill,0-0,0,75,38-63,33-62;32-65;47-60;30-61;43-59;33-59,43-59,97,4
random,random_robot_68,10,6,1,SimpleHill,0-0,0,76,43-59,41-59;49-67;47-61;46-54;48-54;35-65,47-61,97,0
random,random_robot_68,10,6,1,SimpleHill,0-0,0,77,47-61,49-63;38-61;53-60;43-52;43-61;50-58,50-58,98,1
random,random_robot_68,10,6,1,SimpleHill,0-0,0,78,50-58,43-58;44-58;48-63;54-57;49-55;52-52,54-57,98,0
random,random_robot_68,10,6,1,SimpleHill,0-0,0,79,54-57,62-59;51-50;59-60;52-62;59-51;57-57,52-62,97,-1
