simulation_type,subj_id,sight_radius,n_gabors,block_ix,landscape_name,starting_pos,starting_score,trial,pos,stims,selected,score,delta
random,random_robot_60,10,6,1,SimpleHill,0-0,0,0,0-0,0-4;6-0;3-8;7-5;6-5;1-1,1-1,3,3
random,random_robot_60,10,6,1,SimpleHill,0-0,0,1,1-1,10-5;9-2;6-5;5-10;1-11;3-7,9-2,20,17
random,random_robot_60,10,6,1,SimpleHill,0-0,0,2,9-2,13-6;0-0;8-3;3-3;11-7;18-1,8-3,20,0
random,random_robot_60,10,6,1,SimpleHill,0-0,0,3,8-3,3-1;5-6;3-5;8-1;14-7;0-6,8-1,16,-4
random,random_robot_60,10,6,1,SimpleHill,0-0,0,4,8-1,0-2;12-9;14-7;0-0;6-7;11-6,0-2,3,-13
random,random_robot_60,10,6,1,SimpleHill,0-0,0,5,0-2,4-4;6-8;5-3;4-3;7-7;3-1,6-8,26,23
random,random_robot_60,10,6,1,SimpleHill,0-0,0,6,6-8,9-7;7-9;5-13;10-10;4-17;13-9,7-9,29,3
random,random_robot_60,10,6,1,SimpleHill,0-0,0,7,7-9,9-3;14-10;14-9;0-5;5-12;6-11,14-9,40,11
random,random_robot_60,10,6,1,SimpleHill,0-0,0,8,14-9,11-10;17-7;15-17;6-12;18-6;10-8,17-7,41,1
random,random_robot_60,10,6,1,SimpleHill,0-0,0,9,17-7,12-1;14-6;18-12;14-3;24-13;10-7,18-12,50,9
random,random_robot_60,10,6,1,SimpleHill,0-0,0,10,18-12,19-17;15-6;21-3;20-9;22-14;11-16,11-16,46,-4
random,random_robot_60,10,6,1,SimpleHill,0-0,0,11,11-16,18-13;14-15;16-18;5-22;17-24;5-15,18-13,52,6
random,random_robot_60,10,6,1,SimpleHill,0-0,0,12,18-13,24-8;9-11;12-21;8-13;14-15;16-5,14-15,49,-3
random,random_robot_60,10,6,1,SimpleHill,0-0,0,13,14-15,22-14;21-13;6-20;20-13;17-8;12-17,12-17,49,0
random,random_robot_60,10,6,1,SimpleHill,0-0,0,14,12-17,11-9;3-17;7-24;15-8;6-19;21-13,7-24,49,0
random,random_robot_60,10,6,1,SimpleHill,0-0,0,15,7-24,15-18;4-24;11-22;6-16;10-29;14-26,15-18,55,6
random,random_robot_60,10,6,1,SimpleHill,0-0,0,16,15-18,9-21;16-17;20-26;23-12;13-11;11-19,23-12,56,1
random,random_robot_60,10,6,1,SimpleHill,0-0,0,17,23-12,30-11;22-9;30-9;29-16;25-3;17-5,25-3,43,-13
random,random_robot_60,10,6,1,SimpleHill,0-0,0,18,25-3,19-3;28-5;17-2;29-4;21-6;17-3,17-2,32,-11
random,random_robot_60,10,6,1,SimpleHill,0-0,0,19,17-2,17-5;8-0;19-6;12-0;17-10;15-0,15-0,25,-7
random,random_robot_60,10,6,1,SimpleHill,0-0,0,20,15-0,15-8;22-7;13-0;20-8;23-1;10-3,23-1,37,12
random,random_robot_60,10,6,1,SimpleHill,0-0,0,21,23-1,24-4;22-8;23-11;16-4;27-4;26-5,24-4,44,7
random,random_robot_60,10,6,1,SimpleHill,0-0,0,22,24-4,25-4;32-6;27-7;22-13;31-9;27-6,27-7,52,8
random,random_robot_60,10,6,1,SimpleHill,0-0,0,23,27-7,20-14;35-9;31-0;26-4;31-13;29-16,26-4,46,-6
random,random_robot_60,10,6,1,SimpleHill,0-0,0,24,26-4,21-5;23-3;22-11;19-9;18-3;17-1,22-11,53,7
random,random_robot_60,10,6,1,SimpleHill,0-0,0,25,22-11,20-16;28-14;25-11;25-7;18-12;28-19,18-12,50,-3
random,random_robot_60,10,6,1,SimpleHill,0-0,0,26,18-12,17-6;12-13;13-17;19-5;16-3;13-4,17-6,39,-11
random,random_robot_60,10,6,1,SimpleHill,0-0,0,27,17-6,16-9;19-3;24-0;24-6;13-7;21-15,24-6,47,8
random,random_robot_60,10,6,1,SimpleHill,0-0,0,28,24-6,29-8;31-10;30-9;19-13;15-2;24-10,15-2,29,-18
random,random_robot_60,10,6,1,SimpleHill,0-0,0,29,15-2,5-2;17-2;15-0;10-8;9-6;12-0,15-0,25,-4
random,random_robot_60,10,6,1,SimpleHill,0-0,0,30,15-0,15-4;8-3;20-4;21-2;10-3;18-1,18-1,31,6
random,random_robot_60,10,6,1,SimpleHill,0-0,0,31,18-1,9-1;12-9;27-2;21-10;22-5;12-5,12-9,37,6
random,random_robot_60,10,6,1,SimpleHill,0-0,0,32,12-9,8-8;20-6;13-3;15-17;9-0;9-9,13-3,28,-9
random,random_robot_60,10,6,1,SimpleHill,0-0,0,33,13-3,21-1;15-9;21-2;19-1;15-0;18-3,18-3,35,7
random,random_robot_60,10,6,1,SimpleHill,0-0,0,34,18-3,14-3;13-0;24-4;16-7;11-0;19-8,19-8,45,10
random,random_robot_60,10,6,1,SimpleHill,0-0,0,35,19-8,17-5;12-8;22-2;18-15;10-4;25-15,17-5,37,-8
random,random_robot_60,10,6,1,SimpleHill,0-0,0,36,17-5,7-5;19-6;14-7;8-9;18-8;11-0,8-9,31,-6
random,random_robot_60,10,6,1,SimpleHill,0-0,0,37,8-9,0-3;12-12;15-8;9-14;8-7;17-13,15-8,40,9
random,random_robot_60,10,6,1,SimpleHill,0-0,0,38,15-8,17-5;23-4;13-12;16-5;11-4;18-1,13-12,43,3
random,random_robot_60,10,6,1,SimpleHill,0-0,0,39,13-12,18-12;12-11;9-13;11-6;17-3;15-17,15-17,53,10
random,random_robot_60,10,6,1,SimpleHill,0-0,0,40,15-17,21-22;22-19;18-25;7-11;10-17;17-8,21-22,67,14
random,random_robot_60,10,6,1,SimpleHill,0-0,0,41,21-22,21-24;18-13;15-19;19-28;21-29;17-17,18-13,52,-15
random,random_robot_60,10,6,1,SimpleHill,0-0,0,42,18-13,13-9;12-15;23-17;11-17;14-4;19-14,14-4,31,-21
random,random_robot_60,10,6,1,SimpleHill,0-0,0,43,14-4,6-2;6-4;5-1;11-10;15-10;13-3,6-2,15,-16
random,random_robot_60,10,6,1,SimpleHill,0-0,0,44,6-2,2-7;3-3;8-10;3-10;6-1;1-7,2-7,16,1
random,random_robot_60,10,6,1,SimpleHill,0-0,0,45,2-7,3-10;5-1;2-3;3-0;8-1;9-12,2-3,9,-7
random,random_robot_60,10,6,1,SimpleHill,0-0,0,46,2-3,5-10;11-2;0-11;2-4;9-8;10-9,9-8,31,22
random,random_robot_60,10,6,1,SimpleHill,0-0,0,47,9-8,7-15;10-13;5-4;3-14;14-12;11-13,3-14,29,-2
random,random_robot_60,10,6,1,SimpleHill,0-0,0,48,3-14,8-19;7-22;3-12;8-8;5-7;12-16,3-12,26,-3
random,random_robot_60,10,6,1,SimpleHill,0-0,0,49,3-12,10-14;7-5;2-20;3-6;8-19;3-13,10-14,42,16
random,random_robot_60,10,6,1,SimpleHill,0-0,0,50,10-14,4-9;5-22;11-9;14-5;18-14;16-7,4-9,24,-18
random,random_robot_60,10,6,1,SimpleHill,0-0,0,51,4-9,8-3;10-5;5-1;5-4;1-12;8-8,10-5,27,3
random,random_robot_60,10,6,1,SimpleHill,0-0,0,52,10-5,10-10;8-4;5-10;9-14;10-8;7-14,10-10,36,9
random,random_robot_60,10,6,1,SimpleHill,0-0,0,53,10-10,3-3;9-1;19-14;10-8;16-11;5-6,19-14,54,18
random,random_robot_60,10,6,1,SimpleHill,0-0,0,54,19-14,13-11;15-13;20-7;11-17;24-21;18-17,15-13,48,-6
random,random_robot_60,10,6,1,SimpleHill,0-0,0,55,15-13,20-16;19-18;9-11;17-10;17-16;14-12,17-10,46,-2
random,random_robot_60,10,6,1,SimpleHill,0-0,0,56,17-10,9-7;12-15;23-17;17-13;24-8;26-6,23-17,63,17
random,random_robot_60,10,6,1,SimpleHill,0-0,0,57,23-17,19-12;29-22;24-15;22-23;22-11;31-15,24-15,61,-2
random,random_robot_60,10,6,1,SimpleHill,0-0,0,58,24-15,28-18;32-21;28-15;32-12;22-22;20-21,28-15,65,4
random,random_robot_60,10,6,1,SimpleHill,0-0,0,59,28-15,26-13;19-11;32-17;35-9;24-20;27-20,35-9,61,-4
random,random_robot_60,10,6,1,SimpleHill,0-0,0,60,35-9,26-11;35-15;39-6;29-16;29-7;44-5,44-5,58,-3
random,random_robot_60,10,6,1,SimpleHill,0-0,0,61,44-5,37-11;48-2;40-13;45-3;50-5;48-4,45-3,55,-3
random,random_robot_60,10,6,1,SimpleHill,0-0,0,62,45-3,47-8;37-0;39-9;52-1;37-8;52-10,37-0,46,-9
random,random_robot_60,10,6,1,SimpleHill,0-0,0,63,37-0,44-4;45-5;29-3;35-0;40-8;30-3,35-0,45,-1
random,random_robot_60,10,6,1,SimpleHill,0-0,0,64,35-0,39-4;29-1;27-0;30-0;35-9;38-7,35-9,61,16
random,random_robot_60,10,6,1,SimpleHill,0-0,0,65,35-9,41-13;29-9;37-5;32-12;30-7;35-6,41-13,71,10
random,random_robot_60,10,6,1,SimpleHill,0-0,0,66,41-13,36-9;49-8;47-15;47-10;35-10;46-14,47-15,75,4
random,random_robot_60,10,6,1,SimpleHill,0-0,0,67,47-15,53-17;37-15;48-14;54-9;54-18;38-13,53-17,78,3
random,random_robot_60,10,6,1,SimpleHill,0-0,0,68,53-17,56-11;55-10;60-23;58-24;50-23;59-18,58-24,85,7
random,random_robot_60,10,6,1,SimpleHill,0-0,0,69,58-24,63-29;68-24;59-25;64-27;54-28;65-17,68-24,80,-5
random,random_robot_60,10,6,1,SimpleHill,0-0,0,70,68-24,63-19;64-18;62-22;61-28;61-17;67-21,61-17,75,-5
random,random_robot_60,10,6,1,SimpleHill,0-0,0,71,61-17,67-24;64-23;57-8;57-13;69-23;65-14,57-13,71,-4
random,random_robot_60,10,6,1,SimpleHill,0-0,0,72,57-13,59-7;62-21;59-11;62-14;58-10;63-21,62-14,71,0
random,random_robot_60,10,6,1,SimpleHill,0-0,0,73,62-14,68-15;63-5;60-8;62-13;62-4;52-14,60-8,62,-9
random,random_robot_60,10,6,1,SimpleHill,0-0,0,74,60-8,65-14;60-0;53-13;53-6;52-12;54-13,60-0,48,-14
random,random_robot_60,10,6,1,SimpleHill,0-0,0,75,60-0,67-7;66-5;59-4;61-9;68-5;64-6,59-4,56,8
random,random_robot_60,10,6,1,SimpleHill,0-0,0,76,59-4,52-0;62-6;53-8;57-6;62-11;57-11,52-0,49,-7
random,random_robot_60,10,6,1,SimpleHill,0-0,0,77,52-0,49-4;52-10;54-3;45-4;56-0;45-3,54-3,55,6
random,random_robot_60,10,6,1,SimpleHill,0-0,0,78,54-3,50-11;63-5;62-9;44-3;55-10;61-2,61-2,51,-4
random,random_robot_60,10,6,1,SimpleHill,0-0,0,79,61-2,59-2;61-2;53-0;56-2;60-3;61-8,53-0,49,-2
