simulation_type,subj_id,sight_radius,n_gabors,block_ix,landscape_name,starting_pos,starting_score,trial,pos,stims,selected,score,delta
random,random_robot_195,10,6,1,SimpleHill,0-0,0,0,0-0,9-1;4-9;3-5;9-3;3-0;5-5,4-9,24,24
random,random_robot_195,10,6,1,SimpleHill,0-0,0,1,4-9,7-7;7-6;7-16;0-18;1-7;12-12,0-18,29,5
random,random_robot_195,10,6,1,SimpleHill,0-0,0,2,0-18,4-27;4-15;6-17;3-17;0-14;0-24,4-15,33,4
random,random_robot_195,10,6,1,SimpleHill,0-0,0,3,4-15,7-21;11-12;6-6;0-7;3-6;3-19,3-19,36,3
random,random_robot_195,10,6,1,SimpleHill,0-0,0,4,3-19,5-23;5-16;6-22;7-25;0-28;11-17,11-17,47,11
random,random_robot_195,10,6,1,SimpleHill,0-0,0,5,11-17,9-24;6-10;13-8;11-9;11-8;5-25,11-9,35,-12
random,random_robot_195,10,6,1,SimpleHill,0-0,0,6,11-9,8-2;9-3;12-17;14-11;12-4;6-5,12-17,49,14
random,random_robot_195,10,6,1,SimpleHill,0-0,0,7,12-17,19-24;9-23;8-9;9-24;14-9;3-16,3-16,32,-17
random,random_robot_195,10,6,1,SimpleHill,0-0,0,8,3-16,2-17;10-16;6-7;5-7;9-8;2-11,2-11,23,-9
random,random_robot_195,10,6,1,SimpleHill,0-0,0,9,2-11,5-12;7-3;4-8;1-13;0-12;9-18,5-12,30,7
random,random_robot_195,10,6,1,SimpleHill,0-0,0,10,5-12,4-8;9-13;13-18;9-18;3-18;2-12,9-18,45,15
random,random_robot_195,10,6,1,SimpleHill,0-0,0,11,9-18,15-11;16-16;4-12;14-24;13-18;9-20,14-24,60,15
random,random_robot_195,10,6,1,SimpleHill,0-0,0,12,14-24,20-28;8-24;16-21;13-22;11-19;15-32,8-24,51,-9
random,random_robot_195,10,6,1,SimpleHill,0-0,0,13,8-24,0-27;1-20;3-27;1-31;11-21;8-33,0-27,39,-12
random,random_robot_195,10,6,1,SimpleHill,0-0,0,14,0-27,5-30;3-23;3-35;3-32;7-28;1-31,3-32,49,10
random,random_robot_195,10,6,1,SimpleHill,0-0,0,15,3-32,7-26;9-27;1-36;11-28;8-31;11-33,8-31,57,8
random,random_robot_195,10,6,1,SimpleHill,0-0,0,16,8-31,13-31;17-33;8-41;1-28;10-35;2-34,17-33,72,15
random,random_robot_195,10,6,1,SimpleHill,0-0,0,17,17-33,12-30;18-40;14-42;19-40;15-40;15-25,14-42,72,0
random,random_robot_195,10,6,1,SimpleHill,0-0,0,18,14-42,7-36;11-39;12-33;13-35;7-35;4-42,13-35,68,-4
random,random_robot_195,10,6,1,SimpleHill,0-0,0,19,13-35,14-41;20-32;18-37;16-44;18-27;14-44,16-44,76,8
random,random_robot_195,10,6,1,SimpleHill,0-0,0,20,16-44,17-52;23-39;9-49;8-47;17-51;20-43,17-51,78,2
random,random_robot_195,10,6,1,SimpleHill,0-0,0,21,17-51,17-60;20-49;12-58;22-46;14-50;15-44,17-60,76,-2
random,random_robot_195,10,6,1,SimpleHill,0-0,0,22,17-60,18-59;21-58;16-63;12-61;11-66;15-67,11-66,64,-12
random,random_robot_195,10,6,1,SimpleHill,0-0,0,23,11-66,19-70;8-65;3-61;6-63;2-64;11-68,6-63,57,-7
random,random_robot_195,10,6,1,SimpleHill,0-0,0,24,6-63,0-63;3-66;6-55;3-63;14-58;6-53,6-55,60,3
random,random_robot_195,10,6,1,SimpleHill,0-0,0,25,6-55,6-57;13-51;0-49;0-62;10-56;12-51,6-57,60,0
random,random_robot_195,10,6,1,SimpleHill,0-0,0,26,6-57,1-51;7-66;0-54;4-62;5-50;0-56,4-62,54,-6
random,random_robot_195,10,6,1,SimpleHill,0-0,0,27,4-62,4-58;3-70;12-67;7-59;9-59;13-58,3-70,47,-7
random,random_robot_195,10,6,1,SimpleHill,0-0,0,28,3-70,6-63;8-66;0-63;10-69;13-70;0-70,10-69,60,13
random,random_robot_195,10,6,1,SimpleHill,0-0,0,29,10-69,9-68;5-63;16-68;19-67;10-69;12-67,9-68,59,-1
random,random_robot_195,10,6,1,SimpleHill,0-0,0,30,9-68,11-63;6-60;2-62;12-65;7-67;9-67,9-67,60,1
random,random_robot_195,10,6,1,SimpleHill,0-0,0,31,9-67,19-67;2-60;4-59;12-61;7-63;5-69,5-69,52,-8
random,random_robot_195,10,6,1,SimpleHill,0-0,0,32,5-69,4-68;6-64;10-68;11-65;9-64;9-69,9-64,62,10
random,random_robot_195,10,6,1,SimpleHill,0-0,0,33,9-64,12-64;10-57;11-62;12-59;14-62;12-60,12-60,69,7
random,random_robot_195,10,6,1,SimpleHill,0-0,0,34,12-60,11-56;13-67;8-51;11-60;7-60;16-55,13-67,66,-3
random,random_robot_195,10,6,1,SimpleHill,0-0,0,35,13-67,10-64;17-69;19-60;19-69;17-66;10-67,19-60,78,12
random,random_robot_195,10,6,1,SimpleHill,0-0,0,36,19-60,17-60;11-54;13-65;24-54;28-63;13-56,28-63,86,8
random,random_robot_195,10,6,1,SimpleHill,0-0,0,37,28-63,24-64;36-63;24-66;22-69;34-55;20-64,22-69,77,-9
random,random_robot_195,10,6,1,SimpleHill,0-0,0,38,22-69,21-67;29-65;19-70;22-70;19-61;24-64,19-61,78,1
random,random_robot_195,10,6,1,SimpleHill,0-0,0,39,19-61,27-57;9-61;27-66;17-70;25-53;22-61,25-53,87,9
random,random_robot_195,10,6,1,SimpleHill,0-0,0,40,25-53,20-50;18-48;29-44;23-57;24-53;30-48,20-50,82,-5
random,random_robot_195,10,6,1,SimpleHill,0-0,0,41,20-50,27-45;24-56;21-43;24-58;24-55;16-52,24-55,85,3
random,random_robot_195,10,6,1,SimpleHill,0-0,0,42,24-55,24-65;22-58;30-61;24-53;27-59;20-50,22-58,83,-2
random,random_robot_195,10,6,1,SimpleHill,0-0,0,43,22-58,24-65;18-62;24-56;16-50;26-59;23-55,23-55,84,1
random,random_robot_195,10,6,1,SimpleHill,0-0,0,44,23-55,27-63;22-57;31-51;28-59;29-54;25-53,27-63,86,2
random,random_robot_195,10,6,1,SimpleHill,0-0,0,45,27-63,31-68;24-65;29-60;36-64;23-70;33-56,31-68,86,0
random,random_robot_195,10,6,1,SimpleHill,0-0,0,46,31-68,30-70;29-65;28-59;32-68;34-63;32-69,30-70,84,-2
random,random_robot_195,10,6,1,SimpleHill,0-0,0,47,30-70,28-62;26-62;32-62;31-66;35-69;35-68,32-62,90,6
random,random_robot_195,10,6,1,SimpleHill,0-0,0,48,32-62,28-61;36-57;31-54;33-61;24-61;37-54,33-61,91,1
random,random_robot_195,10,6,1,SimpleHill,0-0,0,49,33-61,24-60;30-55;41-56;32-66;27-61;35-55,41-56,97,6
random,random_robot_195,10,6,1,SimpleHill,0-0,0,50,41-56,39-60;38-60;43-61;43-62;36-55;44-61,44-61,96,-1
random,random_robot_195,10,6,1,SimpleHill,0-0,0,51,44-61,48-57;51-64;48-59;51-55;40-55;53-63,51-55,99,3
random,random_robot_195,10,6,1,SimpleHill,0-0,0,52,51-55,52-55;44-52;47-54;51-56;51-53;59-58,47-54,99,0
random,random_robot_195,10,6,1,SimpleHill,0-0,0,53,47-54,53-53;55-58;49-52;53-51;52-50;56-58,52-50,99,0
random,random_robot_195,10,6,1,SimpleHill,0-0,0,54,52-50,54-44;57-49;45-44;57-43;46-51;43-54,46-51,99,0
random,random_robot_195,10,6,1,SimpleHill,0-0,0,55,46-51,47-59;44-55;42-57;46-60;53-50;50-46,44-55,98,-1
random,random_robot_195,10,6,1,SimpleHill,0-0,0,56,44-55,39-54;48-54;47-57;46-50;42-51;48-48,47-57,98,0
random,random_robot_195,10,6,1,SimpleHill,0-0,0,57,47-57,41-61;40-51;53-50;49-62;42-64;51-49,40-51,97,-1
random,random_robot_195,10,6,1,SimpleHill,0-0,0,58,40-51,32-53;39-47;31-49;34-45;42-44;33-46,39-47,97,0
random,random_robot_195,10,6,1,SimpleHill,0-0,0,59,39-47,38-48;46-53;35-56;46-41;48-45;45-50,46-53,99,2
random,random_robot_195,10,6,1,SimpleHill,0-0,0,60,46-53,48-55;56-53;51-51;47-54;51-46;46-50,48-55,99,0
random,random_robot_195,10,6,1,SimpleHill,0-0,0,61,48-55,57-54;45-53;39-53;52-49;49-55;47-50,45-53,99,0
random,random_robot_195,10,6,1,SimpleHill,0-0,0,62,45-53,50-57;42-44;52-53;45-53;43-53;53-54,53-54,99,0
random,random_robot_195,10,6,1,SimpleHill,0-0,0,63,53-54,48-52;45-48;57-57;47-47;48-55;55-56,45-48,99,0
random,random_robot_195,10,6,1,SimpleHill,0-0,0,64,45-48,51-52;46-46;42-51;52-42;49-44;43-42,49-44,99,0
random,random_robot_195,10,6,1,SimpleHill,0-0,0,65,49-44,45-51;40-48;50-48;54-39;52-53;57-41,52-53,99,0
random,random_robot_195,10,6,1,SimpleHill,0-0,0,66,52-53,51-62;52-47;54-56;52-61;53-58;54-61,53-58,98,-1
random,random_robot_195,10,6,1,SimpleHill,0-0,0,67,53-58,49-64;50-64;56-62;48-63;54-57;62-60,62-60,95,-3
random,random_robot_195,10,6,1,SimpleHill,0-0,0,68,62-60,68-59;58-57;70-65;66-59;63-52;64-55,70-65,87,-8
random,random_robot_195,10,6,1,SimpleHill,0-0,0,69,70-65,68-65;66-63;63-70;68-58;68-61;67-65,66-63,91,4
random,random_robot_195,10,6,1,SimpleHill,0-0,0,70,66-63,67-55;58-59;64-70;62-58;58-57;59-69,59-69,91,0
random,random_robot_195,10,6,1,SimpleHill,0-0,0,71,59-69,57-68;55-63;59-67;53-62;64-62;66-63,59-67,92,1
random,random_robot_195,10,6,1,SimpleHill,0-0,0,72,59-67,54-68;59-64;50-69;52-61;59-69;50-68,50-68,93,1
random,random_robot_195,10,6,1,SimpleHill,0-0,0,73,50-68,49-61;42-68;52-68;50-60;42-70;55-68,52-68,93,0
random,random_robot_195,10,6,1,SimpleHill,0-0,0,74,52-68,57-68;51-66;47-69;48-70;61-65;53-70,47-69,92,-1
random,random_robot_195,10,6,1,SimpleHill,0-0,0,75,47-69,45-65;50-64;45-67;52-69;38-65;42-63,42-63,95,3
random,random_robot_195,10,6,1,SimpleHill,0-0,0,76,42-63,49-65;46-56;40-67;40-54;47-61;37-56,46-56,98,3
random,random_robot_195,10,6,1,SimpleHill,0-0,0,77,46-56,53-63;41-58;40-64;52-53;37-56;48-50,48-50,99,1
random,random_robot_195,10,6,1,SimpleHill,0-0,0,78,48-50,40-56;47-57;48-53;42-51;43-52;55-56,40-56,97,-2
random,random_robot_195,10,6,1,SimpleHill,0-0,0,79,40-56,44-55;35-53;36-63;45-57;43-58;45-55,45-57,98,1
