simulation_type,subj_id,sight_radius,n_gabors,block_ix,landscape_name,starting_pos,starting_score,trial,pos,stims,selected,score,delta
random,random_robot_147,10,6,1,SimpleHill,0-0,0,0,0-0,2-9;6-8;2-6;6-6;0-9;10-0,2-9,20,20
random,random_robot_147,10,6,1,SimpleHill,0-0,0,1,2-9,6-13;3-16;7-12;6-2;2-16;6-15,3-16,32,12
random,random_robot_147,10,6,1,SimpleHill,0-0,0,2,3-16,2-20;3-13;5-10;8-15;9-12;4-10,3-13,28,-4
random,random_robot_147,10,6,1,SimpleHill,0-0,0,3,3-13,7-10;10-12;0-19;4-8;1-16;9-12,9-12,37,9
random,random_robot_147,10,6,1,SimpleHill,0-0,0,4,9-12,5-19;15-8;9-12;10-11;0-13;3-16,10-11,37,0
random,random_robot_147,10,6,1,SimpleHill,0-0,0,5,10-11,9-15;18-10;12-20;1-11;13-15;8-12,18-10,47,10
random,random_robot_147,10,6,1,SimpleHill,0-0,0,6,18-10,24-8;17-11;22-18;13-3;14-1;9-13,9-13,39,-8
random,random_robot_147,10,6,1,SimpleHill,0-0,0,7,9-13,8-12;10-12;3-13;6-12;14-10;8-22,10-12,39,0
random,random_robot_147,10,6,1,SimpleHill,0-0,0,8,10-12,10-15;9-7;7-16;12-5;9-13;9-11,7-16,39,0
random,random_robot_147,10,6,1,SimpleHill,0-0,0,9,7-16,14-18;11-15;6-14;6-18;13-23;9-21,6-14,35,-4
random,random_robot_147,10,6,1,SimpleHill,0-0,0,10,6-14,12-10;7-18;8-6;3-12;0-15;1-19,0-15,25,-10
random,random_robot_147,10,6,1,SimpleHill,0-0,0,11,0-15,7-21;7-17;6-22;9-14;5-10;3-21,6-22,45,20
random,random_robot_147,10,6,1,SimpleHill,0-0,0,12,6-22,11-17;0-25;10-26;14-17;3-26;9-18,3-26,44,-1
random,random_robot_147,10,6,1,SimpleHill,0-0,0,13,3-26,2-25;5-20;7-27;7-20;1-26;2-29,2-25,41,-3
random,random_robot_147,10,6,1,SimpleHill,0-0,0,14,2-25,4-28;0-23;2-23;8-26;1-33;7-26,4-28,48,7
random,random_robot_147,10,6,1,SimpleHill,0-0,0,15,4-28,1-31;10-24;2-29;6-20;7-30;3-26,10-24,54,6
random,random_robot_147,10,6,1,SimpleHill,0-0,0,16,10-24,2-27;10-18;10-20;16-28;3-19;16-27,2-27,43,-11
random,random_robot_147,10,6,1,SimpleHill,0-0,0,17,2-27,9-29;3-27;10-21;0-21;2-20;3-28,0-21,33,-10
random,random_robot_147,10,6,1,SimpleHill,0-0,0,18,0-21,4-12;2-24;3-28;4-16;1-23;8-20,4-12,28,-5
random,random_robot_147,10,6,1,SimpleHill,0-0,0,19,4-12,12-10;3-7;9-19;12-6;4-21;6-17,6-17,39,11
random,random_robot_147,10,6,1,SimpleHill,0-0,0,20,6-17,12-18;5-14;3-22;5-24;2-8;0-14,12-18,50,11
random,random_robot_147,10,6,1,SimpleHill,0-0,0,21,12-18,13-16;9-18;14-27;11-14;10-12;18-18,11-14,43,-7
random,random_robot_147,10,6,1,SimpleHill,0-0,0,22,11-14,16-20;8-19;14-7;11-23;3-12;15-21,16-20,58,15
random,random_robot_147,10,6,1,SimpleHill,0-0,0,23,16-20,19-11;13-29;17-29;19-14;22-19;15-16,17-29,69,11
random,random_robot_147,10,6,1,SimpleHill,0-0,0,24,17-29,17-36;18-30;7-29;15-36;13-36;16-26,7-29,54,-15
random,random_robot_147,10,6,1,SimpleHill,0-0,0,25,7-29,15-30;4-24;13-37;10-36;8-21;10-22,15-30,67,13
random,random_robot_147,10,6,1,SimpleHill,0-0,0,26,15-30,19-21;11-39;12-33;14-30;12-28;17-32,17-32,71,4
random,random_robot_147,10,6,1,SimpleHill,0-0,0,27,17-32,10-25;14-30;21-30;13-23;14-31;14-25,14-30,66,-5
random,random_robot_147,10,6,1,SimpleHill,0-0,0,28,14-30,18-25;21-23;10-31;13-26;13-28;19-35,13-28,62,-4
random,random_robot_147,10,6,1,SimpleHill,0-0,0,29,13-28,12-29;19-32;18-36;16-24;7-27;15-21,7-27,52,-10
random,random_robot_147,10,6,1,SimpleHill,0-0,0,30,7-27,11-34;10-35;0-20;9-35;9-28;13-24,10-35,63,11
random,random_robot_147,10,6,1,SimpleHill,0-0,0,31,10-35,8-30;15-40;3-28;9-44;14-44;17-33,17-33,72,9
random,random_robot_147,10,6,1,SimpleHill,0-0,0,32,17-33,17-33;14-24;17-31;19-35;18-38;17-41,17-31,71,-1
random,random_robot_147,10,6,1,SimpleHill,0-0,0,33,17-31,18-31;23-29;17-22;14-35;20-39;12-34,20-39,79,8
random,random_robot_147,10,6,1,SimpleHill,0-0,0,34,20-39,13-44;25-42;17-40;19-37;25-31;15-33,15-33,69,-10
random,random_robot_147,10,6,1,SimpleHill,0-0,0,35,15-33,6-29;23-32;11-26;13-25;10-28;24-31,10-28,58,-11
random,random_robot_147,10,6,1,SimpleHill,0-0,0,36,10-28,13-26;8-27;13-29;19-26;5-28;15-28,19-26,69,11
random,random_robot_147,10,6,1,SimpleHill,0-0,0,37,19-26,15-25;19-17;26-22;10-25;13-29;15-19,15-25,63,-6
random,random_robot_147,10,6,1,SimpleHill,0-0,0,38,15-25,22-32;16-32;20-31;20-29;17-18;10-33,20-31,74,11
random,random_robot_147,10,6,1,SimpleHill,0-0,0,39,20-31,26-23;19-22;12-27;22-34;15-35;23-26,12-27,60,-14
random,random_robot_147,10,6,1,SimpleHill,0-0,0,40,12-27,7-26;7-32;6-35;8-23;19-22;13-28,8-23,50,-10
random,random_robot_147,10,6,1,SimpleHill,0-0,0,41,8-23,12-27;0-19;1-30;12-31;14-25;14-20,14-20,56,6
random,random_robot_147,10,6,1,SimpleHill,0-0,0,42,14-20,7-14;18-25;17-15;20-13;18-21;16-28,17-15,53,-3
random,random_robot_147,10,6,1,SimpleHill,0-0,0,43,17-15,22-13;24-20;14-13;24-10;9-14;23-18,24-20,68,15
random,random_robot_147,10,6,1,SimpleHill,0-0,0,44,24-20,24-19;32-26;33-17;26-17;24-18;29-28,33-17,72,4
random,random_robot_147,10,6,1,SimpleHill,0-0,0,45,33-17,39-18;38-18;38-16;30-14;36-10;33-15,36-10,64,-8
random,random_robot_147,10,6,1,SimpleHill,0-0,0,46,36-10,39-2;37-16;44-13;42-2;38-13;28-15,42-2,52,-12
random,random_robot_147,10,6,1,SimpleHill,0-0,0,47,42-2,38-1;40-11;48-1;44-3;42-6;33-1,40-11,67,15
random,random_robot_147,10,6,1,SimpleHill,0-0,0,48,40-11,49-15;42-16;34-5;44-10;31-7;32-16,32-16,70,3
random,random_robot_147,10,6,1,SimpleHill,0-0,0,49,32-16,38-14;29-19;26-21;28-21;28-19;33-22,33-22,78,8
random,random_robot_147,10,6,1,SimpleHill,0-0,0,50,33-22,30-17;34-21;36-19;28-15;36-20;28-21,34-21,78,0
random,random_robot_147,10,6,1,SimpleHill,0-0,0,51,34-21,33-15;40-19;29-29;43-19;41-22;34-19,33-15,69,-9
random,random_robot_147,10,6,1,SimpleHill,0-0,0,52,33-15,39-8;28-19;23-15;29-10;31-6;33-19,28-19,71,2
random,random_robot_147,10,6,1,SimpleHill,0-0,0,53,28-19,33-20;34-17;21-16;30-25;28-13;34-20,30-25,79,8
random,random_robot_147,10,6,1,SimpleHill,0-0,0,54,30-25,33-23;23-31;38-30;32-16;32-26;30-32,38-30,89,10
random,random_robot_147,10,6,1,SimpleHill,0-0,0,55,38-30,36-30;38-30;36-38;45-29;35-27;39-28,39-28,87,-2
random,random_robot_147,10,6,1,SimpleHill,0-0,0,56,39-28,45-31;45-23;40-21;32-30;46-33;42-37,45-31,92,5
random,random_robot_147,10,6,1,SimpleHill,0-0,0,57,45-31,47-40;40-39;52-30;53-30;41-31;42-23,41-31,91,-1
random,random_robot_147,10,6,1,SimpleHill,0-0,0,58,41-31,36-36;46-37;44-27;41-34;40-33;39-39,39-39,95,4
random,random_robot_147,10,6,1,SimpleHill,0-0,0,59,39-39,31-36;41-46;35-39;40-48;35-48;34-46,35-39,93,-2
random,random_robot_147,10,6,1,SimpleHill,0-0,0,60,35-39,33-41;31-34;28-34;36-38;28-45;27-39,28-45,89,-4
random,random_robot_147,10,6,1,SimpleHill,0-0,0,61,28-45,27-48;36-43;22-51;20-39;27-38;23-37,27-48,89,0
random,random_robot_147,10,6,1,SimpleHill,0-0,0,62,27-48,21-41;29-47;29-43;20-50;26-48;18-47,29-43,90,1
random,random_robot_147,10,6,1,SimpleHill,0-0,0,63,29-43,30-50;25-45;28-52;22-41;35-50;35-47,25-45,87,-3
random,random_robot_147,10,6,1,SimpleHill,0-0,0,64,25-45,26-41;31-39;24-41;30-43;16-47;20-40,24-41,84,-3
random,random_robot_147,10,6,1,SimpleHill,0-0,0,65,24-41,23-47;17-40;29-47;18-38;26-40;19-34,29-47,91,7
random,random_robot_147,10,6,1,SimpleHill,0-0,0,66,29-47,34-49;31-46;36-43;22-51;28-47;35-47,36-43,95,4
random,random_robot_147,10,6,1,SimpleHill,0-0,0,67,36-43,43-38;33-44;27-44;38-36;35-34;32-43,35-34,90,-5
random,random_robot_147,10,6,1,SimpleHill,0-0,0,68,35-34,33-25;41-27;42-27;34-30;33-27;27-33,33-25,81,-9
random,random_robot_147,10,6,1,SimpleHill,0-0,0,69,33-25,42-29;32-27;36-32;31-20;36-34;38-26,36-32,89,8
random,random_robot_147,10,6,1,SimpleHill,0-0,0,70,36-32,29-32;33-24;42-27;43-38;38-25;28-34,43-38,96,7
random,random_robot_147,10,6,1,SimpleHill,0-0,0,71,43-38,42-43;50-33;39-46;46-37;40-43;40-34,40-43,97,1
random,random_robot_147,10,6,1,SimpleHill,0-0,0,72,40-43,39-41;45-50;46-49;41-46;42-39;49-40,41-46,98,1
random,random_robot_147,10,6,1,SimpleHill,0-0,0,73,41-46,45-52;42-39;35-39;39-52;45-45;33-51,39-52,97,-1
random,random_robot_147,10,6,1,SimpleHill,0-0,0,74,39-52,34-45;48-54;33-58;35-61;45-49;36-45,35-61,93,-4
random,random_robot_147,10,6,1,SimpleHill,0-0,0,75,35-61,28-57;28-67;33-59;31-63;31-57;34-58,28-67,84,-9
random,random_robot_147,10,6,1,SimpleHill,0-0,0,76,28-67,30-65;34-61;23-69;25-68;25-66;32-65,32-65,89,5
random,random_robot_147,10,6,1,SimpleHill,0-0,0,77,32-65,30-64;28-61;38-60;37-68;38-59;37-70,28-61,87,-2
random,random_robot_147,10,6,1,SimpleHill,0-0,0,78,28-61,28-68;27-59;36-60;25-65;23-60;20-55,23-60,83,-4
random,random_robot_147,10,6,1,SimpleHill,0-0,0,79,23-60,23-57;20-55;19-63;27-56;24-68;20-58,27-56,88,5
