simulation_type,subj_id,sight_radius,n_gabors,block_ix,landscape_name,starting_pos,starting_score,trial,pos,stims,selected,score,delta
random,random_robot_31,10,6,1,SimpleHill,0-0,0,0,0-0,0-0;3-5;3-3;3-2;8-0;4-4,3-3,11,11
random,random_robot_31,10,6,1,SimpleHill,0-0,0,1,3-3,4-1;4-11;2-1;0-12;9-4;3-1,4-1,9,-2
random,random_robot_31,10,6,1,SimpleHill,0-0,0,2,4-1,5-4;8-6;4-6;9-0;5-10;2-3,4-6,18,9
random,random_robot_31,10,6,1,SimpleHill,0-0,0,3,4-6,4-12;11-3;5-10;4-2;3-8;0-11,5-10,27,9
random,random_robot_31,10,6,1,SimpleHill,0-0,0,4,5-10,1-19;3-12;10-6;1-8;4-3;8-19,4-3,13,-14
random,random_robot_31,10,6,1,SimpleHill,0-0,0,5,4-3,8-3;10-8;1-4;11-9;6-8;10-0,6-8,26,13
random,random_robot_31,10,6,1,SimpleHill,0-0,0,6,6-8,6-15;7-9;14-13;14-2;1-0;4-17,4-17,35,9
random,random_robot_31,10,6,1,SimpleHill,0-0,0,7,4-17,6-15;3-21;4-22;8-8;3-18;8-25,3-18,35,0
random,random_robot_31,10,6,1,SimpleHill,0-0,0,8,3-18,10-15;3-20;6-24;0-14;9-12;6-11,6-24,47,12
random,random_robot_31,10,6,1,SimpleHill,0-0,0,9,6-24,6-16;13-31;10-29;5-24;9-16;9-21,10-29,59,12
random,random_robot_31,10,6,1,SimpleHill,0-0,0,10,10-29,12-24;11-37;1-32;15-35;16-34;13-33,1-32,45,-14
random,random_robot_31,10,6,1,SimpleHill,0-0,0,11,1-32,4-29;10-30;0-38;0-32;10-32;9-33,0-38,47,2
random,random_robot_31,10,6,1,SimpleHill,0-0,0,12,0-38,5-31;8-35;7-34;2-39;3-35;4-43,8-35,60,13
random,random_robot_31,10,6,1,SimpleHill,0-0,0,13,8-35,3-30;13-36;8-26;12-35;14-37;6-30,13-36,68,8
random,random_robot_31,10,6,1,SimpleHill,0-0,0,14,13-36,7-32;18-29;12-36;6-30;13-33;22-36,6-30,53,-15
random,random_robot_31,10,6,1,SimpleHill,0-0,0,15,6-30,3-29;4-30;6-34;15-27;7-28;2-35,7-28,53,0
random,random_robot_31,10,6,1,SimpleHill,0-0,0,16,7-28,15-29;10-37;3-24;3-28;12-22;16-31,10-37,64,11
random,random_robot_31,10,6,1,SimpleHill,0-0,0,17,10-37,14-32;14-43;5-42;17-43;12-37;12-39,5-42,58,-6
random,random_robot_31,10,6,1,SimpleHill,0-0,0,18,5-42,11-35;7-38;2-44;4-50;11-42;1-45,7-38,60,2
random,random_robot_31,10,6,1,SimpleHill,0-0,0,19,7-38,10-32;5-42;1-42;9-43;6-41;11-34,6-41,59,-1
random,random_robot_31,10,6,1,SimpleHill,0-0,0,20,6-41,0-49;1-41;2-41;5-35;7-32;12-35,2-41,52,-7
random,random_robot_31,10,6,1,SimpleHill,0-0,0,21,2-41,10-42;0-35;8-38;3-47;3-33;11-43,3-33,50,-2
random,random_robot_31,10,6,1,SimpleHill,0-0,0,22,3-33,8-27;2-39;2-37;6-29;2-31;5-39,6-29,52,2
random,random_robot_31,10,6,1,SimpleHill,0-0,0,23,6-29,13-22;9-33;13-24;12-35;8-30;12-37,12-35,66,14
random,random_robot_31,10,6,1,SimpleHill,0-0,0,24,12-35,13-39;20-36;20-37;7-36;20-30;8-37,7-36,59,-7
random,random_robot_31,10,6,1,SimpleHill,0-0,0,25,7-36,6-44;15-32;1-40;11-42;9-36;8-32,1-40,49,-10
random,random_robot_31,10,6,1,SimpleHill,0-0,0,26,1-40,0-33;3-37;9-37;8-42;4-49;9-38,0-33,44,-5
random,random_robot_31,10,6,1,SimpleHill,0-0,0,27,0-33,3-40;4-40;4-28;8-32;1-29;7-26,3-40,53,9
random,random_robot_31,10,6,1,SimpleHill,0-0,0,28,3-40,7-32;9-34;6-44;9-38;6-47;8-39,9-34,61,8
random,random_robot_31,10,6,1,SimpleHill,0-0,0,29,9-34,10-29;9-34;8-33;11-30;8-27;2-28,8-33,58,-3
random,random_robot_31,10,6,1,SimpleHill,0-0,0,30,8-33,13-34;0-33;0-35;0-27;2-37;8-25,0-27,39,-19
random,random_robot_31,10,6,1,SimpleHill,0-0,0,31,0-27,0-23;6-28;6-33;3-25;0-20;1-33,0-20,32,-7
random,random_robot_31,10,6,1,SimpleHill,0-0,0,32,0-20,6-16;8-18;9-23;9-16;8-20;0-12,9-16,43,11
random,random_robot_31,10,6,1,SimpleHill,0-0,0,33,9-16,0-17;5-25;7-23;2-19;11-24;5-20,0-17,28,-15
random,random_robot_31,10,6,1,SimpleHill,0-0,0,34,0-17,2-13;7-15;0-12;9-21;3-24;2-25,3-24,42,14
random,random_robot_31,10,6,1,SimpleHill,0-0,0,35,3-24,7-21;6-24;1-19;2-23;1-31;6-26,1-19,32,-10
random,random_robot_31,10,6,1,SimpleHill,0-0,0,36,1-19,4-19;0-17;7-19;1-13;3-19;9-17,0-17,28,-4
random,random_robot_31,10,6,1,SimpleHill,0-0,0,37,0-17,8-13;7-18;4-25;2-25;2-22;2-16,7-18,42,14
random,random_robot_31,10,6,1,SimpleHill,0-0,0,38,7-18,9-25;8-15;11-23;13-10;2-15;7-15,8-15,40,-2
random,random_robot_31,10,6,1,SimpleHill,0-0,0,39,8-15,14-12;7-15;9-24;6-15;0-9;14-13,7-15,38,-2
random,random_robot_31,10,6,1,SimpleHill,0-0,0,40,7-15,7-21;12-12;11-24;3-14;15-14;3-6,12-12,42,4
random,random_robot_31,10,6,1,SimpleHill,0-0,0,41,12-12,19-18;14-17;17-11;7-8;8-11;15-16,14-17,52,10
random,random_robot_31,10,6,1,SimpleHill,0-0,0,42,14-17,6-13;11-26;7-16;23-19;8-24;5-17,8-24,51,-1
random,random_robot_31,10,6,1,SimpleHill,0-0,0,43,8-24,11-24;15-17;7-25;13-21;10-23;6-30,10-23,53,2
random,random_robot_31,10,6,1,SimpleHill,0-0,0,44,10-23,13-17;1-25;18-20;15-20;15-19;9-26,13-17,50,-3
random,random_robot_31,10,6,1,SimpleHill,0-0,0,45,13-17,21-11;13-25;9-17;5-22;11-16;16-20,13-25,60,10
random,random_robot_31,10,6,1,SimpleHill,0-0,0,46,13-25,14-19;14-26;18-30;11-28;18-20;10-18,14-19,54,-6
random,random_robot_31,10,6,1,SimpleHill,0-0,0,47,14-19,14-10;11-17;9-25;21-26;8-13;12-28,11-17,47,-7
random,random_robot_31,10,6,1,SimpleHill,0-0,0,48,11-17,10-11;10-22;15-24;3-22;3-11;4-13,15-24,61,14
random,random_robot_31,10,6,1,SimpleHill,0-0,0,49,15-24,20-20;15-20;15-22;9-22;20-17;6-26,6-26,49,-12
random,random_robot_31,10,6,1,SimpleHill,0-0,0,50,6-26,3-17;8-26;6-26;11-27;12-25;9-18,11-27,59,10
random,random_robot_31,10,6,1,SimpleHill,0-0,0,51,11-27,17-30;15-23;6-28;13-24;10-25;7-33,15-23,60,1
random,random_robot_31,10,6,1,SimpleHill,0-0,0,52,15-23,11-22;12-26;23-17;18-28;16-26;15-27,11-22,53,-7
random,random_robot_31,10,6,1,SimpleHill,0-0,0,53,11-22,3-23;2-24;3-27;6-24;15-23;13-26,6-24,47,-6
random,random_robot_31,10,6,1,SimpleHill,0-0,0,54,6-24,6-22;2-15;9-15;8-18;7-29;1-26,6-22,45,-2
random,random_robot_31,10,6,1,SimpleHill,0-0,0,55,6-22,8-15;8-30;9-20;4-30;11-20;16-22,4-30,49,4
random,random_robot_31,10,6,1,SimpleHill,0-0,0,56,4-30,1-25;10-38;13-34;8-21;4-34;5-21,13-34,67,18
random,random_robot_31,10,6,1,SimpleHill,0-0,0,57,13-34,10-39;9-41;10-33;6-33;14-42;15-35,14-42,72,5
random,random_robot_31,10,6,1,SimpleHill,0-0,0,58,14-42,16-50;8-41;7-39;10-44;12-49;19-41,8-41,63,-9
random,random_robot_31,10,6,1,SimpleHill,0-0,0,59,8-41,16-35;6-33;4-49;0-37;7-39;7-45,4-49,57,-6
random,random_robot_31,10,6,1,SimpleHill,0-0,0,60,4-49,0-50;0-57;1-47;8-40;3-55;8-55,1-47,51,-6
random,random_robot_31,10,6,1,SimpleHill,0-0,0,61,1-47,5-41;6-55;6-39;2-43;0-49;9-53,6-55,60,9
random,random_robot_31,10,6,1,SimpleHill,0-0,0,62,6-55,5-52;8-49;2-52;8-46;14-56;5-61,5-52,59,-1
random,random_robot_31,10,6,1,SimpleHill,0-0,0,63,5-52,2-44;4-56;10-57;1-49;0-50;3-53,2-44,53,-6
random,random_robot_31,10,6,1,SimpleHill,0-0,0,64,2-44,0-43;2-38;3-53;5-47;5-38;7-37,5-47,59,6
random,random_robot_31,10,6,1,SimpleHill,0-0,0,65,5-47,9-50;3-50;0-43;4-53;9-40;7-47,4-53,57,-2
random,random_robot_31,10,6,1,SimpleHill,0-0,0,66,4-53,2-52;7-61;0-61;11-57;4-57;4-44,2-52,53,-4
random,random_robot_31,10,6,1,SimpleHill,0-0,0,67,2-52,11-55;10-58;2-58;8-46;4-60;3-43,3-43,54,1
random,random_robot_31,10,6,1,SimpleHill,0-0,0,68,3-43,7-42;11-47;9-49;4-35;0-40;11-41,11-41,67,13
random,random_robot_31,10,6,1,SimpleHill,0-0,0,69,11-41,17-47;19-45;7-34;19-38;14-34;13-34,13-34,67,0
random,random_robot_31,10,6,1,SimpleHill,0-0,0,70,13-34,4-34;5-39;7-32;9-41;22-36;6-30,5-39,57,-10
random,random_robot_31,10,6,1,SimpleHill,0-0,0,71,5-39,4-48;10-46;12-34;2-30;13-44;6-40,13-44,71,14
random,random_robot_31,10,6,1,SimpleHill,0-0,0,72,13-44,7-49;15-45;21-40;12-46;4-46;7-48,7-48,62,-9
random,random_robot_31,10,6,1,SimpleHill,0-0,0,73,7-48,6-39;14-54;3-54;6-50;7-42;11-55,6-39,58,-4
random,random_robot_31,10,6,1,SimpleHill,0-0,0,74,6-39,8-46;3-44;15-42;7-40;14-43;2-45,14-43,73,15
random,random_robot_31,10,6,1,SimpleHill,0-0,0,75,14-43,19-50;12-47;13-40;19-38;22-49;18-43,13-40,70,-3
random,random_robot_31,10,6,1,SimpleHill,0-0,0,76,13-40,20-46;6-44;13-34;10-33;4-37;8-47,10-33,62,-8
random,random_robot_31,10,6,1,SimpleHill,0-0,0,77,10-33,15-40;13-33;13-28;18-37;4-37;5-27,13-28,62,0
random,random_robot_31,10,6,1,SimpleHill,0-0,0,78,13-28,9-36;9-27;18-26;19-30;15-32;8-30,9-36,62,0
random,random_robot_31,10,6,1,SimpleHill,0-0,0,79,9-36,5-31;2-36;2-35;6-31;5-43;17-32,2-35,49,-13
