simulation_type,subj_id,sight_radius,n_gabors,block_ix,landscape_name,starting_pos,starting_score,trial,pos,stims,selected,score,delta
random,random_robot_64,10,6,1,SimpleHill,0-0,0,0,0-0,2-9;2-3;0-1;0-8;7-1;8-3,7-1,15,15
random,random_robot_64,10,6,1,SimpleHill,0-0,0,1,7-1,8-6;16-2;1-8;13-4;2-0;3-1,16-2,30,15
random,random_robot_64,10,6,1,SimpleHill,0-0,0,2,16-2,23-7;18-7;14-7;16-0;22-4;16-6,22-4,42,12
random,random_robot_64,10,6,1,SimpleHill,0-0,0,3,22-4,17-1;30-9;21-7;17-9;23-1;24-3,17-9,44,2
random,random_robot_64,10,6,1,SimpleHill,0-0,0,4,17-9,25-3;17-14;15-4;20-6;23-16;19-14,19-14,54,10
random,random_robot_64,10,6,1,SimpleHill,0-0,0,5,19-14,12-7;21-11;24-21;18-7;20-16;21-23,12-7,34,-20
random,random_robot_64,10,6,1,SimpleHill,0-0,0,6,12-7,10-6;7-15;13-4;7-1;10-12;3-10,10-6,29,-5
random,random_robot_64,10,6,1,SimpleHill,0-0,0,7,10-6,9-2;15-1;8-5;18-4;9-6;16-6,8-5,24,-5
random,random_robot_64,10,6,1,SimpleHill,0-0,0,8,8-5,14-6;1-2;9-5;0-1;6-14;14-10,14-10,42,18
random,random_robot_64,10,6,1,SimpleHill,0-0,0,9,14-10,7-3;18-18;10-10;17-5;23-10;13-14,7-3,18,-24
random,random_robot_64,10,6,1,SimpleHill,0-0,0,10,7-3,4-8;3-11;3-8;0-4;13-7;15-1,3-8,20,2
random,random_robot_64,10,6,1,SimpleHill,0-0,0,11,3-8,11-9;4-8;6-17;4-11;9-14;6-0,11-9,35,15
random,random_robot_64,10,6,1,SimpleHill,0-0,0,12,11-9,6-17;16-4;10-13;9-17;10-9;9-7,16-4,34,-1
random,random_robot_64,10,6,1,SimpleHill,0-0,0,13,16-4,18-12;22-4;21-0;15-2;16-1;11-6,16-1,28,-6
random,random_robot_64,10,6,1,SimpleHill,0-0,0,14,16-1,19-2;15-2;14-9;11-4;10-1;17-4,14-9,40,12
random,random_robot_64,10,6,1,SimpleHill,0-0,0,15,14-9,22-12;18-6;8-5;15-7;17-9;6-6,17-9,44,4
random,random_robot_64,10,6,1,SimpleHill,0-0,0,16,17-9,24-11;20-2;26-13;16-5;18-3;23-3,23-3,41,-3
random,random_robot_64,10,6,1,SimpleHill,0-0,0,17,23-3,27-6;22-2;19-4;20-12;17-8;29-6,29-6,52,11
random,random_robot_64,10,6,1,SimpleHill,0-0,0,18,29-6,28-15;27-9;31-7;23-12;20-9;26-1,23-12,56,4
random,random_robot_64,10,6,1,SimpleHill,0-0,0,19,23-12,18-14;29-15;28-5;25-10;29-10;26-6,29-10,59,3
random,random_robot_64,10,6,1,SimpleHill,0-0,0,20,29-10,34-14;31-9;37-12;23-2;30-1;28-7,34-14,68,9
random,random_robot_64,10,6,1,SimpleHill,0-0,0,21,34-14,36-17;29-14;40-6;32-19;28-7;36-23,36-23,81,13
random,random_robot_64,10,6,1,SimpleHill,0-0,0,22,36-23,40-19;42-27;32-21;37-21;31-24;38-15,32-21,76,-5
random,random_robot_64,10,6,1,SimpleHill,0-0,0,23,32-21,39-24;30-20;37-29;36-17;38-24;25-15,25-15,63,-13
random,random_robot_64,10,6,1,SimpleHill,0-0,0,24,25-15,21-21;27-16;33-18;22-24;31-12;33-17,27-16,66,3
random,random_robot_64,10,6,1,SimpleHill,0-0,0,25,27-16,19-20;32-9;18-20;22-19;21-24;32-22,21-24,69,3
random,random_robot_64,10,6,1,SimpleHill,0-0,0,26,21-24,18-26;21-17;14-19;22-22;13-29;14-25,13-29,63,-6
random,random_robot_64,10,6,1,SimpleHill,0-0,0,27,13-29,13-34;15-29;10-35;13-39;9-33;15-25,13-39,70,7
random,random_robot_64,10,6,1,SimpleHill,0-0,0,28,13-39,6-36;13-33;16-43;17-47;7-33;8-34,16-43,75,5
random,random_robot_64,10,6,1,SimpleHill,0-0,0,29,16-43,15-49;18-34;12-51;18-51;13-49;20-36,20-36,78,3
random,random_robot_64,10,6,1,SimpleHill,0-0,0,30,20-36,24-43;22-30;27-35;17-41;21-35;28-40,21-35,78,0
random,random_robot_64,10,6,1,SimpleHill,0-0,0,31,21-35,30-31;18-28;21-37;27-32;24-38;15-36,21-37,79,1
random,random_robot_64,10,6,1,SimpleHill,0-0,0,32,21-37,15-45;22-34;21-42;15-42;25-40;18-30,15-42,74,-5
random,random_robot_64,10,6,1,SimpleHill,0-0,0,33,15-42,11-42;14-41;17-40;7-47;8-36;9-34,17-40,76,2
random,random_robot_64,10,6,1,SimpleHill,0-0,0,34,17-40,21-33;12-44;13-46;13-45;16-40;19-39,19-39,78,2
random,random_robot_64,10,6,1,SimpleHill,0-0,0,35,19-39,27-41;12-36;26-43;18-45;17-40;15-34,18-45,79,1
random,random_robot_64,10,6,1,SimpleHill,0-0,0,36,18-45,24-39;22-36;20-51;18-37;22-43;10-42,18-37,76,-3
random,random_robot_64,10,6,1,SimpleHill,0-0,0,37,18-37,20-30;9-41;14-44;25-34;27-41;15-30,25-34,82,6
random,random_robot_64,10,6,1,SimpleHill,0-0,0,38,25-34,26-42;17-40;19-36;26-27;22-43;23-34,26-27,77,-5
random,random_robot_64,10,6,1,SimpleHill,0-0,0,39,26-27,30-32;26-30;24-26;28-30;29-35;18-32,30-32,85,8
random,random_robot_64,10,6,1,SimpleHill,0-0,0,40,30-32,23-26;33-34;21-34;26-38;37-30;26-24,23-26,73,-12
random,random_robot_64,10,6,1,SimpleHill,0-0,0,41,23-26,20-22;26-23;14-29;30-19;28-30;30-33,28-30,82,9
random,random_robot_64,10,6,1,SimpleHill,0-0,0,42,28-30,19-29;22-38;25-22;36-28;21-23;34-36,19-29,71,-11
random,random_robot_64,10,6,1,SimpleHill,0-0,0,43,19-29,23-34;11-23;20-25;15-22;24-36;27-24,24-36,82,11
random,random_robot_64,10,6,1,SimpleHill,0-0,0,44,24-36,27-40;27-43;16-36;17-36;32-31;23-34,17-36,74,-8
random,random_robot_64,10,6,1,SimpleHill,0-0,0,45,17-36,18-37;22-35;14-39;10-43;10-41;15-44,15-44,74,0
random,random_robot_64,10,6,1,SimpleHill,0-0,0,46,15-44,19-53;7-47;15-49;12-46;11-52;22-50,11-52,69,-5
random,random_robot_64,10,6,1,SimpleHill,0-0,0,47,11-52,4-55;19-52;10-58;3-54;12-48;6-52,10-58,66,-3
random,random_robot_64,10,6,1,SimpleHill,0-0,0,48,10-58,6-64;2-52;12-60;19-57;12-58;1-62,2-52,53,-13
random,random_robot_64,10,6,1,SimpleHill,0-0,0,49,2-52,9-48;7-46;2-62;0-51;7-60;0-48,0-48,49,-4
random,random_robot_64,10,6,1,SimpleHill,0-0,0,50,0-48,3-50;4-53;4-40;4-47;2-39;7-52,4-47,57,8
random,random_robot_64,10,6,1,SimpleHill,0-0,0,51,4-47,7-51;5-56;0-45;7-39;11-52;2-46,2-46,53,-4
random,random_robot_64,10,6,1,SimpleHill,0-0,0,52,2-46,6-43;5-47;6-45;1-54;2-38;0-48,5-47,59,6
random,random_robot_64,10,6,1,SimpleHill,0-0,0,53,5-47,1-39;6-43;5-55;0-40;12-50;4-51,5-55,59,0
random,random_robot_64,10,6,1,SimpleHill,0-0,0,54,5-55,2-53;8-47;7-54;14-54;5-51;1-53,8-47,64,5
random,random_robot_64,10,6,1,SimpleHill,0-0,0,55,8-47,3-47;16-52;0-45;2-48;1-52;12-45,0-45,49,-15
random,random_robot_64,10,6,1,SimpleHill,0-0,0,56,0-45,8-44;1-38;0-37;7-51;0-49;3-45,1-38,49,0
random,random_robot_64,10,6,1,SimpleHill,0-0,0,57,1-38,7-39;5-29;0-29;5-31;1-45;3-47,3-47,55,6
random,random_robot_64,10,6,1,SimpleHill,0-0,0,58,3-47,6-52;6-54;5-45;0-56;5-48;12-45,5-45,59,4
random,random_robot_64,10,6,1,SimpleHill,0-0,0,59,5-45,12-48;7-49;6-40;9-48;9-43;7-39,9-43,65,6
random,random_robot_64,10,6,1,SimpleHill,0-0,0,60,9-43,14-40;8-40;12-40;14-51;6-43;16-44,8-40,62,-3
random,random_robot_64,10,6,1,SimpleHill,0-0,0,61,8-40,4-42;0-43;14-40;8-31;8-30;11-31,8-30,56,-6
random,random_robot_64,10,6,1,SimpleHill,0-0,0,62,8-30,8-33;9-38;9-21;8-25;5-36;11-39,11-39,67,11
random,random_robot_64,10,6,1,SimpleHill,0-0,0,63,11-39,2-35;7-44;3-43;19-35;16-38;5-35,2-35,49,-18
random,random_robot_64,10,6,1,SimpleHill,0-0,0,64,2-35,10-31;10-40;7-35;1-33;0-30;4-40,10-40,66,17
random,random_robot_64,10,6,1,SimpleHill,0-0,0,65,10-40,17-36;8-46;17-39;9-41;7-44;8-49,17-36,74,8
random,random_robot_64,10,6,1,SimpleHill,0-0,0,66,17-36,20-39;13-44;15-30;19-41;25-35;9-33,25-35,83,9
random,random_robot_64,10,6,1,SimpleHill,0-0,0,67,25-35,24-36;20-36;18-29;21-26;26-44;23-27,24-36,82,-1
random,random_robot_64,10,6,1,SimpleHill,0-0,0,68,24-36,30-29;22-32;29-30;31-40;24-39;23-42,24-39,84,2
random,random_robot_64,10,6,1,SimpleHill,0-0,0,69,24-39,24-49;22-39;19-36;15-36;21-38;23-33,24-49,86,2
random,random_robot_64,10,6,1,SimpleHill,0-0,0,70,24-49,15-50;34-49;28-57;22-46;30-45;16-45,15-50,75,-11
random,random_robot_64,10,6,1,SimpleHill,0-0,0,71,15-50,15-55;9-58;12-58;11-54;18-58;16-50,12-58,69,-6
random,random_robot_64,10,6,1,SimpleHill,0-0,0,72,12-58,17-66;11-49;5-65;11-62;10-56;16-63,10-56,67,-2
random,random_robot_64,10,6,1,SimpleHill,0-0,0,73,10-56,9-62;2-50;8-65;5-49;15-58;17-58,5-49,59,-8
random,random_robot_64,10,6,1,SimpleHill,0-0,0,74,5-49,3-52;1-41;5-46;12-53;13-47;0-44,13-47,72,13
random,random_robot_64,10,6,1,SimpleHill,0-0,0,75,13-47,11-51;6-41;13-47;14-53;14-38;6-40,11-51,69,-3
random,random_robot_64,10,6,1,SimpleHill,0-0,0,76,11-51,4-54;5-50;15-50;18-56;19-56;10-44,4-54,57,-12
random,random_robot_64,10,6,1,SimpleHill,0-0,0,77,4-54,9-61;2-46;1-56;2-54;4-51;10-49,1-56,51,-6
random,random_robot_64,10,6,1,SimpleHill,0-0,0,78,1-56,1-60;3-62;6-50;1-50;0-54;10-54,10-54,67,16
random,random_robot_64,10,6,1,SimpleHill,0-0,0,79,10-54,13-58;9-56;8-47;14-46;14-63;12-47,8-47,64,-3
