simulation_type,subj_id,sight_radius,n_gabors,block_ix,landscape_name,starting_pos,starting_score,trial,pos,stims,selected,score,delta
random,random_robot_165,10,6,1,SimpleHill,0-0,0,0,0-0,4-3;9-1;3-5;1-4;7-3;6-0,4-3,13,13
random,random_robot_165,10,6,1,SimpleHill,0-0,0,1,4-3,7-12;4-13;1-9;9-2;7-1;10-4,1-9,18,5
random,random_robot_165,10,6,1,SimpleHill,0-0,0,2,1-9,8-4;4-3;5-12;7-4;4-15;2-2,4-15,33,15
random,random_robot_165,10,6,1,SimpleHill,0-0,0,3,4-15,0-8;6-6;8-21;11-10;11-15;3-10,8-21,47,14
random,random_robot_165,10,6,1,SimpleHill,0-0,0,4,8-21,3-24;16-24;5-26;17-23;10-30;10-18,3-24,42,-5
random,random_robot_165,10,6,1,SimpleHill,0-0,0,5,3-24,9-32;7-22;12-25;3-21;4-18;2-32,7-22,47,5
random,random_robot_165,10,6,1,SimpleHill,0-0,0,6,7-22,7-31;5-16;7-21;15-16;8-18;1-29,1-29,43,-4
random,random_robot_165,10,6,1,SimpleHill,0-0,0,7,1-29,0-23;10-27;5-23;9-27;4-30;5-26,10-27,57,14
random,random_robot_165,10,6,1,SimpleHill,0-0,0,8,10-27,13-24;17-27;8-26;12-32;10-37;3-28,13-24,59,2
random,random_robot_165,10,6,1,SimpleHill,0-0,0,9,13-24,9-30;9-31;9-17;4-23;17-18;20-27,9-17,44,-15
random,random_robot_165,10,6,1,SimpleHill,0-0,0,10,9-17,4-22;8-9;14-21;5-16;11-22;3-20,3-20,37,-7
random,random_robot_165,10,6,1,SimpleHill,0-0,0,11,3-20,7-23;4-11;5-15;12-16;1-26;3-10,1-26,40,3
random,random_robot_165,10,6,1,SimpleHill,0-0,0,12,1-26,7-27;2-26;7-24;0-23;2-19;1-27,2-26,42,2
random,random_robot_165,10,6,1,SimpleHill,0-0,0,13,2-26,1-30;1-23;2-19;7-27;3-35;5-26,7-27,52,10
random,random_robot_165,10,6,1,SimpleHill,0-0,0,14,7-27,3-20;0-28;15-29;10-34;9-27;1-33,10-34,62,10
random,random_robot_165,10,6,1,SimpleHill,0-0,0,15,10-34,11-26;4-39;7-25;15-42;15-41;10-43,15-42,74,12
random,random_robot_165,10,6,1,SimpleHill,0-0,0,16,15-42,10-39;19-35;23-46;14-49;17-50;11-46,19-35,76,2
random,random_robot_165,10,6,1,SimpleHill,0-0,0,17,19-35,24-39;19-41;18-30;18-29;17-29;17-33,18-30,71,-5
random,random_robot_165,10,6,1,SimpleHill,0-0,0,18,18-30,22-32;17-22;25-25;21-22;14-30;22-22,25-25,75,4
random,random_robot_165,10,6,1,SimpleHill,0-0,0,19,25-25,21-24;22-29;23-30;22-22;23-29;28-30,23-29,76,1
random,random_robot_165,10,6,1,SimpleHill,0-0,0,20,23-29,23-26;26-38;24-20;25-30;17-30;28-35,17-30,70,-6
random,random_robot_165,10,6,1,SimpleHill,0-0,0,21,17-30,22-22;16-36;23-34;21-21;19-29;16-29,16-29,68,-2
random,random_robot_165,10,6,1,SimpleHill,0-0,0,22,16-29,17-32;12-38;12-32;20-20;8-28;15-23,12-38,68,0
random,random_robot_165,10,6,1,SimpleHill,0-0,0,23,12-38,20-36;14-40;15-41;6-38;8-29;19-40,19-40,78,10
random,random_robot_165,10,6,1,SimpleHill,0-0,0,24,19-40,15-39;15-47;19-36;18-45;11-43;28-38,11-43,68,-10
random,random_robot_165,10,6,1,SimpleHill,0-0,0,25,11-43,17-42;10-39;15-39;18-38;19-44;9-39,18-38,76,8
random,random_robot_165,10,6,1,SimpleHill,0-0,0,26,18-38,14-44;15-39;12-36;16-39;24-30;19-29,12-36,67,-9
random,random_robot_165,10,6,1,SimpleHill,0-0,0,27,12-36,13-44;11-43;6-34;19-31;5-30;4-36,19-31,73,6
random,random_robot_165,10,6,1,SimpleHill,0-0,0,28,19-31,10-28;23-31;15-23;25-31;22-30;11-33,23-31,78,5
random,random_robot_165,10,6,1,SimpleHill,0-0,0,29,23-31,19-30;29-36;28-24;17-37;29-27;22-39,17-37,74,-4
random,random_robot_165,10,6,1,SimpleHill,0-0,0,30,17-37,20-33;15-41;25-31;24-32;11-45;18-31,18-31,72,-2
random,random_robot_165,10,6,1,SimpleHill,0-0,0,31,18-31,12-24;22-31;27-35;12-37;9-33;26-27,26-27,77,5
random,random_robot_165,10,6,1,SimpleHill,0-0,0,32,26-27,27-22;29-22;18-28;18-26;27-33;25-33,25-33,81,4
random,random_robot_165,10,6,1,SimpleHill,0-0,0,33,25-33,26-28;24-40;31-29;20-41;28-28;24-35,24-40,84,3
random,random_robot_165,10,6,1,SimpleHill,0-0,0,34,24-40,32-43;25-40;24-38;17-43;22-46;25-35,24-38,83,-1
random,random_robot_165,10,6,1,SimpleHill,0-0,0,35,24-38,33-38;20-38;17-42;27-35;32-43;19-37,32-43,92,9
random,random_robot_165,10,6,1,SimpleHill,0-0,0,36,32-43,36-41;24-40;33-49;28-37;30-44;31-46,36-41,94,2
random,random_robot_165,10,6,1,SimpleHill,0-0,0,37,36-41,38-47;42-49;35-48;34-39;30-44;37-41,34-39,92,-2
random,random_robot_165,10,6,1,SimpleHill,0-0,0,38,34-39,41-38;31-48;31-38;32-47;43-41;34-46,43-41,97,5
random,random_robot_165,10,6,1,SimpleHill,0-0,0,39,43-41,43-42;37-36;46-33;41-37;46-47;45-34,45-34,94,-3
random,random_robot_165,10,6,1,SimpleHill,0-0,0,40,45-34,47-34;52-28;41-33;50-33;54-35;52-41,50-33,94,0
random,random_robot_165,10,6,1,SimpleHill,0-0,0,41,50-33,54-42;48-27;55-39;55-33;46-33;55-28,55-39,97,3
random,random_robot_165,10,6,1,SimpleHill,0-0,0,42,55-39,53-35;50-47;60-33;52-47;63-40;52-38,52-38,97,0
random,random_robot_165,10,6,1,SimpleHill,0-0,0,43,52-38,57-42;56-29;53-46;49-43;60-39;47-39,53-46,99,2
random,random_robot_165,10,6,1,SimpleHill,0-0,0,44,53-46,48-51;46-51;51-41;44-42;50-53;60-49,60-49,97,-2
random,random_robot_165,10,6,1,SimpleHill,0-0,0,45,60-49,63-52;58-40;62-52;62-40;56-44;61-49,62-52,97,0
random,random_robot_165,10,6,1,SimpleHill,0-0,0,46,62-52,68-44;59-52;66-53;70-54;57-53;54-47,59-52,98,1
random,random_robot_165,10,6,1,SimpleHill,0-0,0,47,59-52,59-50;63-55;55-45;55-59;55-57;66-47,59-50,98,0
random,random_robot_165,10,6,1,SimpleHill,0-0,0,48,59-50,63-48;64-57;62-56;66-53;67-46;64-54,64-57,95,-3
random,random_robot_165,10,6,1,SimpleHill,0-0,0,49,64-57,68-49;70-50;63-49;67-51;67-64;67-55,67-55,93,-2
random,random_robot_165,10,6,1,SimpleHill,0-0,0,50,67-55,65-51;60-60;66-59;61-51;64-63;69-57,66-59,93,0
random,random_robot_165,10,6,1,SimpleHill,0-0,0,51,66-59,69-56;64-53;63-54;69-60;57-57;63-53,63-54,96,3
random,random_robot_165,10,6,1,SimpleHill,0-0,0,52,63-54,65-63;60-57;60-49;62-47;55-49;58-51,58-51,98,2
random,random_robot_165,10,6,1,SimpleHill,0-0,0,53,58-51,64-52;54-59;52-54;66-56;54-50;55-57,54-59,98,0
random,random_robot_165,10,6,1,SimpleHill,0-0,0,54,54-59,53-64;59-53;61-57;60-63;59-59;53-59,60-63,94,-4
random,random_robot_165,10,6,1,SimpleHill,0-0,0,55,60-63,58-55;55-68;65-66;53-65;63-55;61-69,63-55,96,2
random,random_robot_165,10,6,1,SimpleHill,0-0,0,56,63-55,63-63;63-54;69-47;63-58;55-57;56-59,63-63,93,-3
random,random_robot_165,10,6,1,SimpleHill,0-0,0,57,63-63,70-64;62-66;57-63;59-66;59-69;68-70,57-63,95,2
random,random_robot_165,10,6,1,SimpleHill,0-0,0,58,57-63,62-62;52-70;58-54;59-69;50-58;56-58,52-70,91,-4
random,random_robot_165,10,6,1,SimpleHill,0-0,0,59,52-70,57-70;48-63;46-70;57-62;51-62;55-68,51-62,97,6
random,random_robot_165,10,6,1,SimpleHill,0-0,0,60,51-62,46-54;51-66;50-65;47-64;53-66;59-56,47-64,95,-2
random,random_robot_165,10,6,1,SimpleHill,0-0,0,61,47-64,44-58;39-65;39-60;42-57;53-63;43-66,53-63,96,1
random,random_robot_165,10,6,1,SimpleHill,0-0,0,62,53-63,52-69;49-59;57-57;56-54;48-65;54-70,48-65,95,-1
random,random_robot_165,10,6,1,SimpleHill,0-0,0,63,48-65,46-63;55-70;56-70;51-69;40-67;51-63,56-70,91,-4
random,random_robot_165,10,6,1,SimpleHill,0-0,0,64,56-70,57-67;52-63;64-68;63-70;48-65;58-68,52-63,96,5
random,random_robot_165,10,6,1,SimpleHill,0-0,0,65,52-63,55-55;46-55;55-63;49-56;52-55;61-65,46-55,99,3
random,random_robot_165,10,6,1,SimpleHill,0-0,0,66,46-55,48-63;37-55;44-53;49-51;43-49;42-62,42-62,95,-4
random,random_robot_165,10,6,1,SimpleHill,0-0,0,67,42-62,36-59;42-56;40-58;38-60;41-60;47-59,38-60,95,0
random,random_robot_165,10,6,1,SimpleHill,0-0,0,68,38-60,44-65;32-57;32-54;34-52;34-61;30-66,30-66,86,-9
random,random_robot_165,10,6,1,SimpleHill,0-0,0,69,30-66,33-61;33-59;37-68;34-63;26-69;35-58,33-61,91,5
random,random_robot_165,10,6,1,SimpleHill,0-0,0,70,33-61,37-65;28-57;29-58;35-70;29-65;39-56,29-58,89,-2
random,random_robot_165,10,6,1,SimpleHill,0-0,0,71,29-58,26-58;38-61;37-57;28-60;37-63;28-54,26-58,87,-2
random,random_robot_165,10,6,1,SimpleHill,0-0,0,72,26-58,24-64;27-49;21-51;26-64;23-50;19-52,19-52,80,-7
random,random_robot_165,10,6,1,SimpleHill,0-0,0,73,19-52,20-56;10-53;20-47;12-48;17-45;21-47,12-48,71,-9
random,random_robot_165,10,6,1,SimpleHill,0-0,0,74,12-48,21-50;14-52;18-46;16-42;12-47;16-41,21-50,83,12
random,random_robot_165,10,6,1,SimpleHill,0-0,0,75,21-50,22-44;14-51;20-55;14-55;15-54;23-42,23-42,84,1
random,random_robot_165,10,6,1,SimpleHill,0-0,0,76,23-42,23-50;30-48;26-39;22-38;22-50;22-45,23-50,85,1
random,random_robot_165,10,6,1,SimpleHill,0-0,0,77,23-50,27-49;17-45;28-55;31-47;29-43;31-54,31-47,92,7
random,random_robot_165,10,6,1,SimpleHill,0-0,0,78,31-47,38-45;27-43;33-49;37-42;39-49;28-53,39-49,97,5
random,random_robot_165,10,6,1,SimpleHill,0-0,0,79,39-49,42-46;42-55;40-42;33-50;44-57;32-42,42-46,98,1
