simulation_type,subj_id,sight_radius,n_gabors,block_ix,landscape_name,starting_pos,starting_score,trial,pos,stims,selected,score,delta
random,random_robot_26,10,6,1,SimpleHill,0-0,0,0,0-0,0-1;7-0;6-1;5-4;9-0;6-0,6-0,11,11
random,random_robot_26,10,6,1,SimpleHill,0-0,0,1,6-0,11-4;2-7;11-2;15-3;14-1;6-9,11-4,27,16
random,random_robot_26,10,6,1,SimpleHill,0-0,0,2,11-4,15-11;5-6;17-8;9-6;7-8;7-2,5-6,20,-7
random,random_robot_26,10,6,1,SimpleHill,0-0,0,3,5-6,2-11;14-7;6-14;3-2;2-7;12-3,3-2,9,-11
random,random_robot_26,10,6,1,SimpleHill,0-0,0,4,3-2,13-2;10-6;2-5;4-2;7-9;2-11,2-11,23,14
random,random_robot_26,10,6,1,SimpleHill,0-0,0,5,2-11,5-15;1-13;3-17;3-8;4-4;2-4,3-17,34,11
random,random_robot_26,10,6,1,SimpleHill,0-0,0,6,3-17,6-22;0-14;9-15;9-19;4-18;0-20,6-22,45,11
random,random_robot_26,10,6,1,SimpleHill,0-0,0,7,6-22,9-18;4-17;3-16;15-18;2-21;13-16,2-21,37,-8
random,random_robot_26,10,6,1,SimpleHill,0-0,0,8,2-21,0-24;3-12;11-18;11-24;11-20;1-17,11-18,49,12
random,random_robot_26,10,6,1,SimpleHill,0-0,0,9,11-18,15-22;4-12;2-17;4-16;8-26;11-8,11-8,34,-15
random,random_robot_26,10,6,1,SimpleHill,0-0,0,10,11-8,18-6;12-15;17-12;17-15;10-7;19-6,12-15,46,12
random,random_robot_26,10,6,1,SimpleHill,0-0,0,11,12-15,16-23;12-12;21-19;7-22;10-14;13-17,7-22,47,1
random,random_robot_26,10,6,1,SimpleHill,0-0,0,12,7-22,12-17;1-15;12-28;0-16;11-24;10-19,10-19,48,1
random,random_robot_26,10,6,1,SimpleHill,0-0,0,13,10-19,1-19;15-14;4-12;3-26;16-18;13-20,15-14,49,1
random,random_robot_26,10,6,1,SimpleHill,0-0,0,14,15-14,10-15;15-8;13-23;12-22;16-13;16-5,16-13,49,0
random,random_robot_26,10,6,1,SimpleHill,0-0,0,15,16-13,10-11;19-5;18-16;14-9;13-8;8-11,10-11,37,-12
random,random_robot_26,10,6,1,SimpleHill,0-0,0,16,10-11,16-3;5-15;14-7;17-12;11-11;11-20,11-20,51,14
random,random_robot_26,10,6,1,SimpleHill,0-0,0,17,11-20,7-22;17-17;13-29;4-23;4-19;19-14,13-29,63,12
random,random_robot_26,10,6,1,SimpleHill,0-0,0,18,13-29,11-27;19-32;17-26;9-34;10-27;16-38,9-34,61,-2
random,random_robot_26,10,6,1,SimpleHill,0-0,0,19,9-34,13-43;5-38;15-29;4-36;19-34;13-29,13-43,71,10
random,random_robot_26,10,6,1,SimpleHill,0-0,0,20,13-43,19-46;20-37;8-49;17-41;5-43;17-43,8-49,64,-7
random,random_robot_26,10,6,1,SimpleHill,0-0,0,21,8-49,5-52;0-54;5-41;15-46;6-40;14-55,14-55,73,9
random,random_robot_26,10,6,1,SimpleHill,0-0,0,22,14-55,17-49;24-55;9-60;21-55;21-62;6-57,21-62,80,7
random,random_robot_26,10,6,1,SimpleHill,0-0,0,23,21-62,27-65;27-60;28-58;14-64;28-64;12-62,27-65,84,4
random,random_robot_26,10,6,1,SimpleHill,0-0,0,24,27-65,19-62;31-62;25-56;28-64;27-69;19-70,25-56,86,2
random,random_robot_26,10,6,1,SimpleHill,0-0,0,25,25-56,22-62;25-62;19-55;28-61;30-63;15-56,30-63,88,2
random,random_robot_26,10,6,1,SimpleHill,0-0,0,26,30-63,33-56;23-69;32-66;37-65;28-69;22-67,28-69,83,-5
random,random_robot_26,10,6,1,SimpleHill,0-0,0,27,28-69,38-69;34-61;29-68;32-62;19-70;29-62,29-68,84,1
random,random_robot_26,10,6,1,SimpleHill,0-0,0,28,29-68,33-67;37-63;23-60;33-60;27-65;25-60,27-65,84,0
random,random_robot_26,10,6,1,SimpleHill,0-0,0,29,27-65,20-62;23-61;31-64;20-58;19-61;21-64,20-58,80,-4
random,random_robot_26,10,6,1,SimpleHill,0-0,0,30,20-58,14-59;17-67;24-62;30-58;19-53;18-49,30-58,90,10
random,random_robot_26,10,6,1,SimpleHill,0-0,0,31,30-58,28-59;23-59;29-51;29-49;20-58;27-60,27-60,87,-3
random,random_robot_26,10,6,1,SimpleHill,0-0,0,32,27-60,21-58;21-63;22-61;22-59;25-57;28-61,22-59,82,-5
random,random_robot_26,10,6,1,SimpleHill,0-0,0,33,22-59,27-60;20-65;18-58;20-61;25-65;16-53,20-61,79,-3
random,random_robot_26,10,6,1,SimpleHill,0-0,0,34,20-61,21-60;20-59;13-60;13-63;16-59;28-62,16-59,75,-4
random,random_robot_26,10,6,1,SimpleHill,0-0,0,35,16-59,11-66;14-64;12-57;13-53;23-59;22-54,14-64,70,-5
random,random_robot_26,10,6,1,SimpleHill,0-0,0,36,14-64,17-65;18-64;22-62;18-63;10-61;20-57,10-61,65,-5
random,random_robot_26,10,6,1,SimpleHill,0-0,0,37,10-61,7-58;5-60;11-63;13-58;14-57;1-62,5-60,57,-8
random,random_robot_26,10,6,1,SimpleHill,0-0,0,38,5-60,1-56;1-67;5-54;13-58;6-58;2-63,13-58,71,14
random,random_robot_26,10,6,1,SimpleHill,0-0,0,39,13-58,20-54;4-60;18-59;17-59;6-57;16-63,6-57,60,-11
random,random_robot_26,10,6,1,SimpleHill,0-0,0,40,6-57,12-52;9-65;9-60;10-65;7-62;7-66,12-52,71,11
random,random_robot_26,10,6,1,SimpleHill,0-0,0,41,12-52,11-57;4-49;8-46;4-57;18-53;12-57,11-57,68,-3
random,random_robot_26,10,6,1,SimpleHill,0-0,0,42,11-57,10-53;6-63;7-55;7-51;17-56;14-63,10-53,67,-1
random,random_robot_26,10,6,1,SimpleHill,0-0,0,43,10-53,11-56;17-49;7-45;7-52;6-45;7-51,11-56,68,1
random,random_robot_26,10,6,1,SimpleHill,0-0,0,44,11-56,5-60;18-58;9-54;8-64;12-49;13-54,8-64,60,-8
random,random_robot_26,10,6,1,SimpleHill,0-0,0,45,8-64,12-66;8-58;4-65;12-60;5-55;11-58,11-58,68,8
random,random_robot_26,10,6,1,SimpleHill,0-0,0,46,11-58,12-58;7-65;7-51;13-55;12-50;10-54,12-50,71,3
random,random_robot_26,10,6,1,SimpleHill,0-0,0,47,12-50,15-57;16-57;14-55;12-44;11-45;18-50,11-45,69,-2
random,random_robot_26,10,6,1,SimpleHill,0-0,0,48,11-45,8-52;13-36;13-37;11-52;19-47;6-53,19-47,80,11
random,random_robot_26,10,6,1,SimpleHill,0-0,0,49,19-47,25-48;23-38;25-39;24-42;26-51;17-39,25-48,87,7
random,random_robot_26,10,6,1,SimpleHill,0-0,0,50,25-48,31-56;30-47;32-41;31-48;24-50;18-55,31-56,92,5
random,random_robot_26,10,6,1,SimpleHill,0-0,0,51,31-56,33-58;33-65;40-54;28-56;35-55;31-63,35-55,95,3
random,random_robot_26,10,6,1,SimpleHill,0-0,0,52,35-55,38-56;29-51;41-47;37-48;39-47;35-51,41-47,98,3
random,random_robot_26,10,6,1,SimpleHill,0-0,0,53,41-47,44-45;50-43;33-42;44-50;46-41;48-43,44-50,99,1
random,random_robot_26,10,6,1,SimpleHill,0-0,0,54,44-50,52-49;41-59;42-44;39-49;50-49;52-54,42-44,98,-1
random,random_robot_26,10,6,1,SimpleHill,0-0,0,55,42-44,47-52;46-47;41-42;49-38;40-49;42-48,46-47,99,1
random,random_robot_26,10,6,1,SimpleHill,0-0,0,56,46-47,46-50;43-43;52-51;39-43;44-39;45-55,46-50,99,0
random,random_robot_26,10,6,1,SimpleHill,0-0,0,57,46-50,46-50;44-53;51-49;52-50;37-54;39-47,46-50,99,0
random,random_robot_26,10,6,1,SimpleHill,0-0,0,58,46-50,49-45;43-51;55-53;52-43;48-52;48-58,48-58,98,-1
random,random_robot_26,10,6,1,SimpleHill,0-0,0,59,48-58,46-55;43-55;41-51;52-64;44-52;44-51,44-51,99,1
random,random_robot_26,10,6,1,SimpleHill,0-0,0,60,44-51,52-51;48-58;51-56;51-46;48-50;53-48,52-51,99,0
random,random_robot_26,10,6,1,SimpleHill,0-0,0,61,52-51,53-44;49-53;54-43;48-42;54-50;47-56,49-53,99,0
random,random_robot_26,10,6,1,SimpleHill,0-0,0,62,49-53,43-61;46-51;45-45;44-60;53-48;53-44,44-60,97,-2
random,random_robot_26,10,6,1,SimpleHill,0-0,0,63,44-60,39-52;48-69;50-68;37-64;50-55;45-56,48-69,92,-5
random,random_robot_26,10,6,1,SimpleHill,0-0,0,64,48-69,51-63;48-60;49-64;44-65;45-61;47-70,44-65,94,2
random,random_robot_26,10,6,1,SimpleHill,0-0,0,65,44-65,51-64;47-68;37-60;48-57;53-67;44-65,47-68,93,-1
random,random_robot_26,10,6,1,SimpleHill,0-0,0,66,47-68,51-63;53-65;42-65;49-67;37-68;54-69,51-63,96,3
random,random_robot_26,10,6,1,SimpleHill,0-0,0,67,51-63,49-68;44-62;44-57;44-56;57-55;45-60,44-56,98,2
random,random_robot_26,10,6,1,SimpleHill,0-0,0,68,44-56,52-59;46-57;43-63;51-55;50-64;41-57,52-59,98,0
random,random_robot_26,10,6,1,SimpleHill,0-0,0,69,52-59,54-54;59-65;48-62;58-65;54-58;54-67,58-65,94,-4
random,random_robot_26,10,6,1,SimpleHill,0-0,0,70,58-65,58-70;53-62;52-60;56-63;62-66;50-70,62-66,92,-2
random,random_robot_26,10,6,1,SimpleHill,0-0,0,71,62-66,62-64;57-69;69-69;69-63;63-63;63-67,69-69,85,-7
random,random_robot_26,10,6,1,SimpleHill,0-0,0,72,69-69,60-68;65-66;68-60;65-62;67-60;60-67,65-62,92,7
random,random_robot_26,10,6,1,SimpleHill,0-0,0,73,65-62,57-64;66-53;65-58;68-55;70-67;61-58,66-53,94,2
random,random_robot_26,10,6,1,SimpleHill,0-0,0,74,66-53,61-52;68-62;59-58;58-54;61-55;64-60,61-55,97,3
random,random_robot_26,10,6,1,SimpleHill,0-0,0,75,61-55,56-54;64-63;63-47;65-55;67-55;53-59,63-47,96,-1
random,random_robot_26,10,6,1,SimpleHill,0-0,0,76,63-47,70-51;58-45;66-46;65-55;66-50;55-43,58-45,98,2
random,random_robot_26,10,6,1,SimpleHill,0-0,0,77,58-45,52-48;54-41;58-51;64-49;57-39;59-45,52-48,99,1
random,random_robot_26,10,6,1,SimpleHill,0-0,0,78,52-48,56-52;51-53;47-51;55-54;57-56;48-45,48-45,99,0
random,random_robot_26,10,6,1,SimpleHill,0-0,0,79,48-45,41-46;39-44;52-45;40-47;50-48;42-40,41-46,98,-1
