simulation_type,subj_id,sight_radius,n_gabors,block_ix,landscape_name,starting_pos,starting_score,trial,pos,stims,selected,score,delta
random,random_robot_191,10,6,1,SimpleHill,0-0,0,0,0-0,7-4;4-5;6-0;9-1;6-3;2-1,4-5,17,17
random,random_robot_191,10,6,1,SimpleHill,0-0,0,1,4-5,1-7;12-9;5-3;3-10;1-4;13-5,3-10,23,6
random,random_robot_191,10,6,1,SimpleHill,0-0,0,2,3-10,9-10;9-5;10-3;6-13;1-11;4-5,1-11,21,-2
random,random_robot_191,10,6,1,SimpleHill,0-0,0,3,1-11,4-11;8-16;7-10;9-16;3-15;6-5,6-5,20,-1
random,random_robot_191,10,6,1,SimpleHill,0-0,0,4,6-5,7-8;15-4;4-0;3-9;7-2;10-4,15-4,33,13
random,random_robot_191,10,6,1,SimpleHill,0-0,0,5,15-4,7-0;10-5;14-12;14-3;14-10;9-12,14-3,29,-4
random,random_robot_191,10,6,1,SimpleHill,0-0,0,6,14-3,6-9;15-0;17-5;14-12;17-11;11-7,17-11,47,18
random,random_robot_191,10,6,1,SimpleHill,0-0,0,7,17-11,14-2;13-16;11-5;12-9;15-5;16-3,15-5,35,-12
random,random_robot_191,10,6,1,SimpleHill,0-0,0,8,15-5,18-11;24-4;19-2;9-9;12-3;11-9,18-11,49,14
random,random_robot_191,10,6,1,SimpleHill,0-0,0,9,18-11,12-19;16-19;10-5;23-8;11-4;16-10,23-8,50,1
random,random_robot_191,10,6,1,SimpleHill,0-0,0,10,23-8,16-6;25-4;17-11;20-15;25-12;24-0,25-12,58,8
random,random_robot_191,10,6,1,SimpleHill,0-0,0,11,25-12,19-17;23-19;26-9;23-6;21-6;30-16,26-9,54,-4
random,random_robot_191,10,6,1,SimpleHill,0-0,0,12,26-9,31-3;24-17;31-1;29-9;33-3;22-8,33-3,50,-4
random,random_robot_191,10,6,1,SimpleHill,0-0,0,13,33-3,28-0;39-9;33-5;36-3;26-7;27-4,36-3,51,1
random,random_robot_191,10,6,1,SimpleHill,0-0,0,14,36-3,38-2;32-0;30-7;33-12;30-3;42-1,30-7,55,4
random,random_robot_191,10,6,1,SimpleHill,0-0,0,15,30-7,22-2;24-13;27-15;22-4;24-1;29-4,22-2,38,-17
random,random_robot_191,10,6,1,SimpleHill,0-0,0,16,22-2,21-9;18-5;22-12;24-2;24-7;25-6,24-7,49,11
random,random_robot_191,10,6,1,SimpleHill,0-0,0,17,24-7,27-5;30-2;21-9;28-5;19-11;33-7,27-5,48,-1
random,random_robot_191,10,6,1,SimpleHill,0-0,0,18,27-5,21-10;33-4;29-12;21-5;31-11;26-13,29-12,62,14
random,random_robot_191,10,6,1,SimpleHill,0-0,0,19,29-12,20-10;22-19;25-10;21-6;32-3;23-13,32-3,49,-13
random,random_robot_191,10,6,1,SimpleHill,0-0,0,20,32-3,30-9;39-5;28-8;31-10;28-11;29-0,31-10,60,11
random,random_robot_191,10,6,1,SimpleHill,0-0,0,21,31-10,33-12;34-8;29-4;33-1;35-4;24-7,33-12,65,5
random,random_robot_191,10,6,1,SimpleHill,0-0,0,22,33-12,35-18;28-13;31-9;27-20;33-22;26-6,26-6,49,-16
random,random_robot_191,10,6,1,SimpleHill,0-0,0,23,26-6,31-13;28-13;28-8;21-10;20-8;27-1,20-8,46,-3
random,random_robot_191,10,6,1,SimpleHill,0-0,0,24,20-8,15-15;16-9;29-11;20-6;12-6;12-9,12-9,37,-9
random,random_robot_191,10,6,1,SimpleHill,0-0,0,25,12-9,14-3;15-17;7-1;13-3;9-17;15-10,13-3,28,-9
random,random_robot_191,10,6,1,SimpleHill,0-0,0,26,13-3,12-12;16-0;19-4;18-11;11-10;21-5,18-11,49,21
random,random_robot_191,10,6,1,SimpleHill,0-0,0,27,18-11,21-15;21-18;13-3;16-13;26-15;19-5,26-15,63,14
random,random_robot_191,10,6,1,SimpleHill,0-0,0,28,26-15,31-11;24-16;23-24;20-8;17-11;25-21,23-24,71,8
random,random_robot_191,10,6,1,SimpleHill,0-0,0,29,23-24,18-31;20-25;16-31;27-18;19-18;22-26,19-18,60,-11
random,random_robot_191,10,6,1,SimpleHill,0-0,0,30,19-18,19-9;10-22;23-16;28-18;21-15;20-12,23-16,62,2
random,random_robot_191,10,6,1,SimpleHill,0-0,0,31,23-16,16-14;28-15;22-25;19-23;23-24;26-25,22-25,71,9
random,random_robot_191,10,6,1,SimpleHill,0-0,0,32,22-25,13-27;23-29;15-27;19-20;19-29;26-33,19-29,71,0
random,random_robot_191,10,6,1,SimpleHill,0-0,0,33,19-29,26-25;17-29;23-20;19-31;18-27;16-35,17-29,69,-2
random,random_robot_191,10,6,1,SimpleHill,0-0,0,34,17-29,19-24;8-32;15-23;21-21;16-30;15-34,15-34,70,1
random,random_robot_191,10,6,1,SimpleHill,0-0,0,35,15-34,15-34;23-37;18-39;22-28;18-36;8-32,15-34,70,0
random,random_robot_191,10,6,1,SimpleHill,0-0,0,36,15-34,19-42;16-43;22-41;16-36;14-42;6-35,16-43,75,5
random,random_robot_191,10,6,1,SimpleHill,0-0,0,37,16-43,24-41;14-36;20-42;15-39;13-40;18-52,15-39,73,-2
random,random_robot_191,10,6,1,SimpleHill,0-0,0,38,15-39,24-38;18-39;13-35;12-47;15-31;17-40,13-35,68,-5
random,random_robot_191,10,6,1,SimpleHill,0-0,0,39,13-35,11-40;10-37;15-27;15-28;10-31;9-26,11-40,67,-1
random,random_robot_191,10,6,1,SimpleHill,0-0,0,40,11-40,10-40;8-48;13-46;14-46;4-34;17-45,10-40,66,-1
random,random_robot_191,10,6,1,SimpleHill,0-0,0,41,10-40,15-48;6-34;7-43;10-41;10-42;15-32,15-32,69,3
random,random_robot_191,10,6,1,SimpleHill,0-0,0,42,15-32,19-39;20-40;17-35;8-28;20-31;7-38,20-31,74,5
random,random_robot_191,10,6,1,SimpleHill,0-0,0,43,20-31,11-34;23-39;15-31;13-32;19-24;22-30,11-34,64,-10
random,random_robot_191,10,6,1,SimpleHill,0-0,0,44,11-34,17-27;7-25;14-32;5-28;12-41;4-40,4-40,55,-9
random,random_robot_191,10,6,1,SimpleHill,0-0,0,45,4-40,2-49;6-35;6-37;4-35;7-37;2-36,6-35,56,1
random,random_robot_191,10,6,1,SimpleHill,0-0,0,46,6-35,5-39;4-37;9-42;7-31;14-40;7-40,7-40,61,5
random,random_robot_191,10,6,1,SimpleHill,0-0,0,47,7-40,16-38;1-44;9-35;8-37;14-37;10-48,9-35,61,0
random,random_robot_191,10,6,1,SimpleHill,0-0,0,48,9-35,3-36;5-28;14-38;6-41;4-42;1-34,5-28,49,-12
random,random_robot_191,10,6,1,SimpleHill,0-0,0,49,5-28,3-22;7-20;1-21;9-24;4-28;7-37,7-37,59,10
random,random_robot_191,10,6,1,SimpleHill,0-0,0,50,7-37,5-40;14-40;0-30;9-44;13-42;15-34,5-40,57,-2
random,random_robot_191,10,6,1,SimpleHill,0-0,0,51,5-40,5-36;13-40;7-36;6-34;5-49;12-39,12-39,68,11
random,random_robot_191,10,6,1,SimpleHill,0-0,0,52,12-39,21-41;19-33;13-47;4-36;16-39;20-36,19-33,75,7
random,random_robot_191,10,6,1,SimpleHill,0-0,0,53,19-33,11-34;23-41;13-36;17-37;15-36;15-30,17-37,74,-1
random,random_robot_191,10,6,1,SimpleHill,0-0,0,54,17-37,25-36;12-37;17-35;25-37;16-34;26-38,25-37,84,10
random,random_robot_191,10,6,1,SimpleHill,0-0,0,55,25-37,31-34;32-32;23-39;29-44;27-46;23-35,31-34,87,3
random,random_robot_191,10,6,1,SimpleHill,0-0,0,56,31-34,29-35;36-34;31-30;31-38;41-34;31-35,31-30,84,-3
random,random_robot_191,10,6,1,SimpleHill,0-0,0,57,31-30,23-29;38-34;22-32;37-32;28-30;33-39,33-39,91,7
random,random_robot_191,10,6,1,SimpleHill,0-0,0,58,33-39,39-44;34-43;40-43;32-33;26-37;39-42,26-37,85,-6
random,random_robot_191,10,6,1,SimpleHill,0-0,0,59,26-37,29-31;17-38;26-38;24-45;24-34;26-45,26-45,87,2
random,random_robot_191,10,6,1,SimpleHill,0-0,0,60,26-45,18-40;23-47;24-38;20-45;22-52;28-42,22-52,84,-3
random,random_robot_191,10,6,1,SimpleHill,0-0,0,61,22-52,22-46;21-61;21-52;24-56;18-44;29-52,24-56,85,1
random,random_robot_191,10,6,1,SimpleHill,0-0,0,62,24-56,19-56;16-61;21-58;26-65;15-56;24-64,21-58,81,-4
random,random_robot_191,10,6,1,SimpleHill,0-0,0,63,21-58,22-51;27-55;24-50;28-54;15-50;19-61,24-50,86,5
random,random_robot_191,10,6,1,SimpleHill,0-0,0,64,24-50,16-52;25-44;32-54;23-53;24-46;23-44,24-46,86,0
random,random_robot_191,10,6,1,SimpleHill,0-0,0,65,24-46,19-41;31-39;21-47;21-44;17-48;17-53,31-39,90,4
random,random_robot_191,10,6,1,SimpleHill,0-0,0,66,31-39,34-30;32-33;24-43;29-35;24-38;21-39,29-35,86,-4
random,random_robot_191,10,6,1,SimpleHill,0-0,0,67,29-35,29-26;29-33;35-28;28-26;24-40;28-42,28-26,78,-8
random,random_robot_191,10,6,1,SimpleHill,0-0,0,68,28-26,19-28;34-25;34-26;23-21;28-23;34-28,19-28,71,-7
random,random_robot_191,10,6,1,SimpleHill,0-0,0,69,19-28,25-20;22-24;19-28;13-23;27-30;22-20,13-23,58,-13
random,random_robot_191,10,6,1,SimpleHill,0-0,0,70,13-23,11-30;8-21;14-17;10-31;12-21;4-20,8-21,47,-11
random,random_robot_191,10,6,1,SimpleHill,0-0,0,71,8-21,12-16;0-15;9-13;12-21;4-15;4-27,0-15,25,-22
random,random_robot_191,10,6,1,SimpleHill,0-0,0,72,0-15,2-14;6-14;4-10;3-19;9-19;10-15,2-14,28,3
random,random_robot_191,10,6,1,SimpleHill,0-0,0,73,2-14,1-12;9-16;0-8;9-17;9-20;2-20,2-20,35,7
random,random_robot_191,10,6,1,SimpleHill,0-0,0,74,2-20,8-13;1-21;7-23;0-18;0-15;2-22,0-18,29,-6
random,random_robot_191,10,6,1,SimpleHill,0-0,0,75,0-18,5-11;9-16;5-21;8-13;2-27;1-10,5-11,29,0
random,random_robot_191,10,6,1,SimpleHill,0-0,0,76,5-11,11-3;14-12;10-16;7-4;3-17;13-16,11-3,25,-4
random,random_robot_191,10,6,1,SimpleHill,0-0,0,77,11-3,7-4;11-9;16-2;17-2;13-12;19-8,17-2,32,7
random,random_robot_191,10,6,1,SimpleHill,0-0,0,78,17-2,14-2;18-11;8-1;8-4;21-4;14-10,18-11,49,17
random,random_robot_191,10,6,1,SimpleHill,0-0,0,79,18-11,15-2;25-10;11-10;24-4;20-9;10-13,10-13,40,-9
