simulation_type,subj_id,sight_radius,n_gabors,block_ix,landscape_name,starting_pos,starting_score,trial,pos,stims,selected,score,delta
random,random_robot_36,10,6,1,SimpleHill,0-0,0,0,0-0,3-8;6-2;9-2;2-4;5-5;1-9,1-9,18,18
random,random_robot_36,10,6,1,SimpleHill,0-0,0,1,1-9,2-17;6-2;6-14;7-3;5-8;6-1,6-14,35,17
random,random_robot_36,10,6,1,SimpleHill,0-0,0,2,6-14,14-8;4-17;2-13;0-9;6-7;8-9,14-8,38,3
random,random_robot_36,10,6,1,SimpleHill,0-0,0,3,14-8,13-16;20-5;18-14;10-7;13-11;12-16,20-5,41,3
random,random_robot_36,10,6,1,SimpleHill,0-0,0,4,20-5,27-5;17-8;27-7;19-6;24-2;14-0,27-7,52,11
random,random_robot_36,10,6,1,SimpleHill,0-0,0,5,27-7,19-1;23-1;20-10;35-13;36-3;24-0,20-10,50,-2
random,random_robot_36,10,6,1,SimpleHill,0-0,0,6,20-10,14-11;25-2;17-7;18-3;25-16;28-5,25-16,64,14
random,random_robot_36,10,6,1,SimpleHill,0-0,0,7,25-16,27-15;29-10;21-12;17-15;23-13;30-22,29-10,59,-5
random,random_robot_36,10,6,1,SimpleHill,0-0,0,8,29-10,28-5;25-11;28-15;25-8;34-18;29-15,29-15,66,7
random,random_robot_36,10,6,1,SimpleHill,0-0,0,9,29-15,35-17;34-10;26-21;24-19;22-10;30-21,22-10,52,-14
random,random_robot_36,10,6,1,SimpleHill,0-0,0,10,22-10,31-11;23-14;14-13;22-5;16-6;16-11,31-11,62,10
random,random_robot_36,10,6,1,SimpleHill,0-0,0,11,31-11,34-17;29-11;35-11;37-13;34-16;30-8,37-13,69,7
random,random_robot_36,10,6,1,SimpleHill,0-0,0,12,37-13,30-9;27-13;33-22;40-7;36-15;30-13,27-13,62,-7
random,random_robot_36,10,6,1,SimpleHill,0-0,0,13,27-13,34-20;27-9;35-7;21-16;32-12;35-14,27-9,55,-7
random,random_robot_36,10,6,1,SimpleHill,0-0,0,14,27-9,26-1;28-0;30-17;35-13;23-4;31-6,23-4,43,-12
random,random_robot_36,10,6,1,SimpleHill,0-0,0,15,23-4,20-10;24-3;22-6;25-13;15-10;20-5,15-10,43,0
random,random_robot_36,10,6,1,SimpleHill,0-0,0,16,15-10,15-3;14-14;17-18;22-9;19-12;14-17,19-12,51,8
random,random_robot_36,10,6,1,SimpleHill,0-0,0,17,19-12,19-18;24-14;27-13;15-13;26-7;17-14,15-13,48,-3
random,random_robot_36,10,6,1,SimpleHill,0-0,0,18,15-13,21-5;15-18;14-5;15-9;17-18;19-11,15-9,41,-7
random,random_robot_36,10,6,1,SimpleHill,0-0,0,19,15-9,11-3;18-4;23-5;15-12;8-12;19-12,19-12,51,10
random,random_robot_36,10,6,1,SimpleHill,0-0,0,20,19-12,26-14;10-16;20-5;22-20;23-17;23-7,10-16,44,-7
random,random_robot_36,10,6,1,SimpleHill,0-0,0,21,10-16,11-15;6-23;11-22;3-19;12-11;9-12,9-12,37,-7
random,random_robot_36,10,6,1,SimpleHill,0-0,0,22,9-12,16-17;8-19;7-20;13-20;8-16;13-10,13-10,40,3
random,random_robot_36,10,6,1,SimpleHill,0-0,0,23,13-10,10-11;16-5;14-9;4-7;18-9;6-12,6-12,32,-8
random,random_robot_36,10,6,1,SimpleHill,0-0,0,24,6-12,7-8;9-20;5-14;10-14;3-15;5-6,5-6,20,-12
random,random_robot_36,10,6,1,SimpleHill,0-0,0,25,5-6,0-3;0-7;8-0;3-0;9-12;6-2,9-12,37,17
random,random_robot_36,10,6,1,SimpleHill,0-0,0,26,9-12,14-12;6-16;18-15;7-12;0-15;4-15,6-16,38,1
random,random_robot_36,10,6,1,SimpleHill,0-0,0,27,6-16,13-11;1-13;6-9;14-19;9-15;7-14,13-11,42,4
random,random_robot_36,10,6,1,SimpleHill,0-0,0,28,13-11,15-8;10-8;7-18;19-14;14-8;10-10,19-14,54,12
random,random_robot_36,10,6,1,SimpleHill,0-0,0,29,19-14,28-10;13-16;14-13;20-10;15-13;12-14,28-10,58,4
random,random_robot_36,10,6,1,SimpleHill,0-0,0,30,28-10,22-4;31-18;33-17;25-2;21-4;32-5,31-18,72,14
random,random_robot_36,10,6,1,SimpleHill,0-0,0,31,31-18,24-25;39-12;28-18;30-10;26-16;39-23,39-23,83,11
random,random_robot_36,10,6,1,SimpleHill,0-0,0,32,39-23,46-24;48-19;38-22;37-26;47-21;32-19,32-19,74,-9
random,random_robot_36,10,6,1,SimpleHill,0-0,0,33,32-19,24-22;28-23;36-15;40-14;23-20;33-12,24-22,70,-4
random,random_robot_36,10,6,1,SimpleHill,0-0,0,34,24-22,28-14;16-21;23-26;28-13;18-15;19-21,23-26,73,3
random,random_robot_36,10,6,1,SimpleHill,0-0,0,35,23-26,24-26;32-25;17-27;24-25;28-27;32-28,24-25,73,0
random,random_robot_36,10,6,1,SimpleHill,0-0,0,36,24-25,16-29;33-26;33-29;19-30;26-29;32-22,16-29,68,-5
random,random_robot_36,10,6,1,SimpleHill,0-0,0,37,16-29,13-22;23-25;10-32;20-27;9-24;8-25,10-32,61,-7
random,random_robot_36,10,6,1,SimpleHill,0-0,0,38,10-32,9-34;17-25;2-36;7-24;14-40;11-38,2-36,50,-11
random,random_robot_36,10,6,1,SimpleHill,0-0,0,39,2-36,8-43;7-29;0-32;8-36;8-42;4-39,8-42,63,13
random,random_robot_36,10,6,1,SimpleHill,0-0,0,40,8-42,10-48;9-38;17-42;14-41;11-42;0-36,11-42,68,5
random,random_robot_36,10,6,1,SimpleHill,0-0,0,41,11-42,9-48;18-47;10-40;11-40;16-38;17-45,11-40,67,-1
random,random_robot_36,10,6,1,SimpleHill,0-0,0,42,11-40,17-47;6-45;9-31;14-40;18-40;15-35,6-45,60,-7
random,random_robot_36,10,6,1,SimpleHill,0-0,0,43,6-45,9-49;9-44;5-53;10-36;6-43;6-48,9-44,65,5
random,random_robot_36,10,6,1,SimpleHill,0-0,0,44,9-44,8-37;4-39;7-43;10-39;3-37;5-41,4-39,55,-10
random,random_robot_36,10,6,1,SimpleHill,0-0,0,45,4-39,8-39;6-37;7-47;3-45;10-34;5-47,3-45,55,0
random,random_robot_36,10,6,1,SimpleHill,0-0,0,46,3-45,4-37;12-42;2-37;8-43;2-51;9-48,2-37,50,-5
random,random_robot_36,10,6,1,SimpleHill,0-0,0,47,2-37,10-31;6-34;1-43;2-47;2-28;3-40,2-28,44,-6
random,random_robot_36,10,6,1,SimpleHill,0-0,0,48,2-28,1-34;9-30;0-33;1-31;2-27;3-22,0-33,44,0
random,random_robot_36,10,6,1,SimpleHill,0-0,0,49,0-33,2-37;8-31;9-37;1-33;4-30;4-24,4-30,49,5
random,random_robot_36,10,6,1,SimpleHill,0-0,0,50,4-30,5-34;6-35;2-38;4-24;6-25;1-36,6-25,48,-1
random,random_robot_36,10,6,1,SimpleHill,0-0,0,51,6-25,2-16;3-34;14-25;14-23;5-20;6-23,2-16,30,-18
random,random_robot_36,10,6,1,SimpleHill,0-0,0,52,2-16,1-11;2-16;10-19;2-21;12-16;11-18,1-11,21,-9
random,random_robot_36,10,6,1,SimpleHill,0-0,0,53,1-11,1-6;1-10;0-11;7-5;9-6;3-10,1-10,19,-2
random,random_robot_36,10,6,1,SimpleHill,0-0,0,54,1-10,4-5;0-14;4-13;6-10;2-3;3-7,4-5,17,-2
random,random_robot_36,10,6,1,SimpleHill,0-0,0,55,4-5,3-5;8-4;3-14;9-2;13-5;10-11,3-5,15,-2
random,random_robot_36,10,6,1,SimpleHill,0-0,0,56,3-5,2-8;1-12;3-4;11-7;12-9;3-10,3-4,13,-2
random,random_robot_36,10,6,1,SimpleHill,0-0,0,57,3-4,0-6;10-7;5-10;10-8;9-2;12-3,10-7,31,18
random,random_robot_36,10,6,1,SimpleHill,0-0,0,58,10-7,7-11;8-16;12-8;1-9;12-12;7-6,1-9,18,-13
random,random_robot_36,10,6,1,SimpleHill,0-0,0,59,1-9,10-13;4-7;5-5;3-7;3-6;3-11,10-13,40,22
random,random_robot_36,10,6,1,SimpleHill,0-0,0,60,10-13,11-21;8-10;15-13;8-8;15-20;10-3,15-13,48,8
random,random_robot_36,10,6,1,SimpleHill,0-0,0,61,15-13,20-15;9-16;14-14;23-16;23-9;7-7,20-15,57,9
random,random_robot_36,10,6,1,SimpleHill,0-0,0,62,20-15,12-9;24-15;17-12;24-13;19-23;24-12,19-23,66,9
random,random_robot_36,10,6,1,SimpleHill,0-0,0,63,19-23,15-17;23-14;13-30;18-28;19-33;20-23,20-23,67,1
random,random_robot_36,10,6,1,SimpleHill,0-0,0,64,20-23,11-26;20-13;16-20;14-18;14-28;15-25,14-28,64,-3
random,random_robot_36,10,6,1,SimpleHill,0-0,0,65,14-28,12-29;20-23;16-24;6-27;6-23;19-28,6-27,50,-14
random,random_robot_36,10,6,1,SimpleHill,0-0,0,66,6-27,0-34;2-29;11-29;5-20;11-26;9-24,0-34,44,-6
random,random_robot_36,10,6,1,SimpleHill,0-0,0,67,0-34,6-32;6-40;9-37;2-35;1-29;3-31,3-31,48,4
random,random_robot_36,10,6,1,SimpleHill,0-0,0,68,3-31,6-31;3-29;5-24;4-33;1-24;3-32,3-29,47,-1
random,random_robot_36,10,6,1,SimpleHill,0-0,0,69,3-29,5-25;0-25;9-21;8-24;3-21;2-25,0-25,37,-10
random,random_robot_36,10,6,1,SimpleHill,0-0,0,70,0-25,3-23;1-29;2-22;7-23;0-25;1-23,1-23,37,0
random,random_robot_36,10,6,1,SimpleHill,0-0,0,71,1-23,0-22;6-16;2-20;5-17;10-26;4-28,0-22,34,-3
random,random_robot_36,10,6,1,SimpleHill,0-0,0,72,0-22,6-24;5-26;6-20;7-27;6-17;3-17,6-24,47,13
random,random_robot_36,10,6,1,SimpleHill,0-0,0,73,6-24,8-29;3-20;12-16;6-29;3-27;5-28,8-29,55,8
random,random_robot_36,10,6,1,SimpleHill,0-0,0,74,8-29,0-25;2-32;12-27;16-28;7-38;6-37,6-37,57,2
random,random_robot_36,10,6,1,SimpleHill,0-0,0,75,6-37,0-40;9-28;12-39;2-46;12-34;10-45,2-46,53,-4
random,random_robot_36,10,6,1,SimpleHill,0-0,0,76,2-46,4-47;1-49;11-43;0-40;3-46;1-46,4-47,57,4
random,random_robot_36,10,6,1,SimpleHill,0-0,0,77,4-47,3-48;9-48;5-47;1-46;5-41;10-40,1-46,51,-6
random,random_robot_36,10,6,1,SimpleHill,0-0,0,78,1-46,4-48;9-49;1-46;8-50;8-40;6-41,8-40,62,11
random,random_robot_36,10,6,1,SimpleHill,0-0,0,79,8-40,11-46;16-41;10-41;11-39;10-34;6-34,16-41,75,13
