simulation_type,subj_id,sight_radius,n_gabors,block_ix,landscape_name,starting_pos,starting_score,trial,pos,stims,selected,score,delta
random,random_robot_53,10,6,1,SimpleHill,0-0,0,0,0-0,3-1;9-4;0-9;0-5;4-5;2-2,9-4,24,24
random,random_robot_53,10,6,1,SimpleHill,0-0,0,1,9-4,11-6;2-8;11-7;18-1;2-1;14-1,14-1,26,2
random,random_robot_53,10,6,1,SimpleHill,0-0,0,2,14-1,14-3;17-5;21-0;16-6;12-6;18-5,18-5,39,13
random,random_robot_53,10,6,1,SimpleHill,0-0,0,3,18-5,24-4;25-12;16-2;17-5;23-7;16-8,16-8,41,2
random,random_robot_53,10,6,1,SimpleHill,0-0,0,4,16-8,9-14;6-8;15-1;20-15;11-0;22-2,20-15,57,16
random,random_robot_53,10,6,1,SimpleHill,0-0,0,5,20-15,23-19;22-17;26-7;15-21;27-22;26-20,26-20,70,13
random,random_robot_53,10,6,1,SimpleHill,0-0,0,6,26-20,23-24;29-26;34-21;29-24;25-23;30-13,25-23,72,2
random,random_robot_53,10,6,1,SimpleHill,0-0,0,7,25-23,22-14;28-27;17-18;33-27;25-21;26-20,22-14,58,-14
random,random_robot_53,10,6,1,SimpleHill,0-0,0,8,22-14,14-14;25-12;15-11;27-13;19-8;15-17,14-14,48,-10
random,random_robot_53,10,6,1,SimpleHill,0-0,0,9,14-14,11-11;7-14;6-16;15-20;10-13;11-14,6-16,38,-10
random,random_robot_53,10,6,1,SimpleHill,0-0,0,10,6-16,11-21;8-20;5-19;11-20;2-13;2-18,2-13,26,-12
random,random_robot_53,10,6,1,SimpleHill,0-0,0,11,2-13,1-10;10-17;2-16;2-21;7-17;4-8,10-17,46,20
random,random_robot_53,10,6,1,SimpleHill,0-0,0,12,10-17,15-22;16-9;3-17;9-17;9-15;16-19,3-17,34,-12
random,random_robot_53,10,6,1,SimpleHill,0-0,0,13,3-17,1-13;10-11;0-20;6-24;2-16;8-20,8-20,46,12
random,random_robot_53,10,6,1,SimpleHill,0-0,0,14,8-20,1-14;2-19;3-25;9-16;6-17;11-11,3-25,43,-3
random,random_robot_53,10,6,1,SimpleHill,0-0,0,15,3-25,1-17;7-18;8-19;10-29;9-28;8-26,8-19,45,2
random,random_robot_53,10,6,1,SimpleHill,0-0,0,16,8-19,4-14;3-17;5-17;8-29;12-20;5-27,3-17,34,-11
random,random_robot_53,10,6,1,SimpleHill,0-0,0,17,3-17,0-15;2-20;8-15;1-22;1-19;10-15,1-22,36,2
random,random_robot_53,10,6,1,SimpleHill,0-0,0,18,1-22,5-13;5-28;3-15;2-17;4-26;3-28,4-26,46,10
random,random_robot_53,10,6,1,SimpleHill,0-0,0,19,4-26,4-34;0-24;6-30;4-36;7-30;0-21,4-36,53,7
random,random_robot_53,10,6,1,SimpleHill,0-0,0,20,4-36,2-28;10-44;7-29;9-33;7-28;3-36,7-29,54,1
random,random_robot_53,10,6,1,SimpleHill,0-0,0,21,7-29,11-22;2-29;5-32;12-37;5-20;12-30,2-29,45,-9
random,random_robot_53,10,6,1,SimpleHill,0-0,0,22,2-29,8-30;5-21;11-33;1-38;6-27;5-33,1-38,49,4
random,random_robot_53,10,6,1,SimpleHill,0-0,0,23,1-38,6-44;3-43;5-46;3-32;4-46;5-33,3-43,54,5
random,random_robot_53,10,6,1,SimpleHill,0-0,0,24,3-43,6-44;2-42;2-36;4-46;0-36;3-46,3-46,55,1
random,random_robot_53,10,6,1,SimpleHill,0-0,0,25,3-46,5-54;6-55;12-47;4-48;11-47;3-46,12-47,70,15
random,random_robot_53,10,6,1,SimpleHill,0-0,0,26,12-47,10-51;11-42;7-45;19-44;4-47;15-47,19-44,80,10
random,random_robot_53,10,6,1,SimpleHill,0-0,0,27,19-44,16-41;10-44;26-39;27-39;17-46;9-44,27-39,87,7
random,random_robot_53,10,6,1,SimpleHill,0-0,0,28,27-39,23-43;22-38;26-37;21-33;31-30;22-40,31-30,84,-3
random,random_robot_53,10,6,1,SimpleHill,0-0,0,29,31-30,26-25;31-40;39-36;30-22;28-28;36-32,26-25,75,-9
random,random_robot_53,10,6,1,SimpleHill,0-0,0,30,26-25,24-21;19-20;23-26;24-18;26-20;35-21,23-26,73,-2
random,random_robot_53,10,6,1,SimpleHill,0-0,0,31,23-26,25-17;32-27;22-23;26-26;24-33;21-19,22-23,69,-4
random,random_robot_53,10,6,1,SimpleHill,0-0,0,32,22-23,24-28;14-20;15-21;23-29;28-30;20-31,24-28,76,7
random,random_robot_53,10,6,1,SimpleHill,0-0,0,33,24-28,30-24;15-27;27-21;31-30;19-24;33-28,19-24,67,-9
random,random_robot_53,10,6,1,SimpleHill,0-0,0,34,19-24,24-26;18-20;13-24;18-25;18-32;22-32,18-25,67,0
random,random_robot_53,10,6,1,SimpleHill,0-0,0,35,18-25,24-30;15-28;17-22;16-33;24-31;17-21,17-21,61,-6
random,random_robot_53,10,6,1,SimpleHill,0-0,0,36,17-21,21-12;20-24;15-28;17-28;25-17;9-25,17-28,68,7
random,random_robot_53,10,6,1,SimpleHill,0-0,0,37,17-28,26-25;15-29;19-34;11-28;10-34;17-28,11-28,59,-9
random,random_robot_53,10,6,1,SimpleHill,0-0,0,38,11-28,7-30;7-32;16-35;5-24;17-22;15-26,17-22,62,3
random,random_robot_53,10,6,1,SimpleHill,0-0,0,39,17-22,18-30;19-17;21-29;15-19;10-28;18-26,18-30,71,9
random,random_robot_53,10,6,1,SimpleHill,0-0,0,40,18-30,20-32;22-27;17-29;12-35;10-25;11-30,11-30,61,-10
random,random_robot_53,10,6,1,SimpleHill,0-0,0,41,11-30,9-25;2-26;11-34;5-27;3-29;15-22,11-34,64,3
random,random_robot_53,10,6,1,SimpleHill,0-0,0,42,11-34,6-31;7-36;5-30;9-35;15-32;9-38,9-38,63,-1
random,random_robot_53,10,6,1,SimpleHill,0-0,0,43,9-38,6-44;16-43;7-34;3-32;13-44;5-33,5-33,53,-10
random,random_robot_53,10,6,1,SimpleHill,0-0,0,44,5-33,7-33;4-38;5-38;2-25;6-28;6-25,7-33,57,4
random,random_robot_53,10,6,1,SimpleHill,0-0,0,45,7-33,9-42;5-39;4-38;16-31;5-40;12-27,5-39,57,0
random,random_robot_53,10,6,1,SimpleHill,0-0,0,46,5-39,8-41;5-44;7-47;9-36;5-41;13-44,5-41,57,0
random,random_robot_53,10,6,1,SimpleHill,0-0,0,47,5-41,1-37;7-33;3-41;2-44;5-49;0-46,5-49,59,2
random,random_robot_53,10,6,1,SimpleHill,0-0,0,48,5-49,3-53;3-47;7-52;11-57;13-46;6-52,6-52,61,2
random,random_robot_53,10,6,1,SimpleHill,0-0,0,49,6-52,11-58;11-55;0-50;15-53;3-50;4-59,3-50,55,-6
random,random_robot_53,10,6,1,SimpleHill,0-0,0,50,3-50,8-54;9-51;0-43;11-56;0-59;12-50,8-54,64,9
random,random_robot_53,10,6,1,SimpleHill,0-0,0,51,8-54,3-47;14-59;1-54;11-60;4-59;3-51,3-47,55,-9
random,random_robot_53,10,6,1,SimpleHill,0-0,0,52,3-47,2-48;8-43;1-45;12-48;9-48;7-42,7-42,61,6
random,random_robot_53,10,6,1,SimpleHill,0-0,0,53,7-42,15-46;4-40;4-34;3-33;9-46;9-36,4-40,55,-6
random,random_robot_53,10,6,1,SimpleHill,0-0,0,54,4-40,2-38;12-44;13-43;7-46;11-35;1-38,7-46,62,7
random,random_robot_53,10,6,1,SimpleHill,0-0,0,55,7-46,3-51;2-44;3-55;10-46;6-50;0-43,6-50,61,-1
random,random_robot_53,10,6,1,SimpleHill,0-0,0,56,6-50,10-43;14-44;4-42;11-47;8-59;14-55,11-47,69,8
random,random_robot_53,10,6,1,SimpleHill,0-0,0,57,11-47,12-47;5-50;4-54;14-51;7-47;13-54,13-54,72,3
random,random_robot_53,10,6,1,SimpleHill,0-0,0,58,13-54,13-64;4-53;8-50;7-56;6-50;10-60,13-64,68,-4
random,random_robot_53,10,6,1,SimpleHill,0-0,0,59,13-64,21-66;13-68;5-64;14-68;3-64;23-64,5-64,55,-13
random,random_robot_53,10,6,1,SimpleHill,0-0,0,60,5-64,11-63;3-64;10-59;6-67;11-58;11-60,11-63,66,11
random,random_robot_53,10,6,1,SimpleHill,0-0,0,61,11-63,8-62;13-68;14-55;16-59;4-57;4-67,14-55,73,7
random,random_robot_53,10,6,1,SimpleHill,0-0,0,62,14-55,16-46;17-48;13-55;19-52;13-59;22-51,13-55,72,-1
random,random_robot_53,10,6,1,SimpleHill,0-0,0,63,13-55,12-61;17-63;14-55;15-56;20-59;15-48,17-63,74,2
random,random_robot_53,10,6,1,SimpleHill,0-0,0,64,17-63,14-64;15-69;17-68;11-56;13-59;13-54,15-69,68,-6
random,random_robot_53,10,6,1,SimpleHill,0-0,0,65,15-69,12-68;19-64;12-63;23-66;14-69;13-69,23-66,80,12
random,random_robot_53,10,6,1,SimpleHill,0-0,0,66,23-66,29-64;17-68;29-59;20-64;27-61;26-61,17-68,71,-9
random,random_robot_53,10,6,1,SimpleHill,0-0,0,67,17-68,14-59;19-66;18-65;9-69;21-61;21-63,19-66,75,4
random,random_robot_53,10,6,1,SimpleHill,0-0,0,68,19-66,20-69;14-59;27-61;18-64;13-61;21-64,27-61,87,12
random,random_robot_53,10,6,1,SimpleHill,0-0,0,69,27-61,23-53;32-68;33-63;31-56;24-57;33-60,31-56,92,5
random,random_robot_53,10,6,1,SimpleHill,0-0,0,70,31-56,28-62;27-59;39-55;26-62;29-49;39-61,26-62,85,-7
random,random_robot_53,10,6,1,SimpleHill,0-0,0,71,26-62,24-70;20-60;31-64;23-63;19-63;17-65,31-64,88,3
random,random_robot_53,10,6,1,SimpleHill,0-0,0,72,31-64,27-58;33-69;33-68;24-57;26-61;28-58,24-57,85,-3
random,random_robot_53,10,6,1,SimpleHill,0-0,0,73,24-57,28-48;32-53;32-52;24-61;26-48;18-51,26-48,88,3
random,random_robot_53,10,6,1,SimpleHill,0-0,0,74,26-48,33-54;29-52;23-56;28-54;19-54;34-52,33-54,93,5
random,random_robot_53,10,6,1,SimpleHill,0-0,0,75,33-54,25-53;40-51;28-50;30-45;25-48;32-58,25-53,87,-6
random,random_robot_53,10,6,1,SimpleHill,0-0,0,76,25-53,31-51;20-58;33-58;31-60;34-52;33-55,31-60,90,3
random,random_robot_53,10,6,1,SimpleHill,0-0,0,77,31-60,36-60;34-66;36-54;37-54;28-57;31-62,34-66,89,-1
random,random_robot_53,10,6,1,SimpleHill,0-0,0,78,34-66,30-58;34-56;43-63;32-66;28-60;35-61,35-61,93,4
random,random_robot_53,10,6,1,SimpleHill,0-0,0,79,35-61,36-54;32-53;29-62;28-60;43-64;38-64,29-62,88,-5
