simulation_type,subj_id,sight_radius,n_gabors,block_ix,landscape_name,starting_pos,starting_score,trial,pos,stims,selected,score,delta
random,random_robot_37,10,6,1,SimpleHill,0-0,0,0,0-0,4-1;6-3;1-3;8-2;5-3;6-0,8-2,18,18
random,random_robot_37,10,6,1,SimpleHill,0-0,0,1,8-2,1-6;7-11;0-6;10-11;1-8;12-3,1-8,16,-2
random,random_robot_37,10,6,1,SimpleHill,0-0,0,2,1-8,2-1;6-7;3-0;5-5;0-15;9-11,5-5,19,3
random,random_robot_37,10,6,1,SimpleHill,0-0,0,3,5-5,11-5;7-2;14-6;5-15;11-12;10-1,11-12,40,21
random,random_robot_37,10,6,1,SimpleHill,0-0,0,4,11-12,3-8;17-10;4-6;12-12;15-4;19-18,19-18,60,20
random,random_robot_37,10,6,1,SimpleHill,0-0,0,5,19-18,19-17;12-18;28-18;22-16;24-25;11-12,28-18,69,9
random,random_robot_37,10,6,1,SimpleHill,0-0,0,6,28-18,22-10;36-19;25-14;32-13;30-9;25-15,32-13,66,-3
random,random_robot_37,10,6,1,SimpleHill,0-0,0,7,32-13,29-12;40-13;27-18;29-15;35-21;35-15,29-15,66,0
random,random_robot_37,10,6,1,SimpleHill,0-0,0,8,29-15,37-12;28-19;35-19;33-12;30-9;28-8,35-19,76,10
random,random_robot_37,10,6,1,SimpleHill,0-0,0,9,35-19,38-26;36-13;41-23;32-14;36-12;41-21,41-21,81,5
random,random_robot_37,10,6,1,SimpleHill,0-0,0,10,41-21,43-27;44-22;42-25;41-12;50-24;34-24,43-27,88,7
random,random_robot_37,10,6,1,SimpleHill,0-0,0,11,43-27,38-33;36-22;50-34;48-19;41-21;36-31,36-31,88,0
random,random_robot_37,10,6,1,SimpleHill,0-0,0,12,36-31,43-28;32-33;44-29;33-25;41-36;42-25,43-28,89,1
random,random_robot_37,10,6,1,SimpleHill,0-0,0,13,43-28,41-24;37-31;42-28;48-33;47-30;50-31,41-24,84,-5
random,random_robot_37,10,6,1,SimpleHill,0-0,0,14,41-24,48-24;45-28;48-23;45-26;32-25;46-31,45-26,87,3
random,random_robot_37,10,6,1,SimpleHill,0-0,0,15,45-26,44-28;47-26;48-26;51-25;53-30;41-18,48-26,88,1
random,random_robot_37,10,6,1,SimpleHill,0-0,0,16,48-26,39-25;46-27;53-25;43-18;46-26;42-22,46-26,88,0
random,random_robot_37,10,6,1,SimpleHill,0-0,0,17,46-26,45-19;50-34;41-23;53-29;47-28;48-31,45-19,80,-8
random,random_robot_37,10,6,1,SimpleHill,0-0,0,18,45-19,40-21;42-17;43-12;47-21;45-23;36-15,45-23,84,4
random,random_robot_37,10,6,1,SimpleHill,0-0,0,19,45-23,54-20;49-22;42-22;41-31;36-25;53-28,42-22,83,-1
random,random_robot_37,10,6,1,SimpleHill,0-0,0,20,42-22,44-31;41-22;46-29;43-15;39-27;45-28,41-22,82,-1
random,random_robot_37,10,6,1,SimpleHill,0-0,0,21,41-22,48-24;36-24;37-22;39-17;41-20;42-15,48-24,86,4
random,random_robot_37,10,6,1,SimpleHill,0-0,0,22,48-24,42-28;51-32;40-27;43-31;45-31;56-20,40-27,87,1
random,random_robot_37,10,6,1,SimpleHill,0-0,0,23,40-27,42-22;31-28;48-22;36-22;42-30;44-33,36-22,80,-7
random,random_robot_37,10,6,1,SimpleHill,0-0,0,24,36-22,31-24;31-16;35-31;43-15;29-23;29-17,31-24,79,-1
random,random_robot_37,10,6,1,SimpleHill,0-0,0,25,31-24,21-24;27-32;38-27;28-28;40-25;30-16,40-25,85,6
random,random_robot_37,10,6,1,SimpleHill,0-0,0,26,40-25,45-23;39-31;43-17;39-19;42-21;45-20,39-31,90,5
random,random_robot_37,10,6,1,SimpleHill,0-0,0,27,39-31,30-27;42-31;43-23;36-28;40-25;43-38,43-23,84,-6
random,random_robot_37,10,6,1,SimpleHill,0-0,0,28,43-23,36-30;34-20;41-26;45-30;37-30;40-14,45-30,91,7
random,random_robot_37,10,6,1,SimpleHill,0-0,0,29,45-30,47-30;45-38;47-38;53-33;40-24;46-33,47-38,96,5
random,random_robot_37,10,6,1,SimpleHill,0-0,0,30,47-38,39-34;45-36;56-36;41-46;51-41;38-36,41-46,98,2
random,random_robot_37,10,6,1,SimpleHill,0-0,0,31,41-46,43-50;34-51;42-41;43-55;47-40;43-43,47-40,97,-1
random,random_robot_37,10,6,1,SimpleHill,0-0,0,32,47-40,50-45;46-36;44-32;50-46;48-46;55-40,50-46,99,2
random,random_robot_37,10,6,1,SimpleHill,0-0,0,33,50-46,48-41;57-52;44-51;46-43;52-45;46-54,44-51,99,0
random,random_robot_37,10,6,1,SimpleHill,0-0,0,34,44-51,45-59;37-54;39-43;47-52;49-55;44-47,37-54,96,-3
random,random_robot_37,10,6,1,SimpleHill,0-0,0,35,37-54,39-45;29-58;44-59;37-51;30-49;32-55,37-51,96,0
random,random_robot_37,10,6,1,SimpleHill,0-0,0,36,37-51,36-47;41-45;36-58;30-57;43-44;34-43,36-58,94,-2
random,random_robot_37,10,6,1,SimpleHill,0-0,0,37,36-58,33-63;28-60;40-67;36-66;29-54;35-57,35-57,94,0
random,random_robot_37,10,6,1,SimpleHill,0-0,0,38,35-57,42-60;41-54;44-54;28-58;39-48;34-49,41-54,98,4
random,random_robot_37,10,6,1,SimpleHill,0-0,0,39,41-54,43-48;44-49;36-53;45-48;48-55;44-54,36-53,95,-3
random,random_robot_37,10,6,1,SimpleHill,0-0,0,40,36-53,43-54;37-54;41-58;34-47;35-62;35-55,34-47,94,-1
random,random_robot_37,10,6,1,SimpleHill,0-0,0,41,34-47,27-41;27-40;27-52;36-48;30-42;29-54,30-42,90,-4
random,random_robot_37,10,6,1,SimpleHill,0-0,0,42,30-42,29-41;25-48;26-44;36-39;28-37;38-39,25-48,87,-3
random,random_robot_37,10,6,1,SimpleHill,0-0,0,43,25-48,19-50;31-51;24-44;31-42;33-52;22-39,31-42,91,4
random,random_robot_37,10,6,1,SimpleHill,0-0,0,44,31-42,30-42;30-39;40-45;30-35;37-34;25-37,30-35,87,-4
random,random_robot_37,10,6,1,SimpleHill,0-0,0,45,30-35,36-36;26-41;36-37;27-40;38-40;35-32,38-40,95,8
random,random_robot_37,10,6,1,SimpleHill,0-0,0,46,38-40,45-39;44-47;42-34;40-31;43-37;42-31,42-34,93,-2
random,random_robot_37,10,6,1,SimpleHill,0-0,0,47,42-34,33-38;35-41;50-36;35-30;33-32;44-43,33-32,87,-6
random,random_robot_37,10,6,1,SimpleHill,0-0,0,48,33-32,33-28;28-32;36-39;32-38;25-33;25-37,25-33,81,-6
random,random_robot_37,10,6,1,SimpleHill,0-0,0,49,25-33,26-42;34-33;24-34;27-27;30-41;24-24,24-24,72,-9
random,random_robot_37,10,6,1,SimpleHill,0-0,0,50,24-24,27-26;16-24;18-21;16-30;19-30;21-24,19-30,72,0
random,random_robot_37,10,6,1,SimpleHill,0-0,0,51,19-30,20-21;10-34;12-23;21-31;20-35;17-30,20-21,65,-7
random,random_robot_37,10,6,1,SimpleHill,0-0,0,52,20-21,16-26;11-24;19-27;29-23;19-12;28-25,19-12,51,-14
random,random_robot_37,10,6,1,SimpleHill,0-0,0,53,19-12,24-17;12-9;22-4;15-17;14-12;18-20,18-20,61,10
random,random_robot_37,10,6,1,SimpleHill,0-0,0,54,18-20,22-25;13-14;19-23;9-24;19-13;20-28,9-24,52,-9
random,random_robot_37,10,6,1,SimpleHill,0-0,0,55,9-24,13-15;10-23;0-25;15-22;13-30;9-18,9-18,45,-7
random,random_robot_37,10,6,1,SimpleHill,0-0,0,56,9-18,14-26;11-25;14-11;14-13;2-11;4-25,4-25,45,0
random,random_robot_37,10,6,1,SimpleHill,0-0,0,57,4-25,4-15;4-20;6-32;4-23;3-32;8-16,4-15,33,-12
random,random_robot_37,10,6,1,SimpleHill,0-0,0,58,4-15,1-18;6-8;7-18;5-23;9-14;8-23,5-23,44,11
random,random_robot_37,10,6,1,SimpleHill,0-0,0,59,5-23,5-16;4-21;10-24;3-28;13-28;4-29,3-28,46,2
random,random_robot_37,10,6,1,SimpleHill,0-0,0,60,3-28,5-23;5-20;8-27;11-29;2-36;11-34,8-27,54,8
random,random_robot_37,10,6,1,SimpleHill,0-0,0,61,8-27,4-29;14-35;14-24;13-19;3-30;15-34,14-35,69,15
random,random_robot_37,10,6,1,SimpleHill,0-0,0,62,14-35,22-40;13-39;20-28;15-30;17-41;11-29,20-28,72,3
random,random_robot_37,10,6,1,SimpleHill,0-0,0,63,20-28,21-21;25-36;20-24;17-30;27-23;17-37,27-23,74,2
random,random_robot_37,10,6,1,SimpleHill,0-0,0,64,27-23,34-23;23-27;32-26;27-22;31-29;27-15,31-29,83,9
random,random_robot_37,10,6,1,SimpleHill,0-0,0,65,31-29,23-26;34-27;34-29;38-30;27-38;38-26,23-26,73,-10
random,random_robot_37,10,6,1,SimpleHill,0-0,0,66,23-26,22-34;22-31;16-19;30-24;18-21;28-30,16-19,57,-16
random,random_robot_37,10,6,1,SimpleHill,0-0,0,67,16-19,13-24;10-24;23-24;12-17;13-12;21-14,21-14,57,0
random,random_robot_37,10,6,1,SimpleHill,0-0,0,68,21-14,19-19;22-21;20-17;14-15;23-22;15-10,19-19,61,4
random,random_robot_37,10,6,1,SimpleHill,0-0,0,69,19-19,28-18;11-24;19-19;20-15;15-25;13-11,28-18,69,8
random,random_robot_37,10,6,1,SimpleHill,0-0,0,70,28-18,24-24;34-19;26-12;27-17;26-14;32-17,34-19,75,6
random,random_robot_37,10,6,1,SimpleHill,0-0,0,71,34-19,39-17;26-20;28-19;33-19;32-16;26-21,39-17,75,0
random,random_robot_37,10,6,1,SimpleHill,0-0,0,72,39-17,48-14;38-13;42-8;32-22;30-15;43-21,48-14,74,-1
random,random_robot_37,10,6,1,SimpleHill,0-0,0,73,48-14,45-20;49-19;48-21;53-22;51-21;46-17,51-21,83,9
random,random_robot_37,10,6,1,SimpleHill,0-0,0,74,51-21,45-21;42-19;52-18;46-18;52-19;45-27,52-18,79,-4
random,random_robot_37,10,6,1,SimpleHill,0-0,0,75,52-18,54-11;58-12;58-26;50-27;56-16;58-19,58-12,69,-10
random,random_robot_37,10,6,1,SimpleHill,0-0,0,76,58-12,55-13;59-4;62-19;61-12;55-12;60-17,62-19,77,8
random,random_robot_37,10,6,1,SimpleHill,0-0,0,77,62-19,62-11;62-25;61-17;55-26;70-13;56-17,70-13,64,-13
random,random_robot_37,10,6,1,SimpleHill,0-0,0,78,70-13,63-6;70-3;69-19;66-11;68-4;65-19,65-19,76,12
random,random_robot_37,10,6,1,SimpleHill,0-0,0,79,65-19,58-14;60-15;66-18;63-19;60-24;65-9,58-14,72,-4
