simulation_type,subj_id,sight_radius,n_gabors,block_ix,landscape_name,starting_pos,starting_score,trial,pos,stims,selected,score,delta
random,random_robot_180,10,6,1,SimpleHill,0-0,0,0,0-0,10-0;5-5;3-7;4-4;8-6;5-8,5-5,19,19
random,random_robot_180,10,6,1,SimpleHill,0-0,0,1,5-5,4-2;13-7;10-11;1-12;9-12;3-0,1-12,23,4
random,random_robot_180,10,6,1,SimpleHill,0-0,0,2,1-12,2-11;1-17;6-13;1-3;1-5;0-20,0-20,32,9
random,random_robot_180,10,6,1,SimpleHill,0-0,0,3,0-20,8-17;6-12;5-21;8-18;8-22;6-21,6-21,44,12
random,random_robot_180,10,6,1,SimpleHill,0-0,0,4,6-21,13-25;9-16;7-21;13-26;12-25;13-28,9-16,43,-1
random,random_robot_180,10,6,1,SimpleHill,0-0,0,5,9-16,11-17;4-15;14-10;2-15;5-17;17-19,4-15,33,-10
random,random_robot_180,10,6,1,SimpleHill,0-0,0,6,4-15,8-19;12-19;12-17;2-11;13-12;10-17,10-17,46,13
random,random_robot_180,10,6,1,SimpleHill,0-0,0,7,10-17,5-20;15-10;1-21;10-12;19-20;10-22,10-12,39,-7
random,random_robot_180,10,6,1,SimpleHill,0-0,0,8,10-12,16-18;6-3;2-12;5-11;17-17;8-7,8-7,27,-12
random,random_robot_180,10,6,1,SimpleHill,0-0,0,9,8-7,11-7;9-11;17-3;12-1;8-16;11-6,12-1,23,-4
random,random_robot_180,10,6,1,SimpleHill,0-0,0,10,12-1,4-3;16-3;7-6;14-5;13-7;19-7,13-7,35,12
random,random_robot_180,10,6,1,SimpleHill,0-0,0,11,13-7,13-3;6-2;13-6;14-3;7-1;18-5,13-3,28,-7
random,random_robot_180,10,6,1,SimpleHill,0-0,0,12,13-3,23-3;12-11;10-6;11-0;11-11;14-10,12-11,40,12
random,random_robot_180,10,6,1,SimpleHill,0-0,0,13,12-11,21-12;9-4;20-11;10-3;16-15;11-9,20-11,51,11
random,random_robot_180,10,6,1,SimpleHill,0-0,0,14,20-11,17-9;19-20;28-5;26-11;11-12;24-2,26-11,58,7
random,random_robot_180,10,6,1,SimpleHill,0-0,0,15,26-11,29-5;27-10;17-8;35-14;24-2;27-17,35-14,69,11
random,random_robot_180,10,6,1,SimpleHill,0-0,0,16,35-14,36-19;36-18;31-23;30-13;42-8;38-10,38-10,65,-4
random,random_robot_180,10,6,1,SimpleHill,0-0,0,17,38-10,30-7;35-1;33-7;44-8;45-5;37-10,37-10,64,-1
random,random_robot_180,10,6,1,SimpleHill,0-0,0,18,37-10,28-13;40-11;29-10;38-9;43-16;39-17,28-13,62,-2
random,random_robot_180,10,6,1,SimpleHill,0-0,0,19,28-13,21-14;28-22;26-18;22-16;36-9;33-19,36-9,62,0
random,random_robot_180,10,6,1,SimpleHill,0-0,0,20,36-9,43-5;32-4;29-11;44-14;37-3;35-8,37-3,52,-10
random,random_robot_180,10,6,1,SimpleHill,0-0,0,21,37-3,27-3;30-8;36-0;35-4;29-3;30-4,36-0,46,-6
random,random_robot_180,10,6,1,SimpleHill,0-0,0,22,36-0,36-0;41-0;37-2;45-2;36-2;39-5,36-0,46,0
random,random_robot_180,10,6,1,SimpleHill,0-0,0,23,36-0,46-0;32-5;35-7;44-4;42-2;37-0,35-7,58,12
random,random_robot_180,10,6,1,SimpleHill,0-0,0,24,35-7,41-15;32-1;34-12;26-4;43-12;41-10,26-4,46,-12
random,random_robot_180,10,6,1,SimpleHill,0-0,0,25,26-4,34-3;22-0;22-6;19-11;23-5;22-4,23-5,44,-2
random,random_robot_180,10,6,1,SimpleHill,0-0,0,26,23-5,28-8;15-8;14-4;30-4;24-2;23-10,23-10,53,9
random,random_robot_180,10,6,1,SimpleHill,0-0,0,27,23-10,26-1;27-15;32-7;30-13;31-16;28-13,28-13,62,9
random,random_robot_180,10,6,1,SimpleHill,0-0,0,28,28-13,26-19;22-14;28-3;29-13;29-9;26-18,29-9,57,-5
random,random_robot_180,10,6,1,SimpleHill,0-0,0,29,29-9,27-0;30-11;21-11;34-16;29-12;37-8,21-11,52,-5
random,random_robot_180,10,6,1,SimpleHill,0-0,0,30,21-11,20-17;29-11;26-3;25-6;17-4;23-19,26-3,44,-8
random,random_robot_180,10,6,1,SimpleHill,0-0,0,31,26-3,19-5;27-3;18-9;19-9;23-8;22-6,27-3,45,1
random,random_robot_180,10,6,1,SimpleHill,0-0,0,32,27-3,23-1;21-4;21-6;37-3;24-2;18-1,24-2,40,-5
random,random_robot_180,10,6,1,SimpleHill,0-0,0,33,24-2,31-9;17-1;33-3;28-0;15-0;20-11,33-3,50,10
random,random_robot_180,10,6,1,SimpleHill,0-0,0,34,33-3,39-5;28-5;42-7;39-4;41-9;42-3,42-3,54,4
random,random_robot_180,10,6,1,SimpleHill,0-0,0,35,42-3,38-1;47-6;38-6;44-5;49-4;44-11,44-11,68,14
random,random_robot_180,10,6,1,SimpleHill,0-0,0,36,44-11,44-20;38-9;50-3;47-20;42-10;48-18,47-20,81,13
random,random_robot_180,10,6,1,SimpleHill,0-0,0,37,47-20,41-21;55-20;41-25;40-18;41-14;52-27,41-21,81,0
random,random_robot_180,10,6,1,SimpleHill,0-0,0,38,41-21,45-26;44-22;35-16;40-19;41-29;40-17,44-22,83,2
random,random_robot_180,10,6,1,SimpleHill,0-0,0,39,44-22,39-25;44-31;41-23;42-27;50-30;49-21,42-27,88,5
random,random_robot_180,10,6,1,SimpleHill,0-0,0,40,42-27,48-30;34-23;38-19;48-19;36-22;40-23,48-19,80,-8
random,random_robot_180,10,6,1,SimpleHill,0-0,0,41,48-19,53-16;50-15;45-20;57-19;55-22;52-23,55-22,83,3
random,random_robot_180,10,6,1,SimpleHill,0-0,0,42,55-22,55-31;63-21;55-19;60-27;61-23;54-22,55-31,92,9
random,random_robot_180,10,6,1,SimpleHill,0-0,0,43,55-31,60-30;48-32;50-30;60-25;59-29;52-25,48-32,93,1
random,random_robot_180,10,6,1,SimpleHill,0-0,0,44,48-32,43-26;55-38;43-32;52-30;49-33;42-29,43-32,92,-1
random,random_robot_180,10,6,1,SimpleHill,0-0,0,45,43-32,35-30;42-30;40-38;46-34;43-42;41-35,42-30,90,-2
random,random_robot_180,10,6,1,SimpleHill,0-0,0,46,42-30,48-35;44-23;46-34;34-29;45-36;39-21,48-35,95,5
random,random_robot_180,10,6,1,SimpleHill,0-0,0,47,48-35,56-37;50-27;53-42;44-29;46-43;50-32,53-42,98,3
random,random_robot_180,10,6,1,SimpleHill,0-0,0,48,53-42,59-42;60-38;60-39;57-40;51-47;58-48,57-40,97,-1
random,random_robot_180,10,6,1,SimpleHill,0-0,0,49,57-40,53-43;59-41;59-40;61-46;55-33;53-35,59-40,96,-1
random,random_robot_180,10,6,1,SimpleHill,0-0,0,50,59-40,65-48;65-35;59-35;66-35;50-39;66-39,50-39,97,1
random,random_robot_180,10,6,1,SimpleHill,0-0,0,51,50-39,45-31;59-35;52-43;51-44;47-46;59-36,52-43,98,1
random,random_robot_180,10,6,1,SimpleHill,0-0,0,52,52-43,57-35;57-51;43-40;46-49;60-49;55-44,55-44,98,0
random,random_robot_180,10,6,1,SimpleHill,0-0,0,53,55-44,65-44;62-44;60-48;54-41;60-38;48-41,48-41,98,0
random,random_robot_180,10,6,1,SimpleHill,0-0,0,54,48-41,42-39;54-36;55-39;49-47;47-42;48-43,42-39,96,-2
random,random_robot_180,10,6,1,SimpleHill,0-0,0,55,42-39,34-40;37-43;42-36;41-43;50-37;45-42,34-40,92,-4
random,random_robot_180,10,6,1,SimpleHill,0-0,0,56,34-40,33-47;26-37;31-35;35-49;41-43;30-47,41-43,97,5
random,random_robot_180,10,6,1,SimpleHill,0-0,0,57,41-43,36-51;42-43;43-40;33-39;44-45;43-51,33-39,91,-6
random,random_robot_180,10,6,1,SimpleHill,0-0,0,58,33-39,42-38;31-48;42-43;28-34;36-45;29-45,42-38,95,4
random,random_robot_180,10,6,1,SimpleHill,0-0,0,59,42-38,38-35;42-43;46-43;48-40;36-32;39-38,48-40,97,2
random,random_robot_180,10,6,1,SimpleHill,0-0,0,60,48-40,58-40;41-44;44-48;43-32;53-42;56-46,41-44,97,0
random,random_robot_180,10,6,1,SimpleHill,0-0,0,61,41-44,43-50;41-36;39-35;44-51;48-38;37-53,48-38,97,0
random,random_robot_180,10,6,1,SimpleHill,0-0,0,62,48-38,55-45;42-43;45-47;55-39;54-30;53-40,55-45,99,2
random,random_robot_180,10,6,1,SimpleHill,0-0,0,63,55-45,51-53;57-41;46-48;55-41;57-50;60-51,55-41,97,-2
random,random_robot_180,10,6,1,SimpleHill,0-0,0,64,55-41,50-41;51-46;62-37;51-38;53-50;45-41,53-50,99,2
random,random_robot_180,10,6,1,SimpleHill,0-0,0,65,53-50,44-53;56-59;51-57;61-49;58-42;57-54,44-53,99,0
random,random_robot_180,10,6,1,SimpleHill,0-0,0,66,44-53,51-60;46-46;42-55;41-58;48-62;40-55,46-46,99,0
random,random_robot_180,10,6,1,SimpleHill,0-0,0,67,46-46,50-49;47-44;55-46;37-43;38-43;44-42,44-42,98,-1
random,random_robot_180,10,6,1,SimpleHill,0-0,0,68,44-42,42-40;46-33;40-49;41-49;41-37;51-36,40-49,97,-1
random,random_robot_180,10,6,1,SimpleHill,0-0,0,69,40-49,46-53;38-46;43-54;34-42;41-45;32-44,34-42,93,-4
random,random_robot_180,10,6,1,SimpleHill,0-0,0,70,34-42,37-33;41-43;38-40;38-46;43-42;27-47,41-43,97,4
random,random_robot_180,10,6,1,SimpleHill,0-0,0,71,41-43,41-37;37-46;42-43;44-36;47-39;34-38,44-36,95,-2
random,random_robot_180,10,6,1,SimpleHill,0-0,0,72,44-36,50-37;41-36;45-33;53-33;50-34;53-34,53-33,94,-1
random,random_robot_180,10,6,1,SimpleHill,0-0,0,73,53-33,50-34;56-42;59-36;56-30;59-25;56-38,59-36,94,0
random,random_robot_180,10,6,1,SimpleHill,0-0,0,74,59-36,51-40;64-44;54-36;65-33;52-39;52-35,54-36,95,1
random,random_robot_180,10,6,1,SimpleHill,0-0,0,75,54-36,53-30;48-31;59-41;49-30;59-36;60-35,53-30,91,-4
random,random_robot_180,10,6,1,SimpleHill,0-0,0,76,53-30,55-21;53-22;62-30;46-28;56-38;59-24,59-24,84,-7
random,random_robot_180,10,6,1,SimpleHill,0-0,0,77,59-24,51-23;51-30;68-27;65-31;60-26;53-32,53-32,93,9
random,random_robot_180,10,6,1,SimpleHill,0-0,0,78,53-32,50-41;62-33;59-33;61-31;58-31;48-40,62-33,91,-2
random,random_robot_180,10,6,1,SimpleHill,0-0,0,79,62-33,68-41;66-24;63-41;56-34;54-31;61-35,68-41,91,0
