simulation_type,subj_id,sight_radius,n_gabors,block_ix,landscape_name,starting_pos,starting_score,trial,pos,stims,selected,score,delta
random,random_robot_94,10,6,1,SimpleHill,0-0,0,0,0-0,6-8;2-2;0-7;5-3;3-7;1-0,5-3,15,15
random,random_robot_94,10,6,1,SimpleHill,0-0,0,1,5-3,6-11;0-2;0-6;2-12;8-6;9-9,0-6,11,-4
random,random_robot_94,10,6,1,SimpleHill,0-0,0,2,0-6,0-5;6-4;8-11;5-11;6-14;2-7,0-5,9,-2
random,random_robot_94,10,6,1,SimpleHill,0-0,0,3,0-5,5-9;5-1;8-2;6-5;1-11;8-1,8-1,16,7
random,random_robot_94,10,6,1,SimpleHill,0-0,0,4,8-1,10-8;15-6;2-4;11-0;10-1;7-5,11-0,19,3
random,random_robot_94,10,6,1,SimpleHill,0-0,0,5,11-0,17-0;13-3;8-0;6-1;2-0;9-0,8-0,14,-5
random,random_robot_94,10,6,1,SimpleHill,0-0,0,6,8-0,15-2;2-6;7-8;7-6;1-4;1-3,1-3,7,-7
random,random_robot_94,10,6,1,SimpleHill,0-0,0,7,1-3,3-7;0-8;9-7;0-9;0-3;3-9,0-8,14,7
random,random_robot_94,10,6,1,SimpleHill,0-0,0,8,0-8,3-5;4-6;1-10;5-16;0-4;7-12,3-5,15,1
random,random_robot_94,10,6,1,SimpleHill,0-0,0,9,3-5,6-13;3-11;4-6;1-1;5-4;6-7,1-1,3,-12
random,random_robot_94,10,6,1,SimpleHill,0-0,0,10,1-1,5-5;0-4;4-2;8-5;0-0;7-9,5-5,19,16
random,random_robot_94,10,6,1,SimpleHill,0-0,0,11,5-5,14-6;7-14;4-9;7-1;10-4;11-9,14-6,35,16
random,random_robot_94,10,6,1,SimpleHill,0-0,0,12,14-6,7-12;10-2;9-3;7-7;8-9;21-1,7-12,34,-1
random,random_robot_94,10,6,1,SimpleHill,0-0,0,13,7-12,12-8;14-18;11-4;5-13;14-10;14-16,11-4,27,-7
random,random_robot_94,10,6,1,SimpleHill,0-0,0,14,11-4,14-13;19-2;18-1;6-11;20-1;7-5,19-2,34,7
random,random_robot_94,10,6,1,SimpleHill,0-0,0,15,19-2,13-3;13-4;24-6;23-6;19-7;16-9,24-6,47,13
random,random_robot_94,10,6,1,SimpleHill,0-0,0,16,24-6,23-0;21-10;18-1;19-1;29-12;23-4,29-12,62,15
random,random_robot_94,10,6,1,SimpleHill,0-0,0,17,29-12,24-19;35-19;29-7;21-14;23-16;30-16,35-19,76,14
random,random_robot_94,10,6,1,SimpleHill,0-0,0,18,35-19,33-19;29-23;35-11;36-16;33-14;40-17,33-19,75,-1
random,random_robot_94,10,6,1,SimpleHill,0-0,0,19,33-19,30-18;30-22;28-23;39-11;35-13;34-26,28-23,75,0
random,random_robot_94,10,6,1,SimpleHill,0-0,0,20,28-23,31-30;26-16;36-23;18-23;33-20;27-20,31-30,84,9
random,random_robot_94,10,6,1,SimpleHill,0-0,0,21,31-30,28-31;24-33;28-39;39-26;23-33;29-36,39-26,86,2
random,random_robot_94,10,6,1,SimpleHill,0-0,0,22,39-26,31-24;48-28;44-22;44-21;34-29;34-32,31-24,79,-7
random,random_robot_94,10,6,1,SimpleHill,0-0,0,23,31-24,31-28;27-23;32-33;23-20;27-16;28-17,31-28,83,4
random,random_robot_94,10,6,1,SimpleHill,0-0,0,24,31-28,29-24;33-31;36-31;33-34;33-23;23-32,29-24,77,-6
random,random_robot_94,10,6,1,SimpleHill,0-0,0,25,29-24,26-21;32-33;20-25;34-17;37-23;24-20,34-17,73,-4
random,random_robot_94,10,6,1,SimpleHill,0-0,0,26,34-17,33-14;40-20;35-14;40-16;37-13;37-22,37-22,80,7
random,random_robot_94,10,6,1,SimpleHill,0-0,0,27,37-22,42-22;33-13;41-15;32-25;32-29;31-16,41-15,73,-7
random,random_robot_94,10,6,1,SimpleHill,0-0,0,28,41-15,36-12;46-9;48-8;43-23;46-19;38-20,43-23,84,11
random,random_robot_94,10,6,1,SimpleHill,0-0,0,29,43-23,35-24;46-27;35-23;42-26;46-31;46-30,46-30,91,7
random,random_robot_94,10,6,1,SimpleHill,0-0,0,30,46-30,48-27;44-33;39-25;49-23;45-27;47-21,39-25,85,-6
random,random_robot_94,10,6,1,SimpleHill,0-0,0,31,39-25,35-28;43-32;33-21;38-28;46-24;39-15,33-21,77,-8
random,random_robot_94,10,6,1,SimpleHill,0-0,0,32,33-21,33-11;39-28;27-24;41-23;28-22;35-28,35-28,85,8
random,random_robot_94,10,6,1,SimpleHill,0-0,0,33,35-28,44-26;38-22;37-37;39-33;34-32;39-27,39-27,87,2
random,random_robot_94,10,6,1,SimpleHill,0-0,0,34,39-27,30-29;36-27;33-19;37-32;41-35;39-33,37-32,90,3
random,random_robot_94,10,6,1,SimpleHill,0-0,0,35,37-32,35-31;36-24;35-23;32-25;33-33;40-35,35-31,88,-2
random,random_robot_94,10,6,1,SimpleHill,0-0,0,36,35-31,37-31;38-31;35-33;34-36;27-34;42-27,38-31,89,1
random,random_robot_94,10,6,1,SimpleHill,0-0,0,37,38-31,39-32;41-27;34-25;45-31;33-28;42-25,34-25,82,-7
random,random_robot_94,10,6,1,SimpleHill,0-0,0,38,34-25,33-25;35-23;27-25;35-32;31-16;25-24,25-24,73,-9
random,random_robot_94,10,6,1,SimpleHill,0-0,0,39,25-24,21-29;24-18;17-22;26-33;18-17;18-27,21-29,74,1
random,random_robot_94,10,6,1,SimpleHill,0-0,0,40,21-29,24-29;26-22;17-27;27-30;19-35;28-31,26-22,72,-2
random,random_robot_94,10,6,1,SimpleHill,0-0,0,41,26-22,31-24;21-23;33-27;35-19;19-29;24-30,35-19,76,4
random,random_robot_94,10,6,1,SimpleHill,0-0,0,42,35-19,36-16;30-26;27-14;31-28;39-23;32-19,32-19,74,-2
random,random_robot_94,10,6,1,SimpleHill,0-0,0,43,32-19,32-19;23-18;31-11;38-26;36-25;27-16,23-18,64,-10
random,random_robot_94,10,6,1,SimpleHill,0-0,0,44,23-18,22-20;17-18;26-21;24-27;21-25;17-12,26-21,71,7
random,random_robot_94,10,6,1,SimpleHill,0-0,0,45,26-21,18-23;29-26;33-27;29-23;20-21;35-20,29-23,76,5
random,random_robot_94,10,6,1,SimpleHill,0-0,0,46,29-23,32-25;32-23;26-27;20-20;23-31;37-19,23-31,78,2
random,random_robot_94,10,6,1,SimpleHill,0-0,0,47,23-31,26-27;30-34;15-29;15-25;15-33;28-37,15-29,66,-12
random,random_robot_94,10,6,1,SimpleHill,0-0,0,48,15-29,13-20;19-33;16-38;17-20;9-24;12-20,9-24,52,-14
random,random_robot_94,10,6,1,SimpleHill,0-0,0,49,9-24,4-21;7-17;6-18;0-25;12-17;7-16,7-17,41,-11
random,random_robot_94,10,6,1,SimpleHill,0-0,0,50,7-17,11-14;15-12;0-22;4-14;12-18;6-17,11-14,43,2
random,random_robot_94,10,6,1,SimpleHill,0-0,0,51,11-14,11-5;11-16;18-14;4-16;2-17;8-16,18-14,53,10
random,random_robot_94,10,6,1,SimpleHill,0-0,0,52,18-14,22-17;18-11;17-13;16-22;16-5;24-14,16-22,61,8
random,random_robot_94,10,6,1,SimpleHill,0-0,0,53,16-22,19-29;24-26;8-24;12-21;17-22;8-26,12-21,54,-7
random,random_robot_94,10,6,1,SimpleHill,0-0,0,54,12-21,7-23;17-16;14-29;5-16;6-17;5-23,17-16,55,1
random,random_robot_94,10,6,1,SimpleHill,0-0,0,55,17-16,12-20;20-7;16-13;18-24;19-15;12-12,12-20,53,-2
random,random_robot_94,10,6,1,SimpleHill,0-0,0,56,12-20,16-18;15-16;16-15;16-22;9-22;11-18,16-15,52,-1
random,random_robot_94,10,6,1,SimpleHill,0-0,0,57,16-15,17-23;19-20;17-16;16-5;11-19;10-10,11-19,50,-2
random,random_robot_94,10,6,1,SimpleHill,0-0,0,58,11-19,19-16;18-25;8-12;3-16;11-19;5-19,3-16,32,-18
random,random_robot_94,10,6,1,SimpleHill,0-0,0,59,3-16,6-21;12-14;6-14;9-10;0-17;6-17,12-14,45,13
random,random_robot_94,10,6,1,SimpleHill,0-0,0,60,12-14,17-18;9-19;12-11;5-11;9-18;6-18,17-18,57,12
random,random_robot_94,10,6,1,SimpleHill,0-0,0,61,17-18,21-14;10-25;13-27;8-18;25-19;21-13,10-25,55,-2
random,random_robot_94,10,6,1,SimpleHill,0-0,0,62,10-25,9-25;11-17;17-23;2-26;13-23;11-23,11-23,55,0
random,random_robot_94,10,6,1,SimpleHill,0-0,0,63,11-23,17-28;18-18;12-26;4-16;15-15;3-25,17-28,68,13
random,random_robot_94,10,6,1,SimpleHill,0-0,0,64,17-28,23-24;17-33;17-37;25-28;19-34;21-31,19-34,75,7
random,random_robot_94,10,6,1,SimpleHill,0-0,0,65,19-34,25-38;20-33;25-39;14-34;19-43;20-31,25-39,85,10
random,random_robot_94,10,6,1,SimpleHill,0-0,0,66,25-39,30-45;23-37;17-45;29-37;29-41;24-34,23-37,82,-3
random,random_robot_94,10,6,1,SimpleHill,0-0,0,67,23-37,22-43;24-38;17-33;25-44;27-42;30-34,30-34,86,4
random,random_robot_94,10,6,1,SimpleHill,0-0,0,68,30-34,33-43;33-40;33-36;25-39;26-37;37-35,37-35,92,6
random,random_robot_94,10,6,1,SimpleHill,0-0,0,69,37-35,33-38;28-35;32-38;33-37;37-42;37-25,33-38,91,-1
random,random_robot_94,10,6,1,SimpleHill,0-0,0,70,33-38,28-42;30-32;30-35;27-39;36-41;26-39,30-35,87,-4
random,random_robot_94,10,6,1,SimpleHill,0-0,0,71,30-35,26-26;25-34;27-27;38-30;33-40;34-38,25-34,82,-5
random,random_robot_94,10,6,1,SimpleHill,0-0,0,72,25-34,19-37;27-28;30-30;23-43;33-35;22-31,23-43,84,2
random,random_robot_94,10,6,1,SimpleHill,0-0,0,73,23-43,16-47;32-42;18-38;19-36;18-50;17-51,18-50,79,-5
random,random_robot_94,10,6,1,SimpleHill,0-0,0,74,18-50,16-46;15-52;22-58;25-53;13-57;18-47,22-58,83,4
random,random_robot_94,10,6,1,SimpleHill,0-0,0,75,22-58,30-58;15-54;26-51;18-50;28-55;29-53,30-58,90,7
random,random_robot_94,10,6,1,SimpleHill,0-0,0,76,30-58,38-60;23-62;28-53;33-57;31-50;28-51,28-53,90,0
random,random_robot_94,10,6,1,SimpleHill,0-0,0,77,28-53,33-50;31-52;24-62;35-47;27-58;32-45,24-62,83,-7
random,random_robot_94,10,6,1,SimpleHill,0-0,0,78,24-62,28-66;27-55;29-64;27-66;16-64;22-56,29-64,87,4
random,random_robot_94,10,6,1,SimpleHill,0-0,0,79,29-64,28-69;39-64;32-68;34-58;36-63;31-56,28-69,83,-4
