simulation_type,subj_id,sight_radius,n_gabors,block_ix,landscape_name,starting_pos,starting_score,trial,pos,stims,selected,score,delta
random,random_robot_179,10,6,1,SimpleHill,0-0,0,0,0-0,7-7;3-4;6-2;8-6;8-3;9-1,3-4,13,13
random,random_robot_179,10,6,1,SimpleHill,0-0,0,1,3-4,0-7;11-0;3-0;0-8;1-11;9-0,0-8,14,1
random,random_robot_179,10,6,1,SimpleHill,0-0,0,2,0-8,2-8;4-16;5-7;1-6;3-8;0-3,5-7,22,8
random,random_robot_179,10,6,1,SimpleHill,0-0,0,3,5-7,1-2;10-5;14-4;6-15;3-1;8-16,3-1,7,-15
random,random_robot_179,10,6,1,SimpleHill,0-0,0,4,3-1,0-7;4-1;9-1;7-5;10-3;0-8,9-1,18,11
random,random_robot_179,10,6,1,SimpleHill,0-0,0,5,9-1,4-8;5-2;2-1;7-8;3-0;10-3,2-1,5,-13
random,random_robot_179,10,6,1,SimpleHill,0-0,0,6,2-1,6-4;6-1;6-9;3-3;2-4;5-6,2-4,11,6
random,random_robot_179,10,6,1,SimpleHill,0-0,0,7,2-4,11-2;1-0;5-8;7-5;9-1;0-4,1-0,1,-10
random,random_robot_179,10,6,1,SimpleHill,0-0,0,8,1-0,3-8;6-3;1-4;10-2;7-4;2-8,6-3,17,16
random,random_robot_179,10,6,1,SimpleHill,0-0,0,9,6-3,10-12;7-4;14-3;14-0;8-5;16-3,14-0,24,7
random,random_robot_179,10,6,1,SimpleHill,0-0,0,10,14-0,22-0;8-2;11-6;9-3;17-2;19-0,17-2,32,8
random,random_robot_179,10,6,1,SimpleHill,0-0,0,11,17-2,17-2;12-6;18-2;15-4;17-5;20-5,18-2,33,1
random,random_robot_179,10,6,1,SimpleHill,0-0,0,12,18-2,15-3;24-9;23-1;21-3;15-4;17-10,15-3,31,-2
random,random_robot_179,10,6,1,SimpleHill,0-0,0,13,15-3,20-1;9-0;13-10;20-9;20-6;15-10,15-10,43,12
random,random_robot_179,10,6,1,SimpleHill,0-0,0,14,15-10,17-4;22-8;21-18;21-6;19-14;15-6,17-4,35,-8
random,random_robot_179,10,6,1,SimpleHill,0-0,0,15,17-4,10-5;11-6;10-4;24-2;8-5;17-6,10-4,25,-10
random,random_robot_179,10,6,1,SimpleHill,0-0,0,16,10-4,10-5;14-1;16-8;15-5;2-10;7-1,15-5,35,10
random,random_robot_179,10,6,1,SimpleHill,0-0,0,17,15-5,12-8;22-3;11-6;18-1;9-7;19-10,9-7,29,-6
random,random_robot_179,10,6,1,SimpleHill,0-0,0,18,9-7,3-7;16-7;8-1;11-14;9-1;8-14,8-14,38,9
random,random_robot_179,10,6,1,SimpleHill,0-0,0,19,8-14,5-15;12-10;2-9;9-6;14-14;6-15,12-10,39,1
random,random_robot_179,10,6,1,SimpleHill,0-0,0,20,12-10,18-5;9-5;8-5;17-15;17-12;14-7,17-15,53,14
random,random_robot_179,10,6,1,SimpleHill,0-0,0,21,17-15,18-22;13-21;26-11;18-14;10-11;25-14,18-14,53,0
random,random_robot_179,10,6,1,SimpleHill,0-0,0,22,18-14,10-15;15-15;10-8;28-14;15-21;26-12,15-21,58,5
random,random_robot_179,10,6,1,SimpleHill,0-0,0,23,15-21,9-17;8-16;21-23;9-28;20-28;22-20,9-17,44,-14
random,random_robot_179,10,6,1,SimpleHill,0-0,0,24,9-17,11-10;4-13;11-25;4-25;13-20;5-25,11-10,37,-7
random,random_robot_179,10,6,1,SimpleHill,0-0,0,25,11-10,14-6;9-8;4-12;5-6;7-16;12-11,9-8,31,-6
random,random_robot_179,10,6,1,SimpleHill,0-0,0,26,9-8,12-17;11-3;15-10;13-2;10-9;7-16,15-10,43,12
random,random_robot_179,10,6,1,SimpleHill,0-0,0,27,15-10,14-10;19-2;13-10;14-14;23-9;20-7,19-2,34,-9
random,random_robot_179,10,6,1,SimpleHill,0-0,0,28,19-2,21-0;17-4;15-2;27-7;22-11;20-8,15-2,29,-5
random,random_robot_179,10,6,1,SimpleHill,0-0,0,29,15-2,18-7;11-8;17-6;21-0;18-9;8-0,18-9,45,16
random,random_robot_179,10,6,1,SimpleHill,0-0,0,30,18-9,13-8;16-17;14-18;15-5;26-13;8-9,14-18,53,8
random,random_robot_179,10,6,1,SimpleHill,0-0,0,31,14-18,15-15;9-25;10-9;8-19;10-20;7-15,7-15,38,-15
random,random_robot_179,10,6,1,SimpleHill,0-0,0,32,7-15,4-20;11-11;6-6;5-16;8-18;12-21,5-16,36,-2
random,random_robot_179,10,6,1,SimpleHill,0-0,0,33,5-16,6-21;1-9;13-15;2-10;2-12;11-22,2-10,21,-15
random,random_robot_179,10,6,1,SimpleHill,0-0,0,34,2-10,2-16;10-14;11-10;4-14;2-17;11-12,10-14,42,21
random,random_robot_179,10,6,1,SimpleHill,0-0,0,35,10-14,6-5;17-15;10-19;10-23;11-23;3-13,10-23,53,11
random,random_robot_179,10,6,1,SimpleHill,0-0,0,36,10-23,18-24;5-22;4-25;18-23;6-28;14-20,5-22,43,-10
random,random_robot_179,10,6,1,SimpleHill,0-0,0,37,5-22,2-31;4-31;1-22;0-17;12-21;4-30,1-22,36,-7
random,random_robot_179,10,6,1,SimpleHill,0-0,0,38,1-22,2-29;3-17;11-22;4-20;7-24;4-14,7-24,49,13
random,random_robot_179,10,6,1,SimpleHill,0-0,0,39,7-24,10-32;11-26;1-23;0-29;5-21;13-22,5-21,42,-7
random,random_robot_179,10,6,1,SimpleHill,0-0,0,40,5-21,11-24;0-24;13-22;9-21;0-20;8-26,9-21,49,7
random,random_robot_179,10,6,1,SimpleHill,0-0,0,41,9-21,12-20;14-29;2-21;7-29;17-15;15-21,7-29,54,5
random,random_robot_179,10,6,1,SimpleHill,0-0,0,42,7-29,4-32;8-27;6-30;16-29;4-28;9-31,9-31,59,5
random,random_robot_179,10,6,1,SimpleHill,0-0,0,43,9-31,13-28;12-29;10-38;11-27;2-33;15-24,13-28,62,3
random,random_robot_179,10,6,1,SimpleHill,0-0,0,44,13-28,20-35;13-20;8-35;13-25;10-24;16-20,13-25,60,-2
random,random_robot_179,10,6,1,SimpleHill,0-0,0,45,13-25,10-16;13-18;6-27;7-33;17-29;17-20,13-18,52,-8
random,random_robot_179,10,6,1,SimpleHill,0-0,0,46,13-18,11-11;9-24;19-24;11-10;10-23;8-26,10-23,53,1
random,random_robot_179,10,6,1,SimpleHill,0-0,0,47,10-23,8-19;1-23;6-24;18-29;4-18;3-30,6-24,47,-6
random,random_robot_179,10,6,1,SimpleHill,0-0,0,48,6-24,10-17;2-26;0-16;5-22;8-17;0-20,0-16,26,-21
random,random_robot_179,10,6,1,SimpleHill,0-0,0,49,0-16,2-21;0-6;1-19;9-16;4-20;4-16,0-6,11,-15
random,random_robot_179,10,6,1,SimpleHill,0-0,0,50,0-6,9-10;4-14;2-15;2-5;9-4;8-3,9-4,24,13
random,random_robot_179,10,6,1,SimpleHill,0-0,0,51,9-4,4-3;5-12;1-4;18-2;10-10;4-5,4-5,17,-7
random,random_robot_179,10,6,1,SimpleHill,0-0,0,52,4-5,8-5;3-7;9-8;10-4;0-0;4-1,0-0,0,-17
random,random_robot_179,10,6,1,SimpleHill,0-0,0,53,0-0,4-4;5-8;2-0;5-7;3-2;6-2,3-2,9,9
random,random_robot_179,10,6,1,SimpleHill,0-0,0,54,3-2,5-4;2-10;3-5;6-4;12-1;4-10,6-4,18,9
random,random_robot_179,10,6,1,SimpleHill,0-0,0,55,6-4,9-7;15-5;8-2;14-9;10-2;12-6,9-7,29,11
random,random_robot_179,10,6,1,SimpleHill,0-0,0,56,9-7,11-9;9-3;6-2;17-3;0-4;14-13,17-3,34,5
random,random_robot_179,10,6,1,SimpleHill,0-0,0,57,17-3,14-11;9-5;13-5;20-0;25-5;15-4,15-4,33,-1
random,random_robot_179,10,6,1,SimpleHill,0-0,0,58,15-4,12-2;7-5;21-2;23-0;12-12;13-4,13-4,30,-3
random,random_robot_179,10,6,1,SimpleHill,0-0,0,59,13-4,20-9;8-8;4-6;7-9;17-7;12-10,8-8,29,-1
random,random_robot_179,10,6,1,SimpleHill,0-0,0,60,8-8,8-3;16-3;11-16;16-10;1-13;6-6,16-3,32,3
random,random_robot_179,10,6,1,SimpleHill,0-0,0,61,16-3,9-4;13-9;25-6;7-7;14-9;17-11,9-4,24,-8
random,random_robot_179,10,6,1,SimpleHill,0-0,0,62,9-4,16-0;3-2;16-3;8-2;4-11;17-1,16-3,32,8
random,random_robot_179,10,6,1,SimpleHill,0-0,0,63,16-3,19-8;25-2;13-10;13-11;26-3;24-4,19-8,45,13
random,random_robot_179,10,6,1,SimpleHill,0-0,0,64,19-8,19-17;21-11;15-1;15-3;20-10;23-3,15-1,27,-18
random,random_robot_179,10,6,1,SimpleHill,0-0,0,65,15-1,8-4;22-6;22-5;11-4;21-3;20-0,8-4,22,-5
random,random_robot_179,10,6,1,SimpleHill,0-0,0,66,8-4,14-6;10-7;6-5;11-0;7-13;13-4,6-5,20,-2
random,random_robot_179,10,6,1,SimpleHill,0-0,0,67,6-5,13-8;14-11;7-13;7-9;9-3;3-3,7-13,35,15
random,random_robot_179,10,6,1,SimpleHill,0-0,0,68,7-13,5-10;8-18;7-19;2-10;13-13;14-10,2-10,21,-14
random,random_robot_179,10,6,1,SimpleHill,0-0,0,69,2-10,4-9;4-1;0-19;7-18;5-6;10-7,0-19,30,9
random,random_robot_179,10,6,1,SimpleHill,0-0,0,70,0-19,2-23;7-17;4-23;1-28;2-28;4-13,2-28,44,14
random,random_robot_179,10,6,1,SimpleHill,0-0,0,71,2-28,8-27;3-20;3-26;11-32;2-28;6-20,3-20,37,-7
random,random_robot_179,10,6,1,SimpleHill,0-0,0,72,3-20,3-19;9-12;7-11;11-19;6-15;2-17,7-11,32,-5
random,random_robot_179,10,6,1,SimpleHill,0-0,0,73,7-11,7-4;12-8;1-10;0-6;5-5;7-2,7-4,20,-12
random,random_robot_179,10,6,1,SimpleHill,0-0,0,74,7-4,0-1;13-1;3-13;6-10;4-6;7-8,7-8,27,7
random,random_robot_179,10,6,1,SimpleHill,0-0,0,75,7-8,10-3;8-15;6-5;15-3;9-12;13-6,8-15,40,13
random,random_robot_179,10,6,1,SimpleHill,0-0,0,76,8-15,9-6;9-13;10-15;7-13;15-20;17-15,9-13,39,-1
random,random_robot_179,10,6,1,SimpleHill,0-0,0,77,9-13,12-5;3-17;1-19;15-12;10-22;9-8,10-22,52,13
random,random_robot_179,10,6,1,SimpleHill,0-0,0,78,10-22,6-25;15-16;6-19;4-25;11-17;6-26,11-17,47,-5
random,random_robot_179,10,6,1,SimpleHill,0-0,0,79,11-17,8-21;17-23;4-24;2-19;14-20;11-23,4-24,44,-3
