simulation_type,subj_id,sight_radius,n_gabors,block_ix,landscape_name,starting_pos,starting_score,trial,pos,stims,selected,score,delta
random,random_robot_158,10,6,1,SimpleHill,0-0,0,0,0-0,8-3;1-1;4-4;7-2;5-7;4-6,4-6,18,18
random,random_robot_158,10,6,1,SimpleHill,0-0,0,1,4-6,8-4;7-4;7-11;8-8;10-9;8-1,8-4,22,4
random,random_robot_158,10,6,1,SimpleHill,0-0,0,2,8-4,0-6;6-12;14-5;10-4;1-4;7-7,7-7,26,4
random,random_robot_158,10,6,1,SimpleHill,0-0,0,3,7-7,12-14;4-16;11-8;14-13;2-11;6-9,11-8,34,8
random,random_robot_158,10,6,1,SimpleHill,0-0,0,4,11-8,7-2;5-0;14-5;5-2;14-11;13-0,5-0,9,-25
random,random_robot_158,10,6,1,SimpleHill,0-0,0,5,5-0,3-3;4-4;3-1;9-7;13-3;5-10,5-10,27,18
random,random_robot_158,10,6,1,SimpleHill,0-0,0,6,5-10,1-19;3-16;10-10;9-3;4-6;5-13,1-19,32,5
random,random_robot_158,10,6,1,SimpleHill,0-0,0,7,1-19,2-11;5-26;6-21;4-18;9-25;4-24,4-24,44,12
random,random_robot_158,10,6,1,SimpleHill,0-0,0,8,4-24,4-19;10-25;7-16;0-23;3-16;2-18,3-16,32,-12
random,random_robot_158,10,6,1,SimpleHill,0-0,0,9,3-16,6-22;2-13;3-16;9-9;4-18;5-13,4-18,37,5
random,random_robot_158,10,6,1,SimpleHill,0-0,0,10,4-18,6-27;10-11;8-25;6-22;5-18;10-10,10-10,36,-1
random,random_robot_158,10,6,1,SimpleHill,0-0,0,11,10-10,9-7;4-12;17-9;15-18;8-13;17-11,8-13,37,1
random,random_robot_158,10,6,1,SimpleHill,0-0,0,12,8-13,5-10;11-18;3-5;6-8;16-8;17-11,17-11,47,10
random,random_robot_158,10,6,1,SimpleHill,0-0,0,13,17-11,23-5;17-5;8-7;9-8;16-3;20-10,8-7,27,-20
random,random_robot_158,10,6,1,SimpleHill,0-0,0,14,8-7,17-11;5-13;5-11;0-9;2-14;8-7,8-7,27,0
random,random_robot_158,10,6,1,SimpleHill,0-0,0,15,8-7,15-8;11-14;10-15;1-6;9-3;4-8,4-8,22,-5
random,random_robot_158,10,6,1,SimpleHill,0-0,0,16,4-8,7-10;1-17;0-8;11-15;0-9;3-12,0-9,16,-6
random,random_robot_158,10,6,1,SimpleHill,0-0,0,17,0-9,0-13;7-13;4-9;7-16;2-14;2-18,4-9,24,8
random,random_robot_158,10,6,1,SimpleHill,0-0,0,18,4-9,2-13;9-2;3-13;3-15;3-8;7-16,2-13,26,2
random,random_robot_158,10,6,1,SimpleHill,0-0,0,19,2-13,0-22;7-16;0-19;0-14;4-17;2-3,0-22,34,8
random,random_robot_158,10,6,1,SimpleHill,0-0,0,20,0-22,1-20;0-23;7-16;2-20;4-31;3-30,3-30,47,13
random,random_robot_158,10,6,1,SimpleHill,0-0,0,21,3-30,11-29;1-28;9-27;1-38;10-35;12-27,1-28,42,-5
random,random_robot_158,10,6,1,SimpleHill,0-0,0,22,1-28,3-24;7-25;6-30;5-30;0-20;7-28,5-30,51,9
random,random_robot_158,10,6,1,SimpleHill,0-0,0,23,5-30,6-27;1-39;10-34;0-31;2-26;5-24,0-31,42,-9
random,random_robot_158,10,6,1,SimpleHill,0-0,0,24,0-31,3-22;9-27;8-31;4-35;6-32;7-33,7-33,57,15
random,random_robot_158,10,6,1,SimpleHill,0-0,0,25,7-33,12-35;11-40;4-36;6-36;15-32;10-36,12-35,66,9
random,random_robot_158,10,6,1,SimpleHill,0-0,0,26,12-35,8-26;4-38;10-41;10-37;18-43;9-37,8-26,53,-13
random,random_robot_158,10,6,1,SimpleHill,0-0,0,27,8-26,13-19;2-28;3-21;7-33;13-24;0-31,3-21,39,-14
random,random_robot_158,10,6,1,SimpleHill,0-0,0,28,3-21,4-19;10-18;0-24;4-15;8-19;4-30,10-18,47,8
random,random_robot_158,10,6,1,SimpleHill,0-0,0,29,10-18,18-13;2-22;14-12;10-20;12-9;15-15,14-12,45,-2
random,random_robot_158,10,6,1,SimpleHill,0-0,0,30,14-12,22-6;11-15;18-16;10-13;5-16;14-14,18-16,56,11
random,random_robot_158,10,6,1,SimpleHill,0-0,0,31,18-16,23-12;16-23;14-23;22-11;16-9;13-12,14-23,59,3
random,random_robot_158,10,6,1,SimpleHill,0-0,0,32,14-23,6-26;23-20;13-27;16-29;15-25;15-19,15-25,63,4
random,random_robot_158,10,6,1,SimpleHill,0-0,0,33,15-25,8-18;21-26;23-21;13-16;15-33;11-22,15-33,69,6
random,random_robot_158,10,6,1,SimpleHill,0-0,0,34,15-33,17-26;13-34;12-37;18-24;12-33;18-31,18-31,72,3
random,random_robot_158,10,6,1,SimpleHill,0-0,0,35,18-31,26-34;18-28;27-30;14-24;26-26;15-35,26-26,76,4
random,random_robot_158,10,6,1,SimpleHill,0-0,0,36,26-26,28-18;32-22;26-24;17-29;31-20;29-20,32-22,77,1
random,random_robot_158,10,6,1,SimpleHill,0-0,0,37,32-22,30-21;39-22;37-24;37-20;23-25;36-30,37-24,83,6
random,random_robot_158,10,6,1,SimpleHill,0-0,0,38,37-24,32-16;30-24;32-21;31-20;42-22;37-25,30-24,78,-5
random,random_robot_158,10,6,1,SimpleHill,0-0,0,39,30-24,33-31;30-21;34-23;27-28;27-30;32-33,33-31,87,9
random,random_robot_158,10,6,1,SimpleHill,0-0,0,40,33-31,39-26;37-39;38-26;27-38;39-27;34-37,37-39,94,7
random,random_robot_158,10,6,1,SimpleHill,0-0,0,41,37-39,38-32;40-46;46-38;35-32;39-48;46-40,40-46,97,3
random,random_robot_158,10,6,1,SimpleHill,0-0,0,42,40-46,36-53;50-46;40-53;41-43;49-43;46-48,49-43,99,2
random,random_robot_158,10,6,1,SimpleHill,0-0,0,43,49-43,51-46;55-46;53-48;51-38;51-37;53-46,51-37,96,-3
random,random_robot_158,10,6,1,SimpleHill,0-0,0,44,51-37,43-36;45-38;48-31;47-35;57-33;58-44,43-36,95,-1
random,random_robot_158,10,6,1,SimpleHill,0-0,0,45,43-36,46-32;35-42;49-44;37-38;51-36;50-36,50-36,96,1
random,random_robot_158,10,6,1,SimpleHill,0-0,0,46,50-36,44-35;53-29;47-31;41-36;49-39;59-39,53-29,91,-5
random,random_robot_158,10,6,1,SimpleHill,0-0,0,47,53-29,59-27;56-28;53-20;58-26;49-28;48-28,53-20,81,-10
random,random_robot_158,10,6,1,SimpleHill,0-0,0,48,53-20,48-21;61-16;49-20;54-18;57-24;60-22,49-20,81,0
random,random_robot_158,10,6,1,SimpleHill,0-0,0,49,49-20,43-15;50-26;46-12;45-22;49-19;51-25,49-19,80,-1
random,random_robot_158,10,6,1,SimpleHill,0-0,0,50,49-19,56-18;46-23;53-24;56-22;49-10;48-25,48-25,87,7
random,random_robot_158,10,6,1,SimpleHill,0-0,0,51,48-25,45-31;50-17;42-27;48-16;43-31;46-26,48-16,76,-11
random,random_robot_158,10,6,1,SimpleHill,0-0,0,52,48-16,41-21;38-16;44-18;41-12;44-11;50-9,44-18,78,2
random,random_robot_158,10,6,1,SimpleHill,0-0,0,53,44-18,35-21;41-13;49-15;37-22;45-16;48-23,37-22,80,2
random,random_robot_158,10,6,1,SimpleHill,0-0,0,54,37-22,33-26;35-31;35-21;31-28;32-30;32-26,35-31,88,8
random,random_robot_158,10,6,1,SimpleHill,0-0,0,55,35-31,38-37;38-33;37-26;42-38;30-35;33-40,38-33,91,3
random,random_robot_158,10,6,1,SimpleHill,0-0,0,56,38-33,34-40;43-28;42-35;35-39;44-35;38-30,34-40,92,1
random,random_robot_158,10,6,1,SimpleHill,0-0,0,57,34-40,31-48;35-44;34-36;42-36;39-39;36-35,39-39,95,3
random,random_robot_158,10,6,1,SimpleHill,0-0,0,58,39-39,42-31;34-41;45-40;37-36;40-32;34-34,42-31,91,-4
random,random_robot_158,10,6,1,SimpleHill,0-0,0,59,42-31,44-39;43-24;43-38;38-22;32-31;40-35,40-35,93,2
random,random_robot_158,10,6,1,SimpleHill,0-0,0,60,40-35,48-36;37-38;37-41;41-38;43-26;32-37,43-26,87,-6
random,random_robot_158,10,6,1,SimpleHill,0-0,0,61,43-26,41-29;43-28;45-35;36-27;40-27;49-20,43-28,89,2
random,random_robot_158,10,6,1,SimpleHill,0-0,0,62,43-28,37-27;41-27;50-27;36-24;45-34;46-36,45-34,94,5
random,random_robot_158,10,6,1,SimpleHill,0-0,0,63,45-34,52-35;52-40;39-38;38-33;40-35;37-38,40-35,93,-1
random,random_robot_158,10,6,1,SimpleHill,0-0,0,64,40-35,46-41;37-39;34-28;43-43;37-26;43-35,43-43,98,5
random,random_robot_158,10,6,1,SimpleHill,0-0,0,65,43-43,39-38;48-43;47-45;41-50;48-38;45-47,48-43,98,0
random,random_robot_158,10,6,1,SimpleHill,0-0,0,66,48-43,49-41;55-50;51-41;54-45;55-36;44-35,49-41,98,0
random,random_robot_158,10,6,1,SimpleHill,0-0,0,67,49-41,53-38;49-31;51-39;47-36;51-40;55-48,49-31,92,-6
random,random_robot_158,10,6,1,SimpleHill,0-0,0,68,49-31,50-31;50-23;49-31;52-31;51-23;58-33,49-31,92,0
random,random_robot_158,10,6,1,SimpleHill,0-0,0,69,49-31,45-28;57-26;47-27;53-32;51-39;49-30,57-26,87,-5
random,random_robot_158,10,6,1,SimpleHill,0-0,0,70,57-26,65-22;56-23;58-33;58-21;49-24;53-20,56-23,84,-3
random,random_robot_158,10,6,1,SimpleHill,0-0,0,71,56-23,50-31;49-27;55-31;51-29;52-23;62-28,50-31,92,8
random,random_robot_158,10,6,1,SimpleHill,0-0,0,72,50-31,52-23;46-36;47-35;41-29;42-29;53-31,41-29,89,-3
random,random_robot_158,10,6,1,SimpleHill,0-0,0,73,41-29,34-34;35-23;43-30;38-38;35-36;45-33,43-30,91,2
random,random_robot_158,10,6,1,SimpleHill,0-0,0,74,43-30,39-30;41-21;41-22;50-29;52-31;36-35,39-30,89,-2
random,random_robot_158,10,6,1,SimpleHill,0-0,0,75,39-30,47-36;38-36;46-33;33-23;45-38;40-24,46-33,93,4
random,random_robot_158,10,6,1,SimpleHill,0-0,0,76,46-33,47-24;45-30;44-28;42-25;39-30;50-35,47-24,86,-7
random,random_robot_158,10,6,1,SimpleHill,0-0,0,77,47-24,56-23;39-22;52-26;42-32;42-28;45-31,42-28,89,3
random,random_robot_158,10,6,1,SimpleHill,0-0,0,78,42-28,43-37;37-25;42-33;39-32;33-30;37-24,33-30,86,-3
random,random_robot_158,10,6,1,SimpleHill,0-0,0,79,33-30,38-23;33-29;34-34;33-30;34-35;34-23,34-23,80,-6
