simulation_type,subj_id,sight_radius,n_gabors,block_ix,landscape_name,starting_pos,starting_score,trial,pos,stims,selected,score,delta
random,random_robot_193,10,6,1,SimpleHill,0-0,0,0,0-0,1-5;8-6;9-3;5-6;2-0;1-7,8-6,26,26
random,random_robot_193,10,6,1,SimpleHill,0-0,0,1,8-6,15-1;16-11;5-14;7-11;5-3;8-6,5-3,15,-11
random,random_robot_193,10,6,1,SimpleHill,0-0,0,2,5-3,3-3;2-5;0-5;4-9;11-6;10-11,3-3,11,-4
random,random_robot_193,10,6,1,SimpleHill,0-0,0,3,3-3,8-11;1-10;2-1;1-5;4-2;5-0,8-11,34,23
random,random_robot_193,10,6,1,SimpleHill,0-0,0,4,8-11,6-16;4-10;17-15;0-16;16-6;6-19,4-10,25,-9
random,random_robot_193,10,6,1,SimpleHill,0-0,0,5,4-10,3-16;13-14;1-17;5-10;8-17;10-8,8-17,42,17
random,random_robot_193,10,6,1,SimpleHill,0-0,0,6,8-17,12-9;14-21;2-18;0-23;11-16;14-14,2-18,33,-9
random,random_robot_193,10,6,1,SimpleHill,0-0,0,7,2-18,6-11;7-25;6-13;5-20;3-12;3-23,6-11,30,-3
random,random_robot_193,10,6,1,SimpleHill,0-0,0,8,6-11,9-17;1-15;13-12;11-16;8-20;5-8,13-12,43,13
random,random_robot_193,10,6,1,SimpleHill,0-0,0,9,13-12,10-20;18-7;20-6;10-8;14-17;15-7,14-17,52,9
random,random_robot_193,10,6,1,SimpleHill,0-0,0,10,14-17,11-14;20-23;6-11;18-24;23-16;16-22,11-14,43,-9
random,random_robot_193,10,6,1,SimpleHill,0-0,0,11,11-14,7-17;16-7;5-18;11-9;10-18;9-23,11-9,35,-8
random,random_robot_193,10,6,1,SimpleHill,0-0,0,12,11-9,9-17;17-2;21-9;19-14;10-9;14-0,17-2,32,-3
random,random_robot_193,10,6,1,SimpleHill,0-0,0,13,17-2,14-6;10-7;15-4;23-4;10-9;21-11,21-11,52,20
random,random_robot_193,10,6,1,SimpleHill,0-0,0,14,21-11,21-17;25-16;26-17;21-20;13-11;30-9,21-17,61,9
random,random_robot_193,10,6,1,SimpleHill,0-0,0,15,21-17,28-24;22-13;19-18;21-21;23-24;20-25,28-24,76,15
random,random_robot_193,10,6,1,SimpleHill,0-0,0,16,28-24,30-29;22-28;32-28;31-19;21-22;34-27,21-22,67,-9
random,random_robot_193,10,6,1,SimpleHill,0-0,0,17,21-22,17-15;21-12;15-19;25-30;23-26;21-31,17-15,53,-14
random,random_robot_193,10,6,1,SimpleHill,0-0,0,18,17-15,22-17;11-16;22-14;8-16;19-13;17-7,22-17,62,9
random,random_robot_193,10,6,1,SimpleHill,0-0,0,19,22-17,13-18;20-22;27-22;31-18;28-15;27-17,13-18,52,-10
random,random_robot_193,10,6,1,SimpleHill,0-0,0,20,13-18,17-21;8-21;9-21;10-24;16-9;20-16,10-24,54,2
random,random_robot_193,10,6,1,SimpleHill,0-0,0,21,10-24,18-26;5-17;17-19;4-22;17-20;5-21,5-17,37,-17
random,random_robot_193,10,6,1,SimpleHill,0-0,0,22,5-17,2-21;12-12;5-10;4-24;11-15;13-23,2-21,37,0
random,random_robot_193,10,6,1,SimpleHill,0-0,0,23,2-21,10-27;3-25;10-19;5-17;2-12;8-23,2-12,25,-12
random,random_robot_193,10,6,1,SimpleHill,0-0,0,24,2-12,1-12;9-9;7-18;11-8;3-15;2-19,7-18,42,17
random,random_robot_193,10,6,1,SimpleHill,0-0,0,25,7-18,10-21;11-15;13-13;11-19;6-25;7-24,11-15,45,3
random,random_robot_193,10,6,1,SimpleHill,0-0,0,26,11-15,15-18;11-8;8-14;6-23;12-18;6-21,11-8,34,-11
random,random_robot_193,10,6,1,SimpleHill,0-0,0,27,11-8,13-3;18-8;5-3;20-8;4-5;11-16,20-8,46,12
random,random_robot_193,10,6,1,SimpleHill,0-0,0,28,20-8,17-12;14-7;17-5;15-1;19-15;22-1,19-15,56,10
random,random_robot_193,10,6,1,SimpleHill,0-0,0,29,19-15,16-24;13-17;27-12;12-22;27-9;12-17,27-9,55,-1
random,random_robot_193,10,6,1,SimpleHill,0-0,0,30,27-9,22-1;19-6;31-11;18-10;35-9;28-17,18-10,47,-8
random,random_robot_193,10,6,1,SimpleHill,0-0,0,31,18-10,8-10;11-5;18-18;16-6;22-17;24-11,8-10,32,-15
random,random_robot_193,10,6,1,SimpleHill,0-0,0,32,8-10,15-17;6-18;14-18;0-5;8-17;7-3,8-17,42,10
random,random_robot_193,10,6,1,SimpleHill,0-0,0,33,8-17,5-24;6-14;4-9;8-25;5-8;6-13,6-13,33,-9
random,random_robot_193,10,6,1,SimpleHill,0-0,0,34,6-13,6-20;4-5;10-20;3-9;10-15;13-16,13-16,49,16
random,random_robot_193,10,6,1,SimpleHill,0-0,0,35,13-16,19-24;15-9;14-23;13-24;7-10;9-24,15-9,41,-8
random,random_robot_193,10,6,1,SimpleHill,0-0,0,36,15-9,12-3;18-10;8-14;18-6;22-6;17-1,8-14,38,-3
random,random_robot_193,10,6,1,SimpleHill,0-0,0,37,8-14,0-11;7-16;12-21;13-11;7-15;15-18,0-11,19,-19
random,random_robot_193,10,6,1,SimpleHill,0-0,0,38,0-11,6-13;0-20;4-18;5-3;4-13;7-5,4-13,30,11
random,random_robot_193,10,6,1,SimpleHill,0-0,0,39,4-13,4-7;0-10;1-11;2-10;0-20;1-13,4-7,20,-10
random,random_robot_193,10,6,1,SimpleHill,0-0,0,40,4-7,9-4;9-3;3-4;4-13;11-9;9-15,3-4,13,-7
random,random_robot_193,10,6,1,SimpleHill,0-0,0,41,3-4,0-6;1-8;5-2;10-10;9-6;9-7,9-6,27,14
random,random_robot_193,10,6,1,SimpleHill,0-0,0,42,9-6,14-0;10-11;6-9;18-10;11-4;4-4,4-4,15,-12
random,random_robot_193,10,6,1,SimpleHill,0-0,0,43,4-4,8-1;7-11;2-5;12-0;1-6;5-9,5-9,25,10
random,random_robot_193,10,6,1,SimpleHill,0-0,0,44,5-9,10-3;12-16;14-6;1-16;10-13;12-14,1-16,28,3
random,random_robot_193,10,6,1,SimpleHill,0-0,0,45,1-16,4-16;3-14;2-16;1-26;3-22;4-25,2-16,30,2
random,random_robot_193,10,6,1,SimpleHill,0-0,0,46,2-16,1-13;2-11;6-21;3-15;4-18;1-18,6-21,44,14
random,random_robot_193,10,6,1,SimpleHill,0-0,0,47,6-21,2-17;8-12;4-13;7-30;13-21;8-27,7-30,55,11
random,random_robot_193,10,6,1,SimpleHill,0-0,0,48,7-30,9-33;2-29;13-27;9-23;4-21;7-23,13-27,62,7
random,random_robot_193,10,6,1,SimpleHill,0-0,0,49,13-27,19-29;16-36;10-32;17-20;8-32;18-30,17-20,60,-2
random,random_robot_193,10,6,1,SimpleHill,0-0,0,50,17-20,11-22;11-26;16-22;21-19;12-24;24-18,11-26,58,-2
random,random_robot_193,10,6,1,SimpleHill,0-0,0,51,11-26,12-31;2-29;6-20;13-35;7-20;5-20,5-20,41,-17
random,random_robot_193,10,6,1,SimpleHill,0-0,0,52,5-20,9-25;4-18;1-25;7-11;6-27;5-10,1-25,39,-2
random,random_robot_193,10,6,1,SimpleHill,0-0,0,53,1-25,5-28;3-29;1-24;5-31;2-25;3-17,3-17,34,-5
random,random_robot_193,10,6,1,SimpleHill,0-0,0,54,3-17,3-24;5-22;6-24;5-21;12-19;0-14,0-14,24,-10
random,random_robot_193,10,6,1,SimpleHill,0-0,0,55,0-14,3-21;3-5;4-11;3-9;4-8;1-19,3-21,39,15
random,random_robot_193,10,6,1,SimpleHill,0-0,0,56,3-21,11-17;3-17;3-11;9-13;4-27;10-17,11-17,47,8
random,random_robot_193,10,6,1,SimpleHill,0-0,0,57,11-17,3-21;10-17;16-11;5-18;9-9;6-19,16-11,46,-1
random,random_robot_193,10,6,1,SimpleHill,0-0,0,58,16-11,16-15;21-4;10-18;10-19;20-11;16-17,16-15,52,6
random,random_robot_193,10,6,1,SimpleHill,0-0,0,59,16-15,15-18;23-15;14-8;25-13;12-21;11-19,25-13,60,8
random,random_robot_193,10,6,1,SimpleHill,0-0,0,60,25-13,23-16;20-7;17-11;19-11;33-18;24-16,19-11,50,-10
random,random_robot_193,10,6,1,SimpleHill,0-0,0,61,19-11,21-18;21-7;18-5;15-6;20-14;13-12,21-7,46,-4
random,random_robot_193,10,6,1,SimpleHill,0-0,0,62,21-7,28-4;17-11;15-15;30-11;24-0;15-10,15-10,43,-3
random,random_robot_193,10,6,1,SimpleHill,0-0,0,63,15-10,23-10;6-12;22-15;12-2;6-14;16-19,6-12,32,-11
random,random_robot_193,10,6,1,SimpleHill,0-0,0,64,6-12,6-16;8-6;0-14;11-7;9-17;5-9,0-14,24,-8
random,random_robot_193,10,6,1,SimpleHill,0-0,0,65,0-14,1-17;7-14;6-14;0-9;3-6;3-9,6-14,35,11
random,random_robot_193,10,6,1,SimpleHill,0-0,0,66,6-14,2-13;2-11;13-20;13-18;1-11;10-22,10-22,52,17
random,random_robot_193,10,6,1,SimpleHill,0-0,0,67,10-22,1-22;6-19;13-29;14-31;14-23;11-26,6-19,42,-10
random,random_robot_193,10,6,1,SimpleHill,0-0,0,68,6-19,14-16;12-11;9-28;5-19;15-18;0-24,9-28,56,14
random,random_robot_193,10,6,1,SimpleHill,0-0,0,69,9-28,16-22;11-20;1-33;9-18;14-21;15-26,14-21,57,1
random,random_robot_193,10,6,1,SimpleHill,0-0,0,70,14-21,9-27;11-12;5-20;14-11;19-19;16-16,5-20,41,-16
random,random_robot_193,10,6,1,SimpleHill,0-0,0,71,5-20,12-17;1-16;3-12;2-29;2-12;10-26,10-26,56,15
random,random_robot_193,10,6,1,SimpleHill,0-0,0,72,10-26,11-20;10-23;9-34;2-22;13-22;16-24,11-20,51,-5
random,random_robot_193,10,6,1,SimpleHill,0-0,0,73,11-20,1-20;8-27;19-18;19-17;7-22;19-21,19-17,59,8
random,random_robot_193,10,6,1,SimpleHill,0-0,0,74,19-17,16-22;24-21;18-18;14-12;26-10;19-10,26-10,56,-3
random,random_robot_193,10,6,1,SimpleHill,0-0,0,75,26-10,23-6;21-11;22-9;32-3;25-15;23-14,32-3,49,-7
random,random_robot_193,10,6,1,SimpleHill,0-0,0,76,32-3,40-2;26-10;28-3;25-10;38-10;27-7,38-10,65,16
random,random_robot_193,10,6,1,SimpleHill,0-0,0,77,38-10,41-8;37-7;39-10;44-10;38-14;33-11,41-8,63,-2
random,random_robot_193,10,6,1,SimpleHill,0-0,0,78,41-8,38-1;41-12;37-10;43-10;44-1;43-6,38-1,49,-14
random,random_robot_193,10,6,1,SimpleHill,0-0,0,79,38-1,40-8;47-2;34-7;29-5;46-3;29-1,29-1,43,-6
