simulation_type,subj_id,sight_radius,n_gabors,block_ix,landscape_name,starting_pos,starting_score,trial,pos,stims,selected,score,delta
random,random_robot_125,10,6,1,SimpleHill,0-0,0,0,0-0,4-6;5-2;0-4;9-4;8-0;8-4,8-4,22,22
random,random_robot_125,10,6,1,SimpleHill,0-0,0,1,8-4,1-4;9-1;9-5;5-13;9-11;4-9,4-9,24,2
random,random_robot_125,10,6,1,SimpleHill,0-0,0,2,4-9,6-6;8-13;6-17;3-10;11-6;13-5,6-17,39,15
random,random_robot_125,10,6,1,SimpleHill,0-0,0,3,6-17,4-16;7-15;1-18;12-18;13-13;3-20,12-18,50,11
random,random_robot_125,10,6,1,SimpleHill,0-0,0,4,12-18,8-14;6-18;10-13;18-12;13-11;8-24,8-24,51,1
random,random_robot_125,10,6,1,SimpleHill,0-0,0,5,8-24,7-23;2-24;16-18;10-32;7-21;15-27,7-21,46,-5
random,random_robot_125,10,6,1,SimpleHill,0-0,0,6,7-21,13-16;3-29;15-15;4-20;9-27;2-26,4-20,39,-7
random,random_robot_125,10,6,1,SimpleHill,0-0,0,7,4-20,2-28;4-27;6-29;11-27;10-13;5-29,11-27,59,20
random,random_robot_125,10,6,1,SimpleHill,0-0,0,8,11-27,16-31;14-27;15-21;8-24;20-31;6-19,16-31,69,10
random,random_robot_125,10,6,1,SimpleHill,0-0,0,9,16-31,15-34;12-28;9-34;25-27;21-33;13-31,13-31,65,-4
random,random_robot_125,10,6,1,SimpleHill,0-0,0,10,13-31,8-30;8-27;17-38;15-39;15-23;16-34,17-38,75,10
random,random_robot_125,10,6,1,SimpleHill,0-0,0,11,17-38,12-44;18-33;21-43;13-47;17-45;9-36,13-47,72,-3
random,random_robot_125,10,6,1,SimpleHill,0-0,0,12,13-47,10-50;13-55;21-48;18-53;20-52;21-46,21-46,82,10
random,random_robot_125,10,6,1,SimpleHill,0-0,0,13,21-46,19-46;29-41;14-45;13-47;22-43;22-50,14-45,73,-9
random,random_robot_125,10,6,1,SimpleHill,0-0,0,14,14-45,15-53;18-51;16-38;18-40;13-36;11-41,11-41,67,-6
random,random_robot_125,10,6,1,SimpleHill,0-0,0,15,11-41,2-43;13-43;8-49;13-41;12-39;10-39,2-43,52,-15
random,random_robot_125,10,6,1,SimpleHill,0-0,0,16,2-43,1-37;6-41;3-48;4-52;9-42;5-43,9-42,65,13
random,random_robot_125,10,6,1,SimpleHill,0-0,0,17,9-42,15-48;3-45;10-40;9-47;5-37;10-48,9-47,66,1
random,random_robot_125,10,6,1,SimpleHill,0-0,0,18,9-47,6-53;17-43;2-45;11-46;7-52;3-54,2-45,53,-13
random,random_robot_125,10,6,1,SimpleHill,0-0,0,19,2-45,1-48;7-38;1-36;4-53;6-46;5-37,6-46,60,7
random,random_robot_125,10,6,1,SimpleHill,0-0,0,20,6-46,3-54;10-46;4-39;8-49;6-41;1-43,10-46,67,7
random,random_robot_125,10,6,1,SimpleHill,0-0,0,21,10-46,14-47;5-45;10-54;3-48;7-46;17-44,14-47,73,6
random,random_robot_125,10,6,1,SimpleHill,0-0,0,22,14-47,16-51;17-50;6-52;19-54;17-55;12-51,6-52,61,-12
random,random_robot_125,10,6,1,SimpleHill,0-0,0,23,6-52,14-48;6-49;9-60;12-57;3-56;5-57,3-56,55,-6
random,random_robot_125,10,6,1,SimpleHill,0-0,0,24,3-56,11-50;2-48;5-52;3-50;3-53;4-65,2-48,53,-2
random,random_robot_125,10,6,1,SimpleHill,0-0,0,25,2-48,9-44;7-49;10-50;8-56;12-48;6-50,6-50,61,8
random,random_robot_125,10,6,1,SimpleHill,0-0,0,26,6-50,9-48;13-54;11-47;7-49;10-58;14-45,7-49,63,2
random,random_robot_125,10,6,1,SimpleHill,0-0,0,27,7-49,13-43;2-41;13-51;6-41;5-50;11-52,11-52,69,6
random,random_robot_125,10,6,1,SimpleHill,0-0,0,28,11-52,13-56;11-61;2-56;6-55;19-46;4-59,19-46,80,11
random,random_robot_125,10,6,1,SimpleHill,0-0,0,29,19-46,19-53;19-51;12-46;20-43;18-37;15-51,18-37,76,-4
random,random_robot_125,10,6,1,SimpleHill,0-0,0,30,18-37,26-35;21-28;13-31;21-31;16-38;17-31,16-38,74,-2
random,random_robot_125,10,6,1,SimpleHill,0-0,0,31,16-38,13-38;25-39;17-34;18-43;21-32;9-33,25-39,85,11
random,random_robot_125,10,6,1,SimpleHill,0-0,0,32,25-39,32-40;24-46;30-31;25-34;23-31;28-40,24-46,86,1
random,random_robot_125,10,6,1,SimpleHill,0-0,0,33,24-46,32-49;31-46;31-45;30-47;20-44;31-48,31-46,92,6
random,random_robot_125,10,6,1,SimpleHill,0-0,0,34,31-46,36-51;40-44;36-40;23-43;34-48;32-53,34-48,94,2
random,random_robot_125,10,6,1,SimpleHill,0-0,0,35,34-48,39-51;40-53;36-52;31-50;37-47;31-53,37-47,96,2
random,random_robot_125,10,6,1,SimpleHill,0-0,0,36,37-47,34-53;32-46;34-42;40-55;35-55;39-42,40-55,97,1
random,random_robot_125,10,6,1,SimpleHill,0-0,0,37,40-55,36-47;35-62;33-55;43-48;44-49;43-64,35-62,92,-5
random,random_robot_125,10,6,1,SimpleHill,0-0,0,38,35-62,34-66;41-66;42-59;37-69;31-63;37-59,37-69,89,-3
random,random_robot_125,10,6,1,SimpleHill,0-0,0,39,37-69,38-60;41-65;29-67;43-68;31-67;34-63,41-65,93,4
random,random_robot_125,10,6,1,SimpleHill,0-0,0,40,41-65,31-65;47-67;46-65;40-63;38-56;38-69,38-56,96,3
random,random_robot_125,10,6,1,SimpleHill,0-0,0,41,38-56,46-57;34-65;38-48;34-48;41-48;39-48,34-48,94,-2
random,random_robot_125,10,6,1,SimpleHill,0-0,0,42,34-48,33-46;34-58;27-50;38-50;40-52;40-47,34-58,93,-1
random,random_robot_125,10,6,1,SimpleHill,0-0,0,43,34-58,40-65;34-54;35-51;34-66;30-62;41-54,30-62,89,-4
random,random_robot_125,10,6,1,SimpleHill,0-0,0,44,30-62,30-53;38-56;21-66;25-68;26-63;28-56,38-56,96,7
random,random_robot_125,10,6,1,SimpleHill,0-0,0,45,38-56,36-63;40-56;46-58;37-56;31-53;38-52,31-53,92,-4
random,random_robot_125,10,6,1,SimpleHill,0-0,0,46,31-53,32-54;40-55;32-45;22-57;36-60;28-45,32-45,93,1
random,random_robot_125,10,6,1,SimpleHill,0-0,0,47,32-45,25-43;30-46;23-43;25-41;37-39;37-53,37-39,94,1
random,random_robot_125,10,6,1,SimpleHill,0-0,0,48,37-39,41-31;40-31;28-38;29-40;41-37;41-48,41-37,95,1
random,random_robot_125,10,6,1,SimpleHill,0-0,0,49,41-37,41-28;48-36;39-36;33-31;35-38;39-41,33-31,87,-8
random,random_robot_125,10,6,1,SimpleHill,0-0,0,50,33-31,36-40;38-27;35-33;31-39;40-31;40-27,31-39,90,3
random,random_robot_125,10,6,1,SimpleHill,0-0,0,51,31-39,30-37;29-45;38-39;23-38;38-43;37-34,38-39,94,4
random,random_robot_125,10,6,1,SimpleHill,0-0,0,52,38-39,39-42;40-31;43-35;34-39;39-44;44-39,44-39,96,2
random,random_robot_125,10,6,1,SimpleHill,0-0,0,53,44-39,43-41;39-31;48-34;48-31;50-33;40-42,43-41,97,1
random,random_robot_125,10,6,1,SimpleHill,0-0,0,54,43-41,42-46;50-36;49-44;44-39;38-48;47-41,44-39,96,-1
random,random_robot_125,10,6,1,SimpleHill,0-0,0,55,44-39,36-45;45-34;48-39;53-41;49-44;44-40,36-45,95,-1
random,random_robot_125,10,6,1,SimpleHill,0-0,0,56,36-45,36-45;39-38;37-38;35-45;39-37;42-51,35-45,95,0
random,random_robot_125,10,6,1,SimpleHill,0-0,0,57,35-45,41-48;38-36;36-45;43-47;43-48;38-45,43-47,98,3
random,random_robot_125,10,6,1,SimpleHill,0-0,0,58,43-47,43-52;39-43;46-46;39-47;35-47;51-51,46-46,99,1
random,random_robot_125,10,6,1,SimpleHill,0-0,0,59,46-46,43-45;38-48;52-39;52-51;51-52;40-44,52-51,99,0
random,random_robot_125,10,6,1,SimpleHill,0-0,0,60,52-51,50-50;45-52;44-48;47-50;52-56;59-54,45-52,99,0
random,random_robot_125,10,6,1,SimpleHill,0-0,0,61,45-52,51-58;43-49;44-58;43-52;48-59;49-56,44-58,98,-1
random,random_robot_125,10,6,1,SimpleHill,0-0,0,62,44-58,37-55;43-65;50-60;51-54;48-56;36-53,48-56,99,1
random,random_robot_125,10,6,1,SimpleHill,0-0,0,63,48-56,53-54;48-61;52-50;48-65;52-56;54-51,53-54,99,0
random,random_robot_125,10,6,1,SimpleHill,0-0,0,64,53-54,51-61;49-63;60-55;60-61;45-60;52-62,51-61,97,-2
random,random_robot_125,10,6,1,SimpleHill,0-0,0,65,51-61,52-68;51-58;54-58;57-60;45-68;51-64,52-68,93,-4
random,random_robot_125,10,6,1,SimpleHill,0-0,0,66,52-68,47-64;56-67;47-61;50-61;50-67;51-62,56-67,93,0
random,random_robot_125,10,6,1,SimpleHill,0-0,0,67,56-67,55-60;58-58;58-59;65-67;50-59;48-66,48-66,94,1
random,random_robot_125,10,6,1,SimpleHill,0-0,0,68,48-66,49-67;47-57;51-70;51-68;39-65;43-65,39-65,93,-1
random,random_robot_125,10,6,1,SimpleHill,0-0,0,69,39-65,35-64;46-63;35-58;44-67;37-63;43-63,43-63,95,2
random,random_robot_125,10,6,1,SimpleHill,0-0,0,70,43-63,42-67;42-63;35-59;37-69;50-67;38-56,42-63,95,0
random,random_robot_125,10,6,1,SimpleHill,0-0,0,71,42-63,47-61;39-58;48-68;49-69;47-62;38-56,47-61,97,2
random,random_robot_125,10,6,1,SimpleHill,0-0,0,72,47-61,56-63;49-59;50-62;47-69;51-61;44-54,51-61,97,0
random,random_robot_125,10,6,1,SimpleHill,0-0,0,73,51-61,50-70;42-64;44-68;56-67;50-52;56-55,56-67,93,-4
random,random_robot_125,10,6,1,SimpleHill,0-0,0,74,56-67,53-67;51-62;56-65;51-64;54-67;51-67,53-67,94,1
random,random_robot_125,10,6,1,SimpleHill,0-0,0,75,53-67,62-64;48-65;59-68;51-69;50-70;47-65,59-68,91,-3
random,random_robot_125,10,6,1,SimpleHill,0-0,0,76,59-68,53-61;55-62;58-70;61-60;65-64;63-60,63-60,94,3
random,random_robot_125,10,6,1,SimpleHill,0-0,0,77,63-60,70-54;58-58;68-66;60-69;59-65;69-68,58-58,97,3
random,random_robot_125,10,6,1,SimpleHill,0-0,0,78,58-58,57-59;61-65;64-50;54-66;56-59;54-49,56-59,97,0
random,random_robot_125,10,6,1,SimpleHill,0-0,0,79,56-59,59-51;61-56;60-58;64-59;53-68;57-64,64-59,94,-3
