simulation_type,subj_id,sight_radius,n_gabors,block_ix,landscape_name,starting_pos,starting_score,trial,pos,stims,selected,score,delta
random,random_robot_107,10,6,1,SimpleHill,0-0,0,0,0-0,2-7;7-3;0-1;1-8;4-5;9-0,2-7,16,16
random,random_robot_107,10,6,1,SimpleHill,0-0,0,1,2-7,9-14;1-3;0-0;6-6;6-9;4-13,1-3,7,-9
random,random_robot_107,10,6,1,SimpleHill,0-0,0,2,1-3,6-11;6-6;1-5;10-2;9-1;4-2,10-2,21,14
random,random_robot_107,10,6,1,SimpleHill,0-0,0,3,10-2,16-7;3-0;16-9;12-2;10-7;5-3,16-9,43,22
random,random_robot_107,10,6,1,SimpleHill,0-0,0,4,16-9,17-7;23-4;17-1;17-4;22-9;20-4,23-4,43,0
random,random_robot_107,10,6,1,SimpleHill,0-0,0,5,23-4,29-7;30-10;27-7;17-11;27-11;32-5,29-7,54,11
random,random_robot_107,10,6,1,SimpleHill,0-0,0,6,29-7,22-6;25-2;29-12;24-5;32-4;23-0,29-12,62,8
random,random_robot_107,10,6,1,SimpleHill,0-0,0,7,29-12,26-7;38-14;22-6;38-16;25-13;25-4,22-6,45,-17
random,random_robot_107,10,6,1,SimpleHill,0-0,0,8,22-6,29-9;14-12;14-9;27-14;18-5;25-1,25-1,39,-6
random,random_robot_107,10,6,1,SimpleHill,0-0,0,9,25-1,26-10;17-2;32-6;31-3;18-1;18-0,18-1,31,-8
random,random_robot_107,10,6,1,SimpleHill,0-0,0,10,18-1,14-9;24-8;23-0;27-4;13-8;18-4,18-4,37,6
random,random_robot_107,10,6,1,SimpleHill,0-0,0,11,18-4,16-6;13-0;10-6;13-2;15-6;11-7,13-0,22,-15
random,random_robot_107,10,6,1,SimpleHill,0-0,0,12,13-0,7-5;21-5;12-3;17-2;12-1;18-5,12-1,23,1
random,random_robot_107,10,6,1,SimpleHill,0-0,0,13,12-1,10-7;10-4;5-3;6-4;17-8;5-5,10-7,31,8
random,random_robot_107,10,6,1,SimpleHill,0-0,0,14,10-7,11-3;18-1;15-10;15-11;0-7;9-1,18-1,31,0
random,random_robot_107,10,6,1,SimpleHill,0-0,0,15,18-1,15-0;11-5;11-6;14-7;16-4;20-0,15-0,25,-6
random,random_robot_107,10,6,1,SimpleHill,0-0,0,16,15-0,18-9;19-5;10-5;13-9;18-3;21-7,18-3,35,10
random,random_robot_107,10,6,1,SimpleHill,0-0,0,17,18-3,23-1;21-10;9-0;10-5;26-3;19-0,10-5,27,-8
random,random_robot_107,10,6,1,SimpleHill,0-0,0,18,10-5,5-5;14-4;16-4;11-8;13-6;16-11,5-5,19,-8
random,random_robot_107,10,6,1,SimpleHill,0-0,0,19,5-5,11-4;5-4;11-6;7-8;5-7;9-12,11-4,27,8
random,random_robot_107,10,6,1,SimpleHill,0-0,0,20,11-4,9-13;8-3;5-3;8-13;10-1;18-1,18-1,31,4
random,random_robot_107,10,6,1,SimpleHill,0-0,0,21,18-1,20-5;16-5;9-0;16-1;25-8;26-6,16-1,28,-3
random,random_robot_107,10,6,1,SimpleHill,0-0,0,22,16-1,17-9;12-0;13-7;13-10;11-5;16-4,13-7,35,7
random,random_robot_107,10,6,1,SimpleHill,0-0,0,23,13-7,12-10;11-13;6-12;10-2;13-13;10-1,11-13,42,7
random,random_robot_107,10,6,1,SimpleHill,0-0,0,24,11-13,13-9;10-14;12-8;2-11;5-15;8-9,2-11,23,-19
random,random_robot_107,10,6,1,SimpleHill,0-0,0,25,2-11,9-6;3-20;2-19;6-18;7-18;3-12,6-18,40,17
random,random_robot_107,10,6,1,SimpleHill,0-0,0,26,6-18,8-17;2-25;4-25;10-24;8-23;6-25,2-25,41,1
random,random_robot_107,10,6,1,SimpleHill,0-0,0,27,2-25,3-33;10-25;2-31;1-34;2-29;2-19,3-33,50,9
random,random_robot_107,10,6,1,SimpleHill,0-0,0,28,3-33,7-42;11-30;1-37;4-25;4-31;4-40,4-25,45,-5
random,random_robot_107,10,6,1,SimpleHill,0-0,0,29,4-25,13-23;7-24;2-32;9-32;11-24;3-31,7-24,49,4
random,random_robot_107,10,6,1,SimpleHill,0-0,0,30,7-24,14-29;10-19;0-17;5-32;5-21;10-25,5-21,42,-7
random,random_robot_107,10,6,1,SimpleHill,0-0,0,31,5-21,11-15;7-17;2-16;5-18;6-12;8-23,6-12,32,-10
random,random_robot_107,10,6,1,SimpleHill,0-0,0,32,6-12,9-19;10-20;5-14;13-10;11-7;3-19,13-10,40,8
random,random_robot_107,10,6,1,SimpleHill,0-0,0,33,13-10,8-18;22-12;10-14;8-12;15-6;16-3,22-12,55,15
random,random_robot_107,10,6,1,SimpleHill,0-0,0,34,22-12,21-8;23-10;23-9;22-2;27-4;21-7,27-4,47,-8
random,random_robot_107,10,6,1,SimpleHill,0-0,0,35,27-4,30-12;23-10;29-10;25-2;27-1;23-11,25-2,41,-6
random,random_robot_107,10,6,1,SimpleHill,0-0,0,36,25-2,34-4;19-3;33-1;27-1;24-3;22-6,24-3,42,1
random,random_robot_107,10,6,1,SimpleHill,0-0,0,37,24-3,32-2;26-10;32-6;17-3;23-10;28-3,17-3,34,-8
random,random_robot_107,10,6,1,SimpleHill,0-0,0,38,17-3,16-1;22-9;15-9;18-12;23-11;27-3,27-3,45,11
random,random_robot_107,10,6,1,SimpleHill,0-0,0,39,27-3,22-10;26-4;34-7;25-6;29-11;29-12,22-10,52,7
random,random_robot_107,10,6,1,SimpleHill,0-0,0,40,22-10,21-17;15-9;28-16;24-3;21-18;15-17,21-18,62,10
random,random_robot_107,10,6,1,SimpleHill,0-0,0,41,21-18,28-14;16-19;27-22;22-10;20-19;22-25,27-22,73,11
random,random_robot_107,10,6,1,SimpleHill,0-0,0,42,27-22,26-23;21-15;27-25;19-24;31-25;22-25,22-25,71,-2
random,random_robot_107,10,6,1,SimpleHill,0-0,0,43,22-25,26-20;16-24;23-34;23-26;28-31;25-20,16-24,63,-8
random,random_robot_107,10,6,1,SimpleHill,0-0,0,44,16-24,13-16;20-20;16-30;13-26;20-25;13-30,20-20,64,1
random,random_robot_107,10,6,1,SimpleHill,0-0,0,45,20-20,18-17;20-10;18-18;22-29;17-12;26-12,18-17,57,-7
random,random_robot_107,10,6,1,SimpleHill,0-0,0,46,18-17,12-18;14-19;21-13;15-8;15-15;22-25,15-8,40,-17
random,random_robot_107,10,6,1,SimpleHill,0-0,0,47,15-8,15-18;18-13;7-14;14-2;14-16;20-14,18-13,52,12
random,random_robot_107,10,6,1,SimpleHill,0-0,0,48,18-13,21-20;26-14;11-10;17-14;27-10;16-19,27-10,57,5
random,random_robot_107,10,6,1,SimpleHill,0-0,0,49,27-10,23-11;19-14;34-12;29-12;32-14;27-19,23-11,55,-2
random,random_robot_107,10,6,1,SimpleHill,0-0,0,50,23-11,14-11;19-12;28-16;22-13;25-16;30-14,30-14,66,11
random,random_robot_107,10,6,1,SimpleHill,0-0,0,51,30-14,22-19;28-13;26-22;24-14;26-11;36-10,24-14,60,-6
random,random_robot_107,10,6,1,SimpleHill,0-0,0,52,24-14,28-18;25-13;20-10;18-21;15-17;28-14,25-13,60,0
random,random_robot_107,10,6,1,SimpleHill,0-0,0,53,25-13,27-13;24-14;26-18;32-6;25-5;29-10,32-6,54,-6
random,random_robot_107,10,6,1,SimpleHill,0-0,0,54,32-6,27-14;33-13;23-4;41-10;32-15;23-10,33-13,66,12
random,random_robot_107,10,6,1,SimpleHill,0-0,0,55,33-13,29-17;37-18;41-11;32-6;34-21;38-13,37-18,76,10
random,random_robot_107,10,6,1,SimpleHill,0-0,0,56,37-18,31-18;35-27;41-22;43-17;29-21;31-25,43-17,77,1
random,random_robot_107,10,6,1,SimpleHill,0-0,0,57,43-17,43-25;40-14;39-14;35-15;38-18;37-19,38-18,76,-1
random,random_robot_107,10,6,1,SimpleHill,0-0,0,58,38-18,31-16;40-10;34-10;36-14;32-26;34-26,34-26,83,7
random,random_robot_107,10,6,1,SimpleHill,0-0,0,59,34-26,36-31;38-25;31-25;35-31;36-20;30-26,36-31,88,5
random,random_robot_107,10,6,1,SimpleHill,0-0,0,60,36-31,37-40;39-30;30-25;38-33;41-36;40-26,37-40,94,6
random,random_robot_107,10,6,1,SimpleHill,0-0,0,61,37-40,43-48;34-42;42-36;27-40;45-36;32-35,45-36,95,1
random,random_robot_107,10,6,1,SimpleHill,0-0,0,62,45-36,51-31;44-27;38-43;36-32;45-38;51-39,45-38,96,1
random,random_robot_107,10,6,1,SimpleHill,0-0,0,63,45-38,36-37;50-45;51-32;44-33;41-30;47-32,50-45,99,3
random,random_robot_107,10,6,1,SimpleHill,0-0,0,64,50-45,54-47;45-38;56-42;52-40;47-39;52-52,52-52,99,0
random,random_robot_107,10,6,1,SimpleHill,0-0,0,65,52-52,60-57;45-55;58-52;58-45;59-52;48-60,58-45,98,-1
random,random_robot_107,10,6,1,SimpleHill,0-0,0,66,58-45,54-50;49-48;61-36;61-50;55-42;65-47,55-42,98,0
random,random_robot_107,10,6,1,SimpleHill,0-0,0,67,55-42,54-33;52-42;52-33;53-47;61-38;60-50,53-47,99,1
random,random_robot_107,10,6,1,SimpleHill,0-0,0,68,53-47,55-52;61-46;59-43;48-39;46-47;44-46,59-43,97,-2
random,random_robot_107,10,6,1,SimpleHill,0-0,0,69,59-43,67-46;63-40;56-50;55-39;54-41;58-49,56-50,99,2
random,random_robot_107,10,6,1,SimpleHill,0-0,0,70,56-50,64-44;50-53;51-52;49-43;47-49;58-46,49-43,99,0
random,random_robot_107,10,6,1,SimpleHill,0-0,0,71,49-43,49-43;42-43;51-43;46-37;43-41;41-48,42-43,97,-2
random,random_robot_107,10,6,1,SimpleHill,0-0,0,72,42-43,48-40;41-37;36-44;47-46;43-52;45-43,43-52,98,1
random,random_robot_107,10,6,1,SimpleHill,0-0,0,73,43-52,43-55;44-48;46-57;40-59;43-45;33-52,43-55,98,0
random,random_robot_107,10,6,1,SimpleHill,0-0,0,74,43-55,39-48;51-54;44-54;41-59;45-58;52-52,52-52,99,1
random,random_robot_107,10,6,1,SimpleHill,0-0,0,75,52-52,50-45;54-59;54-55;51-54;57-54;49-47,54-55,99,0
random,random_robot_107,10,6,1,SimpleHill,0-0,0,76,54-55,53-47;60-50;58-50;55-63;53-50;61-61,61-61,95,-4
random,random_robot_107,10,6,1,SimpleHill,0-0,0,77,61-61,61-59;58-70;62-54;63-54;58-54;66-66,58-54,98,3
random,random_robot_107,10,6,1,SimpleHill,0-0,0,78,58-54,50-52;65-50;57-46;54-52;56-60;49-57,56-60,97,-1
random,random_robot_107,10,6,1,SimpleHill,0-0,0,79,56-60,50-54;59-69;48-64;64-63;56-52;47-61,59-69,91,-6
