simulation_type,subj_id,sight_radius,n_gabors,block_ix,landscape_name,starting_pos,starting_score,trial,pos,stims,selected,score,delta
random,random_robot_175,10,6,1,SimpleHill,0-0,0,0,0-0,0-2;10-0;3-4;1-0;0-8;0-5,0-8,14,14
random,random_robot_175,10,6,1,SimpleHill,0-0,0,1,0-8,1-7;6-0;5-2;8-13;5-13;2-16,5-13,32,18
random,random_robot_175,10,6,1,SimpleHill,0-0,0,2,5-13,1-4;8-11;9-21;14-15;7-22;4-10,14-15,49,17
random,random_robot_175,10,6,1,SimpleHill,0-0,0,3,14-15,17-15;9-8;5-11;20-18;11-12;19-18,19-18,60,11
random,random_robot_175,10,6,1,SimpleHill,0-0,0,4,19-18,21-15;17-14;10-18;23-17;22-12;24-18,17-14,52,-8
random,random_robot_175,10,6,1,SimpleHill,0-0,0,5,17-14,17-23;18-8;14-20;24-16;21-6;11-14,21-6,44,-8
random,random_robot_175,10,6,1,SimpleHill,0-0,0,6,21-6,21-10;14-11;23-0;16-9;21-7;16-14,16-9,43,-1
random,random_robot_175,10,6,1,SimpleHill,0-0,0,7,16-9,8-6;22-2;11-11;21-4;15-12;12-12,21-4,40,-3
random,random_robot_175,10,6,1,SimpleHill,0-0,0,8,21-4,28-11;25-1;25-13;14-10;22-7;26-4,26-4,46,6
random,random_robot_175,10,6,1,SimpleHill,0-0,0,9,26-4,24-11;19-7;29-11;34-8;30-10;21-9,19-7,43,-3
random,random_robot_175,10,6,1,SimpleHill,0-0,0,10,19-7,23-15;15-0;22-13;19-6;15-9;16-7,23-15,60,17
random,random_robot_175,10,6,1,SimpleHill,0-0,0,11,23-15,24-11;23-13;24-13;25-10;16-14;20-21,20-21,65,5
random,random_robot_175,10,6,1,SimpleHill,0-0,0,12,20-21,24-14;20-20;21-13;23-19;19-29;18-20,24-14,60,-5
random,random_robot_175,10,6,1,SimpleHill,0-0,0,13,24-14,21-20;26-9;22-7;26-14;21-18;16-8,21-18,62,2
random,random_robot_175,10,6,1,SimpleHill,0-0,0,14,21-18,21-18;22-26;22-23;25-27;21-22;18-18,22-26,72,10
random,random_robot_175,10,6,1,SimpleHill,0-0,0,15,22-26,13-25;25-18;17-25;24-31;27-19;13-23,25-18,67,-5
random,random_robot_175,10,6,1,SimpleHill,0-0,0,16,25-18,23-22;19-16;25-17;26-23;29-15;19-25,19-25,68,1
random,random_robot_175,10,6,1,SimpleHill,0-0,0,17,19-25,16-18;24-32;20-27;15-32;10-28;24-19,20-27,71,3
random,random_robot_175,10,6,1,SimpleHill,0-0,0,18,20-27,13-29;11-24;27-21;26-26;19-18;21-29,13-29,63,-8
random,random_robot_175,10,6,1,SimpleHill,0-0,0,19,13-29,7-32;15-27;19-23;16-27;15-21;5-23,16-27,66,3
random,random_robot_175,10,6,1,SimpleHill,0-0,0,20,16-27,24-27;14-23;15-25;17-27;19-35;19-18,19-18,60,-6
random,random_robot_175,10,6,1,SimpleHill,0-0,0,21,19-18,20-9;14-13;22-14;15-23;25-13;24-14,15-23,60,0
random,random_robot_175,10,6,1,SimpleHill,0-0,0,22,15-23,6-26;23-27;23-17;17-24;18-16;14-25,14-25,61,1
random,random_robot_175,10,6,1,SimpleHill,0-0,0,23,14-25,11-34;12-16;13-23;10-34;17-23;15-33,11-34,64,3
random,random_robot_175,10,6,1,SimpleHill,0-0,0,24,11-34,13-25;14-38;7-39;10-37;11-36;10-33,14-38,71,7
random,random_robot_175,10,6,1,SimpleHill,0-0,0,25,14-38,14-34;19-33;20-35;5-42;20-30;5-36,20-30,74,3
random,random_robot_175,10,6,1,SimpleHill,0-0,0,26,20-30,16-33;28-29;16-32;21-27;25-26;21-35,16-32,70,-4
random,random_robot_175,10,6,1,SimpleHill,0-0,0,27,16-32,15-28;21-34;23-30;18-39;22-36;18-34,21-34,78,8
random,random_robot_175,10,6,1,SimpleHill,0-0,0,28,21-34,22-36;28-41;16-35;25-31;22-29;17-34,17-34,73,-5
random,random_robot_175,10,6,1,SimpleHill,0-0,0,29,17-34,15-26;21-26;13-37;8-38;20-43;17-24,17-24,64,-9
random,random_robot_175,10,6,1,SimpleHill,0-0,0,30,17-24,22-22;17-18;16-20;12-24;17-25;23-31,17-25,65,1
random,random_robot_175,10,6,1,SimpleHill,0-0,0,31,17-25,22-26;24-22;13-33;20-28;14-20;15-21,13-33,66,1
random,random_robot_175,10,6,1,SimpleHill,0-0,0,32,13-33,11-30;19-26;8-25;16-39;8-33;18-38,16-39,74,8
random,random_robot_175,10,6,1,SimpleHill,0-0,0,33,16-39,23-36;12-39;10-45;15-45;8-35;18-48,10-45,67,-7
random,random_robot_175,10,6,1,SimpleHill,0-0,0,34,10-45,12-41;18-50;3-38;10-50;12-36;9-47,9-47,66,-1
random,random_robot_175,10,6,1,SimpleHill,0-0,0,35,9-47,9-44;12-52;15-49;5-51;9-42;2-43,2-43,52,-14
random,random_robot_175,10,6,1,SimpleHill,0-0,0,36,2-43,5-38;2-38;11-47;0-38;1-46;6-43,1-46,51,-1
random,random_robot_175,10,6,1,SimpleHill,0-0,0,37,1-46,9-48;0-52;8-53;8-43;4-39;3-48,8-43,63,12
random,random_robot_175,10,6,1,SimpleHill,0-0,0,38,8-43,11-45;3-38;12-52;11-36;8-37;16-46,11-45,69,6
random,random_robot_175,10,6,1,SimpleHill,0-0,0,39,11-45,12-37;19-45;10-45;16-49;5-40;3-44,12-37,67,-2
random,random_robot_175,10,6,1,SimpleHill,0-0,0,40,12-37,4-41;19-35;21-40;11-39;9-44;21-36,21-40,81,14
random,random_robot_175,10,6,1,SimpleHill,0-0,0,41,21-40,18-40;20-42;21-43;28-41;12-40;23-36,28-41,88,7
random,random_robot_175,10,6,1,SimpleHill,0-0,0,42,28-41,30-50;33-37;28-39;22-38;36-41;31-48,30-50,92,4
random,random_robot_175,10,6,1,SimpleHill,0-0,0,43,30-50,30-42;30-40;28-52;27-54;30-52;32-42,30-40,90,-2
random,random_robot_175,10,6,1,SimpleHill,0-0,0,44,30-40,36-39;28-45;37-37;40-40;27-38;23-34,28-45,89,-1
random,random_robot_175,10,6,1,SimpleHill,0-0,0,45,28-45,24-38;24-51;31-36;27-38;33-39;30-37,24-38,83,-6
random,random_robot_175,10,6,1,SimpleHill,0-0,0,46,24-38,34-38;27-40;18-32;32-32;27-30;22-44,18-32,73,-10
random,random_robot_175,10,6,1,SimpleHill,0-0,0,47,18-32,19-38;26-34;26-29;16-29;23-31;14-29,19-38,77,4
random,random_robot_175,10,6,1,SimpleHill,0-0,0,48,19-38,19-30;12-36;12-43;19-29;17-34;28-38,19-30,72,-5
random,random_robot_175,10,6,1,SimpleHill,0-0,0,49,19-30,20-21;14-23;19-36;21-33;26-36;18-32,21-33,77,5
random,random_robot_175,10,6,1,SimpleHill,0-0,0,50,21-33,18-26;16-27;15-31;23-33;18-39;18-38,16-27,66,-11
random,random_robot_175,10,6,1,SimpleHill,0-0,0,51,16-27,10-20;15-23;25-24;13-31;18-34;10-23,13-31,65,-1
random,random_robot_175,10,6,1,SimpleHill,0-0,0,52,13-31,10-23;9-29;11-31;17-38;17-23;18-30,17-38,75,10
random,random_robot_175,10,6,1,SimpleHill,0-0,0,53,17-38,8-37;18-36;11-32;17-48;21-46;15-38,21-46,82,7
random,random_robot_175,10,6,1,SimpleHill,0-0,0,54,21-46,29-40;25-42;21-43;28-41;17-50;23-46,25-42,86,4
random,random_robot_175,10,6,1,SimpleHill,0-0,0,55,25-42,18-43;28-37;25-40;21-48;20-34;34-44,21-48,83,-3
random,random_robot_175,10,6,1,SimpleHill,0-0,0,56,21-48,30-46;27-41;28-44;21-43;30-52;18-47,27-41,87,4
random,random_robot_175,10,6,1,SimpleHill,0-0,0,57,27-41,28-42;21-35;32-35;35-45;23-35;31-42,23-35,80,-7
random,random_robot_175,10,6,1,SimpleHill,0-0,0,58,23-35,26-38;16-28;26-30;25-30;15-32;30-39,25-30,79,-1
random,random_robot_175,10,6,1,SimpleHill,0-0,0,59,25-30,31-28;24-24;33-34;17-24;20-30;26-38,24-24,72,-7
random,random_robot_175,10,6,1,SimpleHill,0-0,0,60,24-24,17-23;23-17;18-29;16-23;30-16;24-31,16-23,62,-10
random,random_robot_175,10,6,1,SimpleHill,0-0,0,61,16-23,18-18;23-20;16-17;14-16;13-20;14-24,14-16,50,-12
random,random_robot_175,10,6,1,SimpleHill,0-0,0,62,14-16,16-15;18-22;16-17;5-13;9-11;16-20,18-22,63,13
random,random_robot_175,10,6,1,SimpleHill,0-0,0,63,18-22,14-21;27-26;21-29;26-21;21-26;13-17,14-21,57,-6
random,random_robot_175,10,6,1,SimpleHill,0-0,0,64,14-21,22-20;21-25;12-28;22-21;11-21;16-23,22-21,67,10
random,random_robot_175,10,6,1,SimpleHill,0-0,0,65,22-21,19-28;14-23;15-25;28-13;26-12;28-23,28-23,75,8
random,random_robot_175,10,6,1,SimpleHill,0-0,0,66,28-23,23-28;31-31;21-29;33-16;35-25;24-20,31-31,85,10
random,random_robot_175,10,6,1,SimpleHill,0-0,0,67,31-31,31-40;41-31;40-27;31-26;23-32;38-30,31-26,81,-4
random,random_robot_175,10,6,1,SimpleHill,0-0,0,68,31-26,35-19;33-25;30-30;37-23;29-32;28-22,37-23,82,1
random,random_robot_175,10,6,1,SimpleHill,0-0,0,69,37-23,43-18;34-17;33-30;31-24;36-23;34-19,36-23,81,-1
random,random_robot_175,10,6,1,SimpleHill,0-0,0,70,36-23,39-31;39-28;28-18;44-22;40-15;39-19,39-19,78,-3
random,random_robot_175,10,6,1,SimpleHill,0-0,0,71,39-19,33-22;36-20;46-14;31-24;43-10;43-25,43-10,67,-11
random,random_robot_175,10,6,1,SimpleHill,0-0,0,72,43-10,44-15;47-19;37-13;40-9;42-17;48-7,42-17,76,9
random,random_robot_175,10,6,1,SimpleHill,0-0,0,73,42-17,40-26;35-20;40-14;33-19;48-20;47-22,33-19,75,-1
random,random_robot_175,10,6,1,SimpleHill,0-0,0,74,33-19,36-14;32-15;38-12;42-19;32-13;30-10,30-10,60,-15
random,random_robot_175,10,6,1,SimpleHill,0-0,0,75,30-10,36-13;37-4;30-8;33-3;29-19;37-16,30-8,56,-4
random,random_robot_175,10,6,1,SimpleHill,0-0,0,76,30-8,36-5;36-1;22-12;32-11;24-15;28-16,32-11,63,7
random,random_robot_175,10,6,1,SimpleHill,0-0,0,77,32-11,34-15;30-10;26-7;38-13;39-5;25-11,25-11,57,-6
random,random_robot_175,10,6,1,SimpleHill,0-0,0,78,25-11,18-13;20-16;17-15;30-9;22-7;26-16,26-16,65,8
random,random_robot_175,10,6,1,SimpleHill,0-0,0,79,26-16,24-17;35-17;25-20;21-12;17-15;35-18,35-17,73,8
