simulation_type,subj_id,sight_radius,n_gabors,block_ix,landscape_name,starting_pos,starting_score,trial,pos,stims,selected,score,delta
random,random_robot_9,10,6,1,SimpleHill,0-0,0,0,0-0,4-5;3-3;7-4;4-3;3-6;1-0,3-6,17,17
random,random_robot_9,10,6,1,SimpleHill,0-0,0,1,3-6,4-9;10-13;1-14;3-2;7-6;1-9,1-9,18,1
random,random_robot_9,10,6,1,SimpleHill,0-0,0,2,1-9,3-14;0-14;3-18;3-12;2-0;10-9,3-14,29,11
random,random_robot_9,10,6,1,SimpleHill,0-0,0,3,3-14,5-22;7-11;9-9;6-17;2-15;10-18,6-17,39,10
random,random_robot_9,10,6,1,SimpleHill,0-0,0,4,6-17,14-17;2-22;15-18;7-12;3-19;0-21,0-21,33,-6
random,random_robot_9,10,6,1,SimpleHill,0-0,0,5,0-21,4-20;1-18;0-28;0-18;3-17;6-14,1-18,31,-2
random,random_robot_9,10,6,1,SimpleHill,0-0,0,6,1-18,7-23;6-23;3-14;9-20;1-8;7-16,1-8,16,-15
random,random_robot_9,10,6,1,SimpleHill,0-0,0,7,1-8,9-5;0-3;7-1;0-0;3-4;3-11,0-0,0,-16
random,random_robot_9,10,6,1,SimpleHill,0-0,0,8,0-0,8-1;7-2;4-6;1-5;2-7;1-9,8-1,16,16
random,random_robot_9,10,6,1,SimpleHill,0-0,0,9,8-1,4-4;1-8;9-1;6-2;7-2;12-7,9-1,18,2
random,random_robot_9,10,6,1,SimpleHill,0-0,0,10,9-1,10-10;15-4;4-8;17-6;8-8;9-2,15-4,33,15
random,random_robot_9,10,6,1,SimpleHill,0-0,0,11,15-4,13-5;22-11;10-3;18-2;12-9;16-3,13-5,32,-1
random,random_robot_9,10,6,1,SimpleHill,0-0,0,12,13-5,17-6;5-7;15-14;17-13;6-12;8-3,8-3,20,-12
random,random_robot_9,10,6,1,SimpleHill,0-0,0,13,8-3,1-4;2-10;16-6;2-11;11-1;9-7,2-11,23,3
random,random_robot_9,10,6,1,SimpleHill,0-0,0,14,2-11,0-10;1-5;6-16;4-8;1-3;1-17,1-5,11,-12
random,random_robot_9,10,6,1,SimpleHill,0-0,0,15,1-5,6-3;4-0;9-5;1-11;6-11;8-4,8-4,22,11
random,random_robot_9,10,6,1,SimpleHill,0-0,0,16,8-4,14-5;1-8;13-8;2-5;6-3;17-3,6-3,17,-5
random,random_robot_9,10,6,1,SimpleHill,0-0,0,17,6-3,8-6;5-1;2-10;0-0;8-4;13-1,8-6,26,9
random,random_robot_9,10,6,1,SimpleHill,0-0,0,18,8-6,1-7;14-8;6-13;8-10;6-9;0-8,6-9,27,1
random,random_robot_9,10,6,1,SimpleHill,0-0,0,19,6-9,4-13;2-10;14-11;12-12;1-17;1-7,12-12,42,15
random,random_robot_9,10,6,1,SimpleHill,0-0,0,20,12-12,4-17;4-14;6-6;20-16;3-14;9-13,4-17,35,-7
random,random_robot_9,10,6,1,SimpleHill,0-0,0,21,4-17,10-18;7-23;8-20;12-20;2-23;3-20,8-20,46,11
random,random_robot_9,10,6,1,SimpleHill,0-0,0,22,8-20,11-25;15-15;15-16;10-11;11-23;2-26,11-25,57,11
random,random_robot_9,10,6,1,SimpleHill,0-0,0,23,11-25,13-33;9-19;11-17;9-25;3-21;18-22,18-22,63,6
random,random_robot_9,10,6,1,SimpleHill,0-0,0,24,18-22,15-14;26-18;16-23;14-29;13-20;11-15,16-23,62,-1
random,random_robot_9,10,6,1,SimpleHill,0-0,0,25,16-23,18-26;11-16;22-20;20-18;14-27;14-23,14-27,63,1
random,random_robot_9,10,6,1,SimpleHill,0-0,0,26,14-27,20-33;16-25;5-27;6-21;15-36;15-21,20-33,76,13
random,random_robot_9,10,6,1,SimpleHill,0-0,0,27,20-33,29-37;20-30;16-34;14-29;29-34;25-41,29-34,86,10
random,random_robot_9,10,6,1,SimpleHill,0-0,0,28,29-34,22-37;32-42;29-29;32-26;33-29;28-42,29-29,82,-4
random,random_robot_9,10,6,1,SimpleHill,0-0,0,29,29-29,20-32;25-29;30-23;24-25;32-21;29-26,20-32,75,-7
random,random_robot_9,10,6,1,SimpleHill,0-0,0,30,20-32,18-37;19-27;15-34;17-24;20-41;24-27,19-27,70,-5
random,random_robot_9,10,6,1,SimpleHill,0-0,0,31,19-27,23-33;22-25;12-21;27-30;10-23;13-35,23-33,79,9
random,random_robot_9,10,6,1,SimpleHill,0-0,0,32,23-33,32-31;19-35;24-42;23-41;17-29;25-33,23-41,83,4
random,random_robot_9,10,6,1,SimpleHill,0-0,0,33,23-41,25-37;24-45;17-44;28-37;26-42;31-42,28-37,86,3
random,random_robot_9,10,6,1,SimpleHill,0-0,0,34,28-37,24-31;24-39;24-40;27-36;26-33;34-38,34-38,92,6
random,random_robot_9,10,6,1,SimpleHill,0-0,0,35,34-38,29-31;40-34;44-38;32-31;30-31;30-32,32-31,86,-6
random,random_robot_9,10,6,1,SimpleHill,0-0,0,36,32-31,34-26;34-32;37-28;39-36;36-38;37-32,34-32,88,2
random,random_robot_9,10,6,1,SimpleHill,0-0,0,37,34-32,30-40;33-33;41-32;39-36;27-37;35-36,30-40,90,2
random,random_robot_9,10,6,1,SimpleHill,0-0,0,38,30-40,36-44;26-32;24-38;26-47;38-39;39-37,36-44,95,5
random,random_robot_9,10,6,1,SimpleHill,0-0,0,39,36-44,28-49;44-39;39-51;39-48;30-48;45-44,44-39,96,1
random,random_robot_9,10,6,1,SimpleHill,0-0,0,40,44-39,35-43;41-36;44-44;52-45;40-34;42-38,35-43,94,-2
random,random_robot_9,10,6,1,SimpleHill,0-0,0,41,35-43,42-40;30-43;35-52;28-49;36-45;37-51,37-51,96,2
random,random_robot_9,10,6,1,SimpleHill,0-0,0,42,37-51,43-55;37-42;32-44;39-49;39-51;37-46,39-49,97,1
random,random_robot_9,10,6,1,SimpleHill,0-0,0,43,39-49,49-49;39-57;36-44;42-49;32-47;36-41,36-44,95,-2
random,random_robot_9,10,6,1,SimpleHill,0-0,0,44,36-44,33-36;41-48;30-49;40-40;39-48;40-38,41-48,98,3
random,random_robot_9,10,6,1,SimpleHill,0-0,0,45,41-48,48-44;42-54;46-50;43-39;35-43;49-42,49-42,98,0
random,random_robot_9,10,6,1,SimpleHill,0-0,0,46,49-42,51-48;46-39;45-42;47-34;55-47;42-37,42-37,95,-3
random,random_robot_9,10,6,1,SimpleHill,0-0,0,47,42-37,34-38;48-41;43-37;35-35;41-46;43-43,41-46,98,3
random,random_robot_9,10,6,1,SimpleHill,0-0,0,48,41-46,42-52;37-37;47-51;33-50;44-53;49-42,47-51,99,1
random,random_robot_9,10,6,1,SimpleHill,0-0,0,49,47-51,53-50;47-45;44-48;52-43;43-56;50-52,44-48,99,0
random,random_robot_9,10,6,1,SimpleHill,0-0,0,50,44-48,50-54;46-54;41-47;47-48;36-49;40-42,50-54,99,0
random,random_robot_9,10,6,1,SimpleHill,0-0,0,51,50-54,47-49;45-62;57-56;51-59;45-54;59-51,45-54,99,0
random,random_robot_9,10,6,1,SimpleHill,0-0,0,52,45-54,52-47;49-61;39-53;54-53;44-59;37-52,37-52,96,-3
random,random_robot_9,10,6,1,SimpleHill,0-0,0,53,37-52,36-58;38-50;35-52;40-60;41-44;37-56,40-60,96,0
random,random_robot_9,10,6,1,SimpleHill,0-0,0,54,40-60,41-54;39-52;45-68;33-60;34-63;43-54,34-63,91,-5
random,random_robot_9,10,6,1,SimpleHill,0-0,0,55,34-63,39-68;26-57;34-60;41-57;31-67;41-56,34-60,92,1
random,random_robot_9,10,6,1,SimpleHill,0-0,0,56,34-60,27-53;38-69;36-65;42-63;26-60;33-52,27-53,89,-3
random,random_robot_9,10,6,1,SimpleHill,0-0,0,57,27-53,20-51;32-45;23-54;23-45;26-49;28-49,23-54,85,-4
random,random_robot_9,10,6,1,SimpleHill,0-0,0,58,23-54,20-46;21-48;16-61;23-57;31-49;23-63,20-46,81,-4
random,random_robot_9,10,6,1,SimpleHill,0-0,0,59,20-46,11-42;18-45;23-55;29-50;14-46;14-40,11-42,68,-13
random,random_robot_9,10,6,1,SimpleHill,0-0,0,60,11-42,3-42;14-38;8-36;13-49;17-42;8-38,17-42,76,8
random,random_robot_9,10,6,1,SimpleHill,0-0,0,61,17-42,8-44;22-35;15-44;25-45;15-38;17-34,17-34,73,-3
random,random_robot_9,10,6,1,SimpleHill,0-0,0,62,17-34,23-32;21-33;25-33;18-36;20-31;14-26,20-31,74,1
random,random_robot_9,10,6,1,SimpleHill,0-0,0,63,20-31,15-36;11-28;26-34;15-30;26-26;12-25,15-36,71,-3
random,random_robot_9,10,6,1,SimpleHill,0-0,0,64,15-36,8-30;21-37;14-34;14-31;23-36;13-29,14-31,66,-5
random,random_robot_9,10,6,1,SimpleHill,0-0,0,65,14-31,8-31;12-22;9-32;22-28;13-35;17-28,8-31,57,-9
random,random_robot_9,10,6,1,SimpleHill,0-0,0,66,8-31,17-34;4-36;0-33;2-39;11-32;10-32,11-32,63,6
random,random_robot_9,10,6,1,SimpleHill,0-0,0,67,11-32,12-27;9-37;12-35;7-38;19-28;8-39,7-38,60,-3
random,random_robot_9,10,6,1,SimpleHill,0-0,0,68,7-38,11-39;7-39;0-32;14-38;9-34;15-36,11-39,67,7
random,random_robot_9,10,6,1,SimpleHill,0-0,0,69,11-39,12-41;19-35;21-39;19-45;18-33;8-39,12-41,69,2
random,random_robot_9,10,6,1,SimpleHill,0-0,0,70,12-41,14-35;4-45;10-45;7-47;9-45;14-43,4-45,57,-12
random,random_robot_9,10,6,1,SimpleHill,0-0,0,71,4-45,7-45;8-52;2-39;1-41;9-45;13-49,2-39,51,-6
random,random_robot_9,10,6,1,SimpleHill,0-0,0,72,2-39,0-32;9-40;2-32;9-32;3-37;7-40,7-40,61,10
random,random_robot_9,10,6,1,SimpleHill,0-0,0,73,7-40,9-41;11-34;9-34;0-47;14-37;6-38,0-47,49,-12
random,random_robot_9,10,6,1,SimpleHill,0-0,0,74,0-47,0-51;3-39;1-47;0-52;5-45;0-45,5-45,59,10
random,random_robot_9,10,6,1,SimpleHill,0-0,0,75,5-45,9-40;10-42;1-40;0-50;11-52;13-48,0-50,50,-9
random,random_robot_9,10,6,1,SimpleHill,0-0,0,76,0-50,2-46;6-42;2-41;5-56;1-46;4-44,4-44,56,6
random,random_robot_9,10,6,1,SimpleHill,0-0,0,77,4-44,8-39;5-38;8-43;4-42;12-45;10-47,8-43,63,7
random,random_robot_9,10,6,1,SimpleHill,0-0,0,78,8-43,8-49;1-39;4-48;3-49;13-49;14-48,8-49,64,1
random,random_robot_9,10,6,1,SimpleHill,0-0,0,79,8-49,5-44;6-58;9-42;16-44;7-50;8-57,7-50,63,-1
