simulation_type,subj_id,sight_radius,n_gabors,block_ix,landscape_name,starting_pos,starting_score,trial,pos,stims,selected,score,delta
random,random_robot_148,10,6,1,SimpleHill,0-0,0,0,0-0,9-1;3-5;6-7;7-5;8-2;0-5,7-5,22,22
random,random_robot_148,10,6,1,SimpleHill,0-0,0,1,7-5,16-6;6-12;2-0;4-0;16-8;13-13,4-0,7,-15
random,random_robot_148,10,6,1,SimpleHill,0-0,0,2,4-0,6-6;6-2;4-8;13-0;10-5;11-4,13-0,22,15
random,random_robot_148,10,6,1,SimpleHill,0-0,0,3,13-0,14-3;8-3;8-1;18-7;11-0;12-8,18-7,42,20
random,random_robot_148,10,6,1,SimpleHill,0-0,0,4,18-7,27-3;15-1;15-13;25-14;12-2;18-3,18-3,35,-7
random,random_robot_148,10,6,1,SimpleHill,0-0,0,5,18-3,18-12;19-5;11-2;11-0;21-7;10-6,19-5,40,5
random,random_robot_148,10,6,1,SimpleHill,0-0,0,6,19-5,27-8;15-12;28-7;21-11;25-7;18-0,28-7,53,13
random,random_robot_148,10,6,1,SimpleHill,0-0,0,7,28-7,25-14;31-7;24-0;28-2;30-11;30-16,25-14,61,8
random,random_robot_148,10,6,1,SimpleHill,0-0,0,8,25-14,28-14;27-17;24-19;31-16;26-14;31-13,26-14,62,1
random,random_robot_148,10,6,1,SimpleHill,0-0,0,9,26-14,32-11;19-9;33-20;28-6;27-21;34-11,19-9,47,-15
random,random_robot_148,10,6,1,SimpleHill,0-0,0,10,19-9,12-3;14-5;14-15;17-8;10-13;23-0,10-13,40,-7
random,random_robot_148,10,6,1,SimpleHill,0-0,0,11,10-13,8-9;10-12;15-9;10-3;15-11;6-16,8-9,31,-9
random,random_robot_148,10,6,1,SimpleHill,0-0,0,12,8-9,12-10;2-1;9-7;10-5;8-9;8-6,2-1,5,-26
random,random_robot_148,10,6,1,SimpleHill,0-0,0,13,2-1,1-6;6-3;0-10;8-6;3-7;0-2,6-3,17,12
random,random_robot_148,10,6,1,SimpleHill,0-0,0,14,6-3,15-3;8-3;12-9;2-0;14-6;9-12,2-0,3,-14
random,random_robot_148,10,6,1,SimpleHill,0-0,0,15,2-0,6-6;3-3;4-3;9-2;5-2;5-4,5-2,13,10
random,random_robot_148,10,6,1,SimpleHill,0-0,0,16,5-2,0-6;10-2;14-3;14-0;8-3;4-8,10-2,21,8
random,random_robot_148,10,6,1,SimpleHill,0-0,0,17,10-2,19-3;17-7;6-5;19-2;4-7;14-5,19-3,36,15
random,random_robot_148,10,6,1,SimpleHill,0-0,0,18,19-3,28-2;24-8;15-1;16-11;13-9;16-2,24-8,51,15
random,random_robot_148,10,6,1,SimpleHill,0-0,0,19,24-8,20-1;32-13;24-12;26-12;20-14;31-13,32-13,66,15
random,random_robot_148,10,6,1,SimpleHill,0-0,0,20,32-13,36-10;36-17;39-12;37-21;28-21;30-21,39-12,68,2
random,random_robot_148,10,6,1,SimpleHill,0-0,0,21,39-12,40-11;41-14;40-8;47-7;35-12;47-6,47-6,61,-7
random,random_robot_148,10,6,1,SimpleHill,0-0,0,22,47-6,48-11;49-0;51-3;39-4;47-2;46-9,39-4,55,-6
random,random_robot_148,10,6,1,SimpleHill,0-0,0,23,39-4,45-7;45-0;32-8;37-7;42-10;43-8,45-0,49,-6
random,random_robot_148,10,6,1,SimpleHill,0-0,0,24,45-0,45-7;41-0;49-1;47-7;53-0;52-2,41-0,48,-1
random,random_robot_148,10,6,1,SimpleHill,0-0,0,25,41-0,48-7;39-9;39-1;37-1;47-1;42-9,48-7,62,14
random,random_robot_148,10,6,1,SimpleHill,0-0,0,26,48-7,43-4;49-3;55-2;55-10;55-5;50-10,55-10,67,5
random,random_robot_148,10,6,1,SimpleHill,0-0,0,27,55-10,63-13;60-8;53-1;52-7;50-15;62-3,62-3,52,-15
random,random_robot_148,10,6,1,SimpleHill,0-0,0,28,62-3,55-7;65-4;69-10;63-4;61-5;63-8,55-7,62,10
random,random_robot_148,10,6,1,SimpleHill,0-0,0,29,55-7,58-10;48-12;63-3;60-1;59-4;60-12,63-3,52,-10
random,random_robot_148,10,6,1,SimpleHill,0-0,0,30,63-3,62-3;65-2;63-9;68-8;57-6;61-8,65-2,49,-3
random,random_robot_148,10,6,1,SimpleHill,0-0,0,31,65-2,67-2;61-3;59-8;64-11;62-4;61-9,62-4,54,5
random,random_robot_148,10,6,1,SimpleHill,0-0,0,32,62-4,62-7;67-8;56-1;65-10;55-7;56-9,56-9,65,11
random,random_robot_148,10,6,1,SimpleHill,0-0,0,33,56-9,55-11;54-9;55-1;62-15;55-16;52-16,54-9,66,1
random,random_robot_148,10,6,1,SimpleHill,0-0,0,34,54-9,47-5;61-2;56-7;53-12;51-18;48-2,51-18,79,13
random,random_robot_148,10,6,1,SimpleHill,0-0,0,35,51-18,45-14;53-14;50-24;43-17;54-22;52-12,43-17,77,-2
random,random_robot_148,10,6,1,SimpleHill,0-0,0,36,43-17,46-9;40-24;44-20;51-21;34-19;50-12,44-20,81,4
random,random_robot_148,10,6,1,SimpleHill,0-0,0,37,44-20,38-28;47-15;46-27;41-26;45-14;46-23,46-23,85,4
random,random_robot_148,10,6,1,SimpleHill,0-0,0,38,46-23,44-24;42-26;51-21;45-25;54-28;52-17,44-24,85,0
random,random_robot_148,10,6,1,SimpleHill,0-0,0,39,44-24,38-18;52-19;37-21;39-24;39-29;36-26,38-18,76,-9
random,random_robot_148,10,6,1,SimpleHill,0-0,0,40,38-18,39-23;41-17;34-23;38-20;30-24;31-14,39-23,83,7
random,random_robot_148,10,6,1,SimpleHill,0-0,0,41,39-23,45-18;43-17;36-27;43-14;39-32;45-19,45-19,80,-3
random,random_robot_148,10,6,1,SimpleHill,0-0,0,42,45-19,43-23;42-28;40-20;48-18;39-12;36-18,36-18,75,-5
random,random_robot_148,10,6,1,SimpleHill,0-0,0,43,36-18,39-21;43-12;31-11;29-23;37-17;41-20,41-20,80,5
random,random_robot_148,10,6,1,SimpleHill,0-0,0,44,41-20,40-19;38-29;40-14;46-28;43-17;38-22,40-14,72,-8
random,random_robot_148,10,6,1,SimpleHill,0-0,0,45,40-14,38-23;46-15;40-17;31-18;37-16;44-6,46-15,75,3
random,random_robot_148,10,6,1,SimpleHill,0-0,0,46,46-15,47-14;48-6;39-8;55-13;54-21;43-7,48-6,61,-14
random,random_robot_148,10,6,1,SimpleHill,0-0,0,47,48-6,44-15;41-6;55-1;44-11;49-4;54-11,44-15,74,13
random,random_robot_148,10,6,1,SimpleHill,0-0,0,48,44-15,38-19;47-9;51-21;46-8;53-12;50-16,53-12,70,-4
random,random_robot_148,10,6,1,SimpleHill,0-0,0,49,53-12,58-13;47-6;51-7;46-10;44-16;52-8,47-6,61,-9
random,random_robot_148,10,6,1,SimpleHill,0-0,0,50,47-6,46-7;51-12;41-14;43-6;45-5;37-6,37-6,57,-4
random,random_robot_148,10,6,1,SimpleHill,0-0,0,51,37-6,32-6;39-9;31-8;40-13;41-3;35-5,41-3,54,-3
random,random_robot_148,10,6,1,SimpleHill,0-0,0,52,41-3,50-0;40-0;40-7;45-10;45-7;47-5,45-7,62,8
random,random_robot_148,10,6,1,SimpleHill,0-0,0,53,45-7,49-10;44-12;39-7;52-14;42-14;42-2,44-12,70,8
random,random_robot_148,10,6,1,SimpleHill,0-0,0,54,44-12,43-16;42-14;37-13;48-5;37-18;49-4,43-16,75,5
random,random_robot_148,10,6,1,SimpleHill,0-0,0,55,43-16,41-21;39-11;45-15;51-10;41-20;35-21,51-10,67,-8
random,random_robot_148,10,6,1,SimpleHill,0-0,0,56,51-10,53-15;49-11;57-10;48-8;55-15;56-12,48-8,64,-3
random,random_robot_148,10,6,1,SimpleHill,0-0,0,57,48-8,49-10;44-16;52-9;44-4;57-7;42-16,44-16,76,12
random,random_robot_148,10,6,1,SimpleHill,0-0,0,58,44-16,36-21;50-21;35-20;44-6;47-13;42-16,50-21,83,7
random,random_robot_148,10,6,1,SimpleHill,0-0,0,59,50-21,42-25;50-18;45-18;59-22;42-21;46-25,59-22,82,-1
random,random_robot_148,10,6,1,SimpleHill,0-0,0,60,59-22,53-21;50-23;56-28;61-25;63-31;62-23,50-23,85,3
random,random_robot_148,10,6,1,SimpleHill,0-0,0,61,50-23,44-23;48-19;53-27;44-24;40-23;48-22,48-19,80,-5
random,random_robot_148,10,6,1,SimpleHill,0-0,0,62,48-19,54-19;55-24;44-27;50-26;54-20;42-14,50-26,88,8
random,random_robot_148,10,6,1,SimpleHill,0-0,0,63,50-26,57-28;44-19;50-19;56-18;45-32;55-20,55-20,81,-7
random,random_robot_148,10,6,1,SimpleHill,0-0,0,64,55-20,56-16;46-24;61-15;60-12;60-17;45-20,61-15,73,-8
random,random_robot_148,10,6,1,SimpleHill,0-0,0,65,61-15,62-8;58-10;60-21;64-17;70-18;62-20,70-18,71,-2
random,random_robot_148,10,6,1,SimpleHill,0-0,0,66,70-18,69-27;70-15;68-11;68-15;63-14;62-18,63-14,70,-1
random,random_robot_148,10,6,1,SimpleHill,0-0,0,67,63-14,64-20;68-10;59-20;63-23;55-10;55-19,64-20,78,8
random,random_robot_148,10,6,1,SimpleHill,0-0,0,68,64-20,69-19;61-26;56-23;65-16;64-21;58-24,61-26,86,8
random,random_robot_148,10,6,1,SimpleHill,0-0,0,69,61-26,66-21;70-29;70-28;53-27;56-22;57-32,57-32,92,6
random,random_robot_148,10,6,1,SimpleHill,0-0,0,70,57-32,62-40;63-27;65-26;61-39;51-36;58-41,63-27,86,-6
random,random_robot_148,10,6,1,SimpleHill,0-0,0,71,63-27,69-20;62-25;67-23;59-20;64-35;58-29,64-35,91,5
random,random_robot_148,10,6,1,SimpleHill,0-0,0,72,64-35,67-35;57-37;68-35;63-28;58-28;57-32,68-35,89,-2
random,random_robot_148,10,6,1,SimpleHill,0-0,0,73,68-35,60-30;69-39;61-39;68-38;68-43;65-35,68-38,90,1
random,random_robot_148,10,6,1,SimpleHill,0-0,0,74,68-38,70-32;68-41;70-45;64-41;64-40;65-30,68-41,91,1
random,random_robot_148,10,6,1,SimpleHill,0-0,0,75,68-41,70-41;63-37;68-36;66-33;61-36;66-44,66-44,94,3
random,random_robot_148,10,6,1,SimpleHill,0-0,0,76,66-44,65-44;58-44;58-40;60-36;65-48;62-53,65-48,95,1
random,random_robot_148,10,6,1,SimpleHill,0-0,0,77,65-48,67-54;63-53;67-52;57-51;66-48;68-52,68-52,93,-2
random,random_robot_148,10,6,1,SimpleHill,0-0,0,78,68-52,61-51;62-54;65-59;64-46;62-57;66-61,62-57,96,3
random,random_robot_148,10,6,1,SimpleHill,0-0,0,79,62-57,60-55;55-63;66-66;60-65;64-66;62-48,60-65,93,-3
