simulation_type,subj_id,sight_radius,n_gabors,block_ix,landscape_name,starting_pos,starting_score,trial,pos,stims,selected,score,delta
random,random_robot_20,10,6,1,SimpleHill,0-0,0,0,0-0,9-3;3-6;0-10;8-5;4-0;5-7,8-5,24,24
random,random_robot_20,10,6,1,SimpleHill,0-0,0,1,8-5,9-13;15-0;0-4;6-1;13-5;14-3,0-4,7,-17
random,random_robot_20,10,6,1,SimpleHill,0-0,0,2,0-4,4-11;9-2;5-6;5-12;8-2;3-6,8-2,18,11
random,random_robot_20,10,6,1,SimpleHill,0-0,0,3,8-2,4-11;12-4;0-5;4-5;11-1;7-3,0-5,9,-9
random,random_robot_20,10,6,1,SimpleHill,0-0,0,4,0-5,2-1;5-2;9-8;8-5;7-5;0-10,5-2,13,4
random,random_robot_20,10,6,1,SimpleHill,0-0,0,5,5-2,6-0;3-8;8-2;2-9;13-5;5-0,13-5,32,19
random,random_robot_20,10,6,1,SimpleHill,0-0,0,6,13-5,5-2;20-1;19-11;10-7;21-10;15-10,10-7,31,-1
random,random_robot_20,10,6,1,SimpleHill,0-0,0,7,10-7,16-4;2-6;11-14;4-7;14-12;5-14,11-14,43,12
random,random_robot_20,10,6,1,SimpleHill,0-0,0,8,11-14,19-10;15-20;16-14;12-7;17-15;9-14,19-10,48,5
random,random_robot_20,10,6,1,SimpleHill,0-0,0,9,19-10,27-10;19-10;19-4;28-8;11-13;19-17,27-10,57,9
random,random_robot_20,10,6,1,SimpleHill,0-0,0,10,27-10,36-6;29-13;19-10;28-18;26-4;23-2,23-2,39,-18
random,random_robot_20,10,6,1,SimpleHill,0-0,0,11,23-2,25-2;14-6;18-3;25-5;20-0;20-9,18-3,35,-4
random,random_robot_20,10,6,1,SimpleHill,0-0,0,12,18-3,20-7;19-9;23-8;17-5;19-10;27-7,23-8,50,15
random,random_robot_20,10,6,1,SimpleHill,0-0,0,13,23-8,28-10;22-0;26-8;29-14;19-0;31-4,29-14,65,15
random,random_robot_20,10,6,1,SimpleHill,0-0,0,14,29-14,32-8;31-19;29-14;31-22;21-15;25-10,31-22,77,12
random,random_robot_20,10,6,1,SimpleHill,0-0,0,15,31-22,28-26;33-24;25-14;31-22;35-25;36-14,28-26,78,1
random,random_robot_20,10,6,1,SimpleHill,0-0,0,16,28-26,29-20;24-23;21-33;32-18;34-23;26-24,26-24,74,-4
random,random_robot_20,10,6,1,SimpleHill,0-0,0,17,26-24,20-32;19-20;21-25;18-23;24-24;26-24,20-32,75,1
random,random_robot_20,10,6,1,SimpleHill,0-0,0,18,20-32,15-30;18-32;21-31;16-25;29-30;16-23,18-32,73,-2
random,random_robot_20,10,6,1,SimpleHill,0-0,0,19,18-32,25-34;20-40;17-26;24-30;18-34;11-30,11-30,61,-12
random,random_robot_20,10,6,1,SimpleHill,0-0,0,20,11-30,14-39;8-27;6-38;13-35;5-27;5-24,5-24,45,-16
random,random_robot_20,10,6,1,SimpleHill,0-0,0,21,5-24,10-23;12-30;9-16;5-31;9-28;6-32,9-16,43,-2
random,random_robot_20,10,6,1,SimpleHill,0-0,0,22,9-16,5-25;9-12;8-17;11-17;5-17;4-19,8-17,42,-1
random,random_robot_20,10,6,1,SimpleHill,0-0,0,23,8-17,11-17;9-21;7-26;6-8;16-11;10-16,10-16,44,2
random,random_robot_20,10,6,1,SimpleHill,0-0,0,24,10-16,11-24;16-11;15-19;4-17;3-20;6-11,4-17,35,-9
random,random_robot_20,10,6,1,SimpleHill,0-0,0,25,4-17,9-25;0-19;3-17;2-9;0-22;13-21,3-17,34,-1
random,random_robot_20,10,6,1,SimpleHill,0-0,0,26,3-17,4-25;0-11;10-10;9-11;10-13;0-10,0-11,19,-15
random,random_robot_20,10,6,1,SimpleHill,0-0,0,27,0-11,10-11;6-10;7-5;7-7;5-3;9-7,7-7,26,7
random,random_robot_20,10,6,1,SimpleHill,0-0,0,28,7-7,13-1;1-0;5-2;12-6;14-7;7-13,5-2,13,-13
random,random_robot_20,10,6,1,SimpleHill,0-0,0,29,5-2,3-7;7-10;13-8;4-10;13-5;8-10,4-10,25,12
random,random_robot_20,10,6,1,SimpleHill,0-0,0,30,4-10,2-2;2-7;10-12;9-13;9-11;8-18,8-18,44,19
random,random_robot_20,10,6,1,SimpleHill,0-0,0,31,8-18,16-12;1-11;7-14;8-9;9-16;6-15,6-15,36,-8
random,random_robot_20,10,6,1,SimpleHill,0-0,0,32,6-15,6-10;11-8;10-22;2-10;11-17;4-6,2-10,21,-15
random,random_robot_20,10,6,1,SimpleHill,0-0,0,33,2-10,8-11;10-6;8-2;0-18;5-13;6-16,10-6,29,8
random,random_robot_20,10,6,1,SimpleHill,0-0,0,34,10-6,2-9;15-2;13-6;7-4;10-11;8-12,2-9,20,-9
random,random_robot_20,10,6,1,SimpleHill,0-0,0,35,2-9,8-11;4-16;8-13;1-8;3-7;4-4,8-13,37,17
random,random_robot_20,10,6,1,SimpleHill,0-0,0,36,8-13,11-20;14-5;4-15;9-9;4-21;6-21,9-9,32,-5
random,random_robot_20,10,6,1,SimpleHill,0-0,0,37,9-9,17-4;3-14;0-8;10-11;2-6;3-8,10-11,37,5
random,random_robot_20,10,6,1,SimpleHill,0-0,0,38,10-11,2-8;8-4;19-7;5-17;6-20;9-6,19-7,43,6
random,random_robot_20,10,6,1,SimpleHill,0-0,0,39,19-7,12-8;18-5;27-13;13-5;28-5;9-7,13-5,32,-11
random,random_robot_20,10,6,1,SimpleHill,0-0,0,40,13-5,8-13;13-2;17-13;10-11;14-7;19-6,19-6,42,10
random,random_robot_20,10,6,1,SimpleHill,0-0,0,41,19-6,15-5;11-3;14-12;14-3;21-10;23-14,23-14,59,17
random,random_robot_20,10,6,1,SimpleHill,0-0,0,42,23-14,16-15;26-21;19-19;21-17;20-7;21-7,26-21,71,12
random,random_robot_20,10,6,1,SimpleHill,0-0,0,43,26-21,33-15;22-15;29-19;27-12;26-26;34-15,33-15,69,-2
random,random_robot_20,10,6,1,SimpleHill,0-0,0,44,33-15,33-18;34-23;34-22;28-11;31-22;35-16,28-11,59,-10
random,random_robot_20,10,6,1,SimpleHill,0-0,0,45,28-11,23-10;25-17;34-10;34-5;20-8;33-4,23-10,53,-6
random,random_robot_20,10,6,1,SimpleHill,0-0,0,46,23-10,24-8;33-10;29-18;22-14;30-10;29-8,29-18,70,17
random,random_robot_20,10,6,1,SimpleHill,0-0,0,47,29-18,27-15;30-19;27-16;20-14;21-17;34-26,27-16,66,-4
random,random_robot_20,10,6,1,SimpleHill,0-0,0,48,27-16,35-21;28-8;31-15;26-20;25-24;36-15,26-20,70,4
random,random_robot_20,10,6,1,SimpleHill,0-0,0,49,26-20,34-20;21-17;25-18;24-28;18-14;19-19,24-28,76,6
random,random_robot_20,10,6,1,SimpleHill,0-0,0,50,24-28,28-24;21-35;31-31;22-32;26-24;21-19,21-19,63,-13
random,random_robot_20,10,6,1,SimpleHill,0-0,0,51,21-19,22-21;29-22;26-25;17-27;26-26;27-22,27-22,73,10
random,random_robot_20,10,6,1,SimpleHill,0-0,0,52,27-22,34-22;21-18;29-25;36-18;31-13;21-26,34-22,79,6
random,random_robot_20,10,6,1,SimpleHill,0-0,0,53,34-22,36-19;40-19;33-23;42-17;28-16;39-16,33-23,79,0
random,random_robot_20,10,6,1,SimpleHill,0-0,0,54,33-23,41-19;42-23;33-14;29-28;31-20;30-23,30-23,77,-2
random,random_robot_20,10,6,1,SimpleHill,0-0,0,55,30-23,29-30;29-20;27-17;23-26;39-20;35-18,29-20,73,-4
random,random_robot_20,10,6,1,SimpleHill,0-0,0,56,29-20,26-15;36-21;24-24;33-24;30-13;30-28,24-24,72,-1
random,random_robot_20,10,6,1,SimpleHill,0-0,0,57,24-24,19-16;24-19;32-27;28-22;26-20;17-23,28-22,74,2
random,random_robot_20,10,6,1,SimpleHill,0-0,0,58,28-22,21-23;32-28;32-29;34-27;26-27;36-18,32-29,84,10
random,random_robot_20,10,6,1,SimpleHill,0-0,0,59,32-29,31-25;36-20;28-27;26-30;25-32;41-27,36-20,78,-6
random,random_robot_20,10,6,1,SimpleHill,0-0,0,60,36-20,33-28;32-27;30-27;40-11;32-14;33-29,32-14,67,-11
random,random_robot_20,10,6,1,SimpleHill,0-0,0,61,32-14,23-11;27-15;31-5;27-11;32-10;29-12,32-10,61,-6
random,random_robot_20,10,6,1,SimpleHill,0-0,0,62,32-10,31-11;33-8;34-9;32-17;27-4;41-9,32-17,71,10
random,random_robot_20,10,6,1,SimpleHill,0-0,0,63,32-17,25-11;34-13;31-9;25-12;24-16;36-12,25-12,58,-13
random,random_robot_20,10,6,1,SimpleHill,0-0,0,64,25-12,20-11;23-10;20-14;25-22;17-11;17-6,20-11,51,-7
random,random_robot_20,10,6,1,SimpleHill,0-0,0,65,20-11,26-18;12-12;23-13;15-19;21-9;22-12,23-13,58,7
random,random_robot_20,10,6,1,SimpleHill,0-0,0,66,23-13,14-16;28-10;18-12;29-21;33-13;30-13,18-12,50,-8
random,random_robot_20,10,6,1,SimpleHill,0-0,0,67,18-12,20-16;14-12;19-3;9-10;16-18;13-13,9-10,34,-16
random,random_robot_20,10,6,1,SimpleHill,0-0,0,68,9-10,5-3;14-5;14-15;8-14;4-12;11-8,14-15,49,15
random,random_robot_20,10,6,1,SimpleHill,0-0,0,69,14-15,10-24;8-8;22-19;7-19;11-22;9-14,22-19,65,16
random,random_robot_20,10,6,1,SimpleHill,0-0,0,70,22-19,27-23;25-13;26-12;26-20;23-11;14-15,25-13,60,-5
random,random_robot_20,10,6,1,SimpleHill,0-0,0,71,25-13,28-17;29-21;23-22;20-13;26-16;28-14,28-14,64,4
random,random_robot_20,10,6,1,SimpleHill,0-0,0,72,28-14,25-10;24-11;26-23;31-16;19-12;18-14,26-23,73,9
random,random_robot_20,10,6,1,SimpleHill,0-0,0,73,26-23,28-16;19-17;33-21;29-31;22-20;23-15,19-17,59,-14
random,random_robot_20,10,6,1,SimpleHill,0-0,0,74,19-17,27-23;24-23;13-18;13-9;26-21;17-14,27-23,74,15
random,random_robot_20,10,6,1,SimpleHill,0-0,0,75,27-23,23-31;23-23;25-25;29-29;28-25;28-31,25-25,75,1
random,random_robot_20,10,6,1,SimpleHill,0-0,0,76,25-25,27-24;25-35;22-21;34-25;24-34;32-19,22-21,67,-8
random,random_robot_20,10,6,1,SimpleHill,0-0,0,77,22-21,27-17;23-13;18-21;18-28;13-22;29-17,13-22,56,-11
random,random_robot_20,10,6,1,SimpleHill,0-0,0,78,13-22,21-28;14-15;20-20;19-29;16-19;15-26,16-19,57,1
random,random_robot_20,10,6,1,SimpleHill,0-0,0,79,16-19,10-14;17-16;14-17;12-23;16-26;16-21,12-23,56,-1
