simulation_type,subj_id,sight_radius,n_gabors,block_ix,landscape_name,starting_pos,starting_score,trial,pos,stims,selected,score,delta
random,random_robot_39,10,6,1,SimpleHill,0-0,0,0,0-0,4-9;4-2;3-3;6-5;4-8;1-0,4-2,11,11
random,random_robot_39,10,6,1,SimpleHill,0-0,0,1,4-2,2-6;0-3;5-11;10-0;5-8;13-1,0-3,5,-6
random,random_robot_39,10,6,1,SimpleHill,0-0,0,2,0-3,4-10;1-2;2-7;6-7;6-4;9-1,1-2,5,0
random,random_robot_39,10,6,1,SimpleHill,0-0,0,3,1-2,10-3;7-7;8-7;8-8;2-4;4-10,10-3,23,18
random,random_robot_39,10,6,1,SimpleHill,0-0,0,4,10-3,9-11;12-11;1-1;17-3;8-5;10-2,8-5,24,1
random,random_robot_39,10,6,1,SimpleHill,0-0,0,5,8-5,16-3;13-0;0-11;4-3;7-0;13-4,4-3,13,-11
random,random_robot_39,10,6,1,SimpleHill,0-0,0,6,4-3,1-8;12-1;11-10;7-3;11-1;1-1,7-3,18,5
random,random_robot_39,10,6,1,SimpleHill,0-0,0,7,7-3,8-3;16-2;3-3;2-1;4-7;6-5,8-3,20,2
random,random_robot_39,10,6,1,SimpleHill,0-0,0,8,8-3,17-3;3-10;2-9;5-6;12-2;10-6,12-2,25,5
random,random_robot_39,10,6,1,SimpleHill,0-0,0,9,12-2,7-2;18-5;11-4;17-10;18-8;10-4,17-10,46,21
random,random_robot_39,10,6,1,SimpleHill,0-0,0,10,17-10,24-15;20-13;24-17;22-5;18-1;11-9,22-5,43,-3
random,random_robot_39,10,6,1,SimpleHill,0-0,0,11,22-5,14-2;27-13;19-7;25-3;27-3;31-3,31-3,48,5
random,random_robot_39,10,6,1,SimpleHill,0-0,0,12,31-3,32-7;27-11;36-11;40-0;23-4;38-5,38-5,56,8
random,random_robot_39,10,6,1,SimpleHill,0-0,0,13,38-5,45-7;45-10;38-11;32-7;36-12;45-0,36-12,67,11
random,random_robot_39,10,6,1,SimpleHill,0-0,0,14,36-12,38-3;38-17;41-15;42-13;44-16;31-18,44-16,76,9
random,random_robot_39,10,6,1,SimpleHill,0-0,0,15,44-16,38-12;38-9;53-18;35-19;45-10;51-11,38-12,68,-8
random,random_robot_39,10,6,1,SimpleHill,0-0,0,16,38-12,37-15;35-6;33-5;41-16;44-5;29-9,35-6,56,-12
random,random_robot_39,10,6,1,SimpleHill,0-0,0,17,35-6,30-12;30-13;30-10;42-5;44-9;32-2,44-9,65,9
random,random_robot_39,10,6,1,SimpleHill,0-0,0,18,44-9,41-11;50-3;45-8;51-3;38-1;38-14,50-3,55,-10
random,random_robot_39,10,6,1,SimpleHill,0-0,0,19,50-3,50-11;49-5;48-10;47-10;59-2;49-1,50-11,69,14
random,random_robot_39,10,6,1,SimpleHill,0-0,0,20,50-11,51-7;58-12;52-6;49-19;46-2;47-17,46-2,53,-16
random,random_robot_39,10,6,1,SimpleHill,0-0,0,21,46-2,45-11;45-6;52-7;43-4;43-6;53-9,43-6,60,7
random,random_robot_39,10,6,1,SimpleHill,0-0,0,22,43-6,48-4;35-2;47-9;37-7;42-6;38-8,42-6,60,0
random,random_robot_39,10,6,1,SimpleHill,0-0,0,23,42-6,50-4;36-14;38-4;42-14;46-4;47-9,42-14,72,12
random,random_robot_39,10,6,1,SimpleHill,0-0,0,24,42-14,39-6;35-14;49-20;35-7;42-19;40-20,40-20,80,8
random,random_robot_39,10,6,1,SimpleHill,0-0,0,25,40-20,45-24;35-25;34-19;46-24;41-17;41-13,35-25,83,3
random,random_robot_39,10,6,1,SimpleHill,0-0,0,26,35-25,38-18;43-21;37-34;32-32;30-28;30-30,30-30,84,1
random,random_robot_39,10,6,1,SimpleHill,0-0,0,27,30-30,23-28;34-33;32-27;29-28;35-33;33-27,35-33,89,5
random,random_robot_39,10,6,1,SimpleHill,0-0,0,28,35-33,33-31;40-26;37-36;26-34;39-29;31-37,33-31,87,-2
random,random_robot_39,10,6,1,SimpleHill,0-0,0,29,33-31,37-37;33-24;27-23;41-26;30-26;31-29,37-37,93,6
random,random_robot_39,10,6,1,SimpleHill,0-0,0,30,37-37,40-43;41-40;35-32;44-36;30-30;34-44,40-43,97,4
random,random_robot_39,10,6,1,SimpleHill,0-0,0,31,40-43,32-48;47-47;44-38;41-40;31-39;41-41,41-41,96,-1
random,random_robot_39,10,6,1,SimpleHill,0-0,0,32,41-41,43-38;44-43;38-33;41-31;36-45;50-38,44-43,98,2
random,random_robot_39,10,6,1,SimpleHill,0-0,0,33,44-43,43-47;52-44;49-41;39-45;50-43;40-36,49-41,98,0
random,random_robot_39,10,6,1,SimpleHill,0-0,0,34,49-41,53-43;52-47;51-40;49-47;55-38;50-36,52-47,99,1
random,random_robot_39,10,6,1,SimpleHill,0-0,0,35,52-47,58-44;53-42;50-56;58-43;62-47;50-42,50-42,98,-1
random,random_robot_39,10,6,1,SimpleHill,0-0,0,36,50-42,49-33;55-47;55-50;52-49;53-42;52-47,52-47,99,1
random,random_robot_39,10,6,1,SimpleHill,0-0,0,37,52-47,51-38;52-54;51-53;49-51;57-51;51-48,52-54,99,0
random,random_robot_39,10,6,1,SimpleHill,0-0,0,38,52-54,54-63;59-52;51-61;45-51;52-57;58-59,52-57,98,-1
random,random_robot_39,10,6,1,SimpleHill,0-0,0,39,52-57,52-55;58-50;52-54;53-65;56-55;50-64,50-64,96,-2
random,random_robot_39,10,6,1,SimpleHill,0-0,0,40,50-64,51-68;55-66;53-67;59-65;47-62;57-58,51-68,93,-3
random,random_robot_39,10,6,1,SimpleHill,0-0,0,41,51-68,60-70;47-70;52-69;52-63;56-69;57-65,60-70,90,-3
random,random_robot_39,10,6,1,SimpleHill,0-0,0,42,60-70,65-64;54-66;54-67;56-68;61-68;56-63,56-68,92,2
random,random_robot_39,10,6,1,SimpleHill,0-0,0,43,56-68,64-69;60-61;57-64;50-66;60-60;47-66,60-61,95,3
random,random_robot_39,10,6,1,SimpleHill,0-0,0,44,60-61,51-62;56-58;68-66;52-56;53-59;61-62,51-62,97,2
random,random_robot_39,10,6,1,SimpleHill,0-0,0,45,51-62,53-63;54-66;49-69;51-70;47-64;55-65,53-63,96,-1
random,random_robot_39,10,6,1,SimpleHill,0-0,0,46,53-63,53-60;48-64;52-61;61-63;44-65;46-57,53-60,97,1
random,random_robot_39,10,6,1,SimpleHill,0-0,0,47,53-60,59-61;56-55;57-62;59-58;48-58;57-57,57-57,98,1
random,random_robot_39,10,6,1,SimpleHill,0-0,0,48,57-57,53-56;57-55;60-54;61-63;60-51;64-50,53-56,99,1
random,random_robot_39,10,6,1,SimpleHill,0-0,0,49,53-56,54-54;47-48;54-60;51-48;59-53;50-63,59-53,98,-1
random,random_robot_39,10,6,1,SimpleHill,0-0,0,50,59-53,60-61;66-57;52-46;58-56;66-48;62-47,66-57,93,-5
random,random_robot_39,10,6,1,SimpleHill,0-0,0,51,66-57,63-64;61-58;66-50;62-48;63-53;64-58,63-64,92,-1
random,random_robot_39,10,6,1,SimpleHill,0-0,0,52,63-64,67-63;64-64;67-69;68-67;65-70;70-70,67-63,90,-2
random,random_robot_39,10,6,1,SimpleHill,0-0,0,53,67-63,58-65;66-56;62-65;70-67;66-54;67-59,66-56,94,4
random,random_robot_39,10,6,1,SimpleHill,0-0,0,54,66-56,60-60;63-55;69-62;63-64;66-53;63-56,63-64,92,-2
random,random_robot_39,10,6,1,SimpleHill,0-0,0,55,63-64,57-69;69-68;67-67;61-69;56-58;58-67,61-69,90,-2
random,random_robot_39,10,6,1,SimpleHill,0-0,0,56,61-69,67-63;55-65;54-68;59-65;69-70;67-65,59-65,93,3
random,random_robot_39,10,6,1,SimpleHill,0-0,0,57,59-65,52-66;64-63;64-66;60-64;53-58;62-61,64-63,92,-1
random,random_robot_39,10,6,1,SimpleHill,0-0,0,58,64-63,67-59;64-53;68-65;61-61;69-59;60-64,67-59,92,0
random,random_robot_39,10,6,1,SimpleHill,0-0,0,59,67-59,67-64;69-63;57-59;61-55;67-50;61-62,57-59,97,5
random,random_robot_39,10,6,1,SimpleHill,0-0,0,60,57-59,53-66;56-51;51-54;59-60;52-54;50-59,56-51,99,2
random,random_robot_39,10,6,1,SimpleHill,0-0,0,61,56-51,58-48;63-49;63-52;64-54;57-47;47-52,63-49,96,-3
random,random_robot_39,10,6,1,SimpleHill,0-0,0,62,63-49,69-44;67-43;60-57;67-53;56-46;59-42,60-57,97,1
random,random_robot_39,10,6,1,SimpleHill,0-0,0,63,60-57,66-54;61-51;54-54;66-62;52-62;66-52,61-51,97,0
random,random_robot_39,10,6,1,SimpleHill,0-0,0,64,61-51,53-49;65-44;55-48;68-48;55-57;55-50,65-44,94,-3
random,random_robot_39,10,6,1,SimpleHill,0-0,0,65,65-44,66-44;63-40;62-50;55-44;64-38;64-37,62-50,97,3
random,random_robot_39,10,6,1,SimpleHill,0-0,0,66,62-50,64-43;66-44;59-52;59-42;60-44;69-54,69-54,92,-5
random,random_robot_39,10,6,1,SimpleHill,0-0,0,67,69-54,69-64;65-58;69-56;70-63;65-63;66-46,65-58,94,2
random,random_robot_39,10,6,1,SimpleHill,0-0,0,68,65-58,67-65;60-57;66-63;63-52;69-49;62-63,69-49,92,-2
random,random_robot_39,10,6,1,SimpleHill,0-0,0,69,69-49,65-41;70-42;62-49;67-55;60-53;67-41,60-53,97,5
random,random_robot_39,10,6,1,SimpleHill,0-0,0,70,60-53,63-62;61-57;65-54;51-52;62-57;54-45,61-57,96,-1
random,random_robot_39,10,6,1,SimpleHill,0-0,0,71,61-57,68-64;65-63;70-56;55-54;54-63;64-48,70-56,91,-5
random,random_robot_39,10,6,1,SimpleHill,0-0,0,72,70-56,68-53;68-52;62-59;70-62;61-56;69-59,61-56,96,5
random,random_robot_39,10,6,1,SimpleHill,0-0,0,73,61-56,65-49;70-53;60-63;60-60;66-53;64-48,60-63,94,-2
random,random_robot_39,10,6,1,SimpleHill,0-0,0,74,60-63,58-67;54-57;58-69;64-60;61-60;52-65,58-69,91,-3
random,random_robot_39,10,6,1,SimpleHill,0-0,0,75,58-69,65-67;54-64;62-65;66-63;57-67;67-66,62-65,92,1
random,random_robot_39,10,6,1,SimpleHill,0-0,0,76,62-65,58-57;60-67;59-64;64-56;58-66;57-58,64-56,95,3
random,random_robot_39,10,6,1,SimpleHill,0-0,0,77,64-56,67-61;68-50;66-54;59-55;55-57;64-50,66-54,94,-1
random,random_robot_39,10,6,1,SimpleHill,0-0,0,78,66-54,61-58;64-52;60-56;70-58;66-44;64-56,66-44,94,0
random,random_robot_39,10,6,1,SimpleHill,0-0,0,79,66-44,58-44;67-40;57-46;61-37;62-37;65-39,62-37,93,-1
