simulation_type,subj_id,sight_radius,n_gabors,block_ix,landscape_name,starting_pos,starting_score,trial,pos,stims,selected,score,delta
random,random_robot_166,10,6,1,SimpleHill,0-0,0,0,0-0,4-1;7-6;0-3;8-3;3-8;1-4,1-4,9,9
random,random_robot_166,10,6,1,SimpleHill,0-0,0,1,1-4,3-7;0-12;1-0;10-6;0-11;5-12,0-12,21,12
random,random_robot_166,10,6,1,SimpleHill,0-0,0,2,0-12,3-8;7-7;10-12;5-14;7-14;7-10,7-10,31,10
random,random_robot_166,10,6,1,SimpleHill,0-0,0,3,7-10,7-3;1-11;15-16;7-8;12-17;9-11,1-11,21,-10
random,random_robot_166,10,6,1,SimpleHill,0-0,0,4,1-11,5-5;1-5;3-5;9-12;10-15;5-11,10-15,43,22
random,random_robot_166,10,6,1,SimpleHill,0-0,0,5,10-15,11-22;11-12;8-19;13-16;10-10;7-21,10-10,36,-7
random,random_robot_166,10,6,1,SimpleHill,0-0,0,6,10-10,11-9;13-18;0-10;18-15;2-15;16-9,2-15,29,-7
random,random_robot_166,10,6,1,SimpleHill,0-0,0,7,2-15,2-12;2-17;6-16;5-6;8-11;5-9,2-17,32,3
random,random_robot_166,10,6,1,SimpleHill,0-0,0,8,2-17,2-17;9-21;8-24;11-21;4-10;9-22,8-24,51,19
random,random_robot_166,10,6,1,SimpleHill,0-0,0,9,8-24,8-24;10-18;3-32;2-32;13-19;12-21,13-19,53,2
random,random_robot_166,10,6,1,SimpleHill,0-0,0,10,13-19,13-12;14-19;23-19;14-23;9-11;12-22,23-19,66,13
random,random_robot_166,10,6,1,SimpleHill,0-0,0,11,23-19,19-18;22-20;20-28;30-17;21-25;21-12,30-17,70,4
random,random_robot_166,10,6,1,SimpleHill,0-0,0,12,30-17,31-22;26-8;25-19;33-11;29-25;27-9,33-11,63,-7
random,random_robot_166,10,6,1,SimpleHill,0-0,0,13,33-11,31-20;26-9;28-14;40-7;40-17;32-20,31-20,74,11
random,random_robot_166,10,6,1,SimpleHill,0-0,0,14,31-20,37-24;30-26;23-22;27-16;31-12;35-14,37-24,83,9
random,random_robot_166,10,6,1,SimpleHill,0-0,0,15,37-24,45-29;32-25;32-29;34-30;37-18;33-21,37-18,76,-7
random,random_robot_166,10,6,1,SimpleHill,0-0,0,16,37-18,44-20;44-22;36-27;34-9;37-11;42-13,36-27,85,9
random,random_robot_166,10,6,1,SimpleHill,0-0,0,17,36-27,36-30;34-28;30-22;41-24;30-31;34-18,34-28,85,0
random,random_robot_166,10,6,1,SimpleHill,0-0,0,18,34-28,42-33;36-26;37-29;34-37;30-22;39-33,30-22,76,-9
random,random_robot_166,10,6,1,SimpleHill,0-0,0,19,30-22,23-27;22-23;37-16;35-24;33-13;23-26,37-16,73,-3
random,random_robot_166,10,6,1,SimpleHill,0-0,0,20,37-16,39-20;37-18;41-7;37-19;45-20;45-22,39-20,79,6
random,random_robot_166,10,6,1,SimpleHill,0-0,0,21,39-20,36-24;43-24;41-26;45-14;43-19;35-12,43-24,85,6
random,random_robot_166,10,6,1,SimpleHill,0-0,0,22,43-24,40-23;41-16;42-33;46-26;35-24;37-19,41-16,75,-10
random,random_robot_166,10,6,1,SimpleHill,0-0,0,23,41-16,33-17;47-20;38-17;47-10;35-13;44-15,47-20,81,6
random,random_robot_166,10,6,1,SimpleHill,0-0,0,24,47-20,50-25;51-17;46-24;47-13;48-12;45-23,46-24,86,5
random,random_robot_166,10,6,1,SimpleHill,0-0,0,25,46-24,47-23;51-22;51-20;42-21;49-21;37-22,49-21,83,-3
random,random_robot_166,10,6,1,SimpleHill,0-0,0,26,49-21,46-12;52-19;55-25;46-13;55-28;56-23,55-28,89,6
random,random_robot_166,10,6,1,SimpleHill,0-0,0,27,55-28,59-27;58-34;58-28;61-35;56-37;51-21,51-21,83,-6
random,random_robot_166,10,6,1,SimpleHill,0-0,0,28,51-21,44-25;54-15;45-29;54-19;48-28;45-22,54-19,80,-3
random,random_robot_166,10,6,1,SimpleHill,0-0,0,29,54-19,45-21;62-24;56-14;49-17;53-28;60-19,62-24,83,3
random,random_robot_166,10,6,1,SimpleHill,0-0,0,30,62-24,64-24;58-17;69-18;53-28;55-24;59-22,64-24,82,-1
random,random_robot_166,10,6,1,SimpleHill,0-0,0,31,64-24,62-21;69-31;66-32;68-19;61-28;63-19,63-19,77,-5
random,random_robot_166,10,6,1,SimpleHill,0-0,0,32,63-19,58-16;57-14;65-14;64-19;68-23;66-13,58-16,75,-2
random,random_robot_166,10,6,1,SimpleHill,0-0,0,33,58-16,59-19;52-15;55-12;54-21;65-13;60-16,59-19,79,4
random,random_robot_166,10,6,1,SimpleHill,0-0,0,34,59-19,62-19;59-20;55-14;65-22;57-24;64-18,55-14,73,-6
random,random_robot_166,10,6,1,SimpleHill,0-0,0,35,55-14,60-20;50-16;49-14;57-22;64-13;51-14,60-20,80,7
random,random_robot_166,10,6,1,SimpleHill,0-0,0,36,60-20,67-22;65-12;59-29;51-23;53-14;66-16,53-14,73,-7
random,random_robot_166,10,6,1,SimpleHill,0-0,0,37,53-14,45-15;46-14;59-20;54-6;60-9;56-13,46-14,73,0
random,random_robot_166,10,6,1,SimpleHill,0-0,0,38,46-14,51-9;48-7;51-16;44-22;55-12;42-16,48-7,62,-11
random,random_robot_166,10,6,1,SimpleHill,0-0,0,39,48-7,53-9;48-3;44-11;48-6;51-3;42-6,48-3,55,-7
random,random_robot_166,10,6,1,SimpleHill,0-0,0,40,48-3,48-10;41-9;47-6;56-3;45-10;40-3,45-10,67,12
random,random_robot_166,10,6,1,SimpleHill,0-0,0,41,45-10,49-18;49-13;38-7;39-15;53-10;36-10,36-10,64,-3
random,random_robot_166,10,6,1,SimpleHill,0-0,0,42,36-10,35-10;32-19;40-4;41-11;29-7;38-8,40-4,55,-9
random,random_robot_166,10,6,1,SimpleHill,0-0,0,43,40-4,40-4;46-12;40-7;48-6;48-5;44-3,40-7,61,6
random,random_robot_166,10,6,1,SimpleHill,0-0,0,44,40-7,38-1;46-13;36-12;48-9;46-6;41-16,48-9,66,5
random,random_robot_166,10,6,1,SimpleHill,0-0,0,45,48-9,56-6;51-18;45-2;41-3;41-16;42-11,41-3,54,-12
random,random_robot_166,10,6,1,SimpleHill,0-0,0,46,41-3,50-0;47-1;36-1;36-5;49-6;45-10,36-1,48,-6
random,random_robot_166,10,6,1,SimpleHill,0-0,0,47,36-1,35-2;43-2;27-3;30-4;43-8;35-9,35-9,61,13
random,random_robot_166,10,6,1,SimpleHill,0-0,0,48,35-9,29-10;35-15;32-3;29-2;41-14;38-15,32-3,49,-12
random,random_robot_166,10,6,1,SimpleHill,0-0,0,49,32-3,40-0;33-2;32-0;31-7;34-12;30-0,34-12,66,17
random,random_robot_166,10,6,1,SimpleHill,0-0,0,50,34-12,43-13;33-17;28-7;40-20;30-5;25-10,33-17,72,6
random,random_robot_166,10,6,1,SimpleHill,0-0,0,51,33-17,36-23;39-10;38-10;36-9;29-11;37-25,37-25,84,12
random,random_robot_166,10,6,1,SimpleHill,0-0,0,52,37-25,32-30;34-16;41-21;28-29;38-17;36-22,38-17,75,-9
random,random_robot_166,10,6,1,SimpleHill,0-0,0,53,38-17,30-17;39-12;43-10;30-18;42-16;39-9,30-17,70,-5
random,random_robot_166,10,6,1,SimpleHill,0-0,0,54,30-17,21-21;33-10;33-23;32-9;26-20;36-24,33-10,62,-8
random,random_robot_166,10,6,1,SimpleHill,0-0,0,55,33-10,36-13;36-11;27-15;33-8;31-13;39-12,39-12,68,6
random,random_robot_166,10,6,1,SimpleHill,0-0,0,56,39-12,44-16;39-12;40-14;48-9;44-20;47-16,40-14,72,4
random,random_robot_166,10,6,1,SimpleHill,0-0,0,57,40-14,40-16;42-9;35-18;38-15;45-8;40-7,45-8,64,-8
random,random_robot_166,10,6,1,SimpleHill,0-0,0,58,45-8,41-12;37-9;52-9;53-5;42-14;40-3,41-12,69,5
random,random_robot_166,10,6,1,SimpleHill,0-0,0,59,41-12,48-8;37-4;42-21;40-9;38-10;44-20,44-20,81,12
random,random_robot_166,10,6,1,SimpleHill,0-0,0,60,44-20,46-14;48-21;42-23;48-16;45-24;46-15,45-24,85,4
random,random_robot_166,10,6,1,SimpleHill,0-0,0,61,45-24,45-20;50-18;47-33;39-29;50-23;40-21,45-20,81,-4
random,random_robot_166,10,6,1,SimpleHill,0-0,0,62,45-20,47-28;49-13;44-24;47-21;54-19;39-27,49-13,72,-9
random,random_robot_166,10,6,1,SimpleHill,0-0,0,63,49-13,53-4;52-11;46-8;45-16;41-17;49-20,46-8,64,-8
random,random_robot_166,10,6,1,SimpleHill,0-0,0,64,46-8,47-12;52-15;47-17;40-14;46-5;47-8,46-5,59,-5
random,random_robot_166,10,6,1,SimpleHill,0-0,0,65,46-5,42-6;52-4;37-7;54-5;44-14;41-3,41-3,54,-5
random,random_robot_166,10,6,1,SimpleHill,0-0,0,66,41-3,37-10;38-8;33-5;39-1;35-5;41-11,37-10,64,10
random,random_robot_166,10,6,1,SimpleHill,0-0,0,67,37-10,37-7;43-7;32-14;45-7;28-12;41-9,37-7,59,-5
random,random_robot_166,10,6,1,SimpleHill,0-0,0,68,37-7,42-14;39-0;37-6;36-10;45-10;29-10,29-10,59,0
random,random_robot_166,10,6,1,SimpleHill,0-0,0,69,29-10,21-7;33-9;22-10;21-15;28-18;32-4,22-10,52,-7
random,random_robot_166,10,6,1,SimpleHill,0-0,0,70,22-10,30-11;19-2;18-16;15-16;22-19;22-3,22-19,65,13
random,random_robot_166,10,6,1,SimpleHill,0-0,0,71,22-19,30-18;25-22;31-16;27-23;23-10;19-15,25-22,71,6
random,random_robot_166,10,6,1,SimpleHill,0-0,0,72,25-22,17-20;19-14;23-27;29-27;30-26;28-27,19-14,54,-17
random,random_robot_166,10,6,1,SimpleHill,0-0,0,73,19-14,17-21;22-8;10-18;13-20;18-15;22-6,13-20,54,0
random,random_robot_166,10,6,1,SimpleHill,0-0,0,74,13-20,19-23;9-17;18-26;8-20;5-23;13-16,18-26,68,14
random,random_robot_166,10,6,1,SimpleHill,0-0,0,75,18-26,18-33;11-23;16-25;21-34;28-26;14-19,16-25,64,-4
random,random_robot_166,10,6,1,SimpleHill,0-0,0,76,16-25,20-30;12-18;15-16;15-29;16-23;21-30,12-18,50,-14
random,random_robot_166,10,6,1,SimpleHill,0-0,0,77,12-18,17-18;7-22;17-19;15-13;14-26;7-14,17-18,57,7
random,random_robot_166,10,6,1,SimpleHill,0-0,0,78,17-18,19-23;18-19;17-10;20-27;14-21;24-23,17-10,46,-11
random,random_robot_166,10,6,1,SimpleHill,0-0,0,79,17-10,15-9;19-2;9-4;15-16;19-9;9-9,15-16,52,6
