simulation_type,subj_id,sight_radius,n_gabors,block_ix,landscape_name,starting_pos,starting_score,trial,pos,stims,selected,score,delta
random,random_robot_38,10,6,1,SimpleHill,0-0,0,0,0-0,1-9;2-1;7-2;7-4;5-0;1-6,2-1,5,5
random,random_robot_38,10,6,1,SimpleHill,0-0,0,1,2-1,0-2;9-0;1-6;5-8;6-5;8-6,5-8,24,19
random,random_robot_38,10,6,1,SimpleHill,0-0,0,2,5-8,1-4;1-8;11-12;7-2;0-4;10-1,10-1,19,-5
random,random_robot_38,10,6,1,SimpleHill,0-0,0,3,10-1,1-3;4-2;11-3;1-0;8-8;11-9,1-0,1,-18
random,random_robot_38,10,6,1,SimpleHill,0-0,0,4,1-0,3-7;7-3;6-7;7-8;3-8;1-3,3-8,20,19
random,random_robot_38,10,6,1,SimpleHill,0-0,0,5,3-8,2-4;1-11;8-15;9-5;7-11;7-3,7-11,32,12
random,random_robot_38,10,6,1,SimpleHill,0-0,0,6,7-11,3-8;15-13;16-10;9-10;13-8;9-8,16-10,44,12
random,random_robot_38,10,6,1,SimpleHill,0-0,0,7,16-10,7-8;25-13;7-11;16-7;19-14;23-10,25-13,60,16
random,random_robot_38,10,6,1,SimpleHill,0-0,0,8,25-13,27-6;35-13;19-11;28-21;15-13;27-9,35-13,68,8
random,random_robot_38,10,6,1,SimpleHill,0-0,0,9,35-13,38-20;26-13;31-15;35-13;34-21;39-4,34-21,78,10
random,random_robot_38,10,6,1,SimpleHill,0-0,0,10,34-21,41-18;26-22;44-21;43-20;33-26;35-17,41-18,77,-1
random,random_robot_38,10,6,1,SimpleHill,0-0,0,11,41-18,48-25;34-12;40-17;33-21;39-10;36-20,40-17,76,-1
random,random_robot_38,10,6,1,SimpleHill,0-0,0,12,40-17,40-14;48-21;37-21;37-25;38-18;35-11,48-21,83,7
random,random_robot_38,10,6,1,SimpleHill,0-0,0,13,48-21,53-18;51-18;43-13;42-13;42-18;42-22,42-22,83,0
random,random_robot_38,10,6,1,SimpleHill,0-0,0,14,42-22,46-30;40-16;33-20;46-15;46-16;33-19,33-19,75,-8
random,random_robot_38,10,6,1,SimpleHill,0-0,0,15,33-19,25-24;33-25;39-25;26-20;30-27;33-21,30-27,81,6
random,random_robot_38,10,6,1,SimpleHill,0-0,0,16,30-27,29-30;36-27;32-19;24-21;30-29;38-33,24-21,69,-12
random,random_robot_38,10,6,1,SimpleHill,0-0,0,17,24-21,19-27;31-22;30-25;28-28;32-16;31-19,31-22,77,8
random,random_robot_38,10,6,1,SimpleHill,0-0,0,18,31-22,35-29;28-30;32-27;30-18;31-12;35-20,32-27,82,5
random,random_robot_38,10,6,1,SimpleHill,0-0,0,19,32-27,33-20;28-29;31-26;27-23;27-34;36-32,36-32,89,7
random,random_robot_38,10,6,1,SimpleHill,0-0,0,20,36-32,39-40;42-27;31-28;37-28;43-36;31-36,31-36,88,-1
random,random_robot_38,10,6,1,SimpleHill,0-0,0,21,31-36,32-43;36-42;28-38;24-43;25-35;23-42,23-42,84,-4
random,random_robot_38,10,6,1,SimpleHill,0-0,0,22,23-42,32-44;26-34;23-34;25-51;24-41;25-34,26-34,83,-1
random,random_robot_38,10,6,1,SimpleHill,0-0,0,23,26-34,28-43;22-33;24-29;24-41;30-34;26-29,28-43,89,6
random,random_robot_38,10,6,1,SimpleHill,0-0,0,24,28-43,23-43;32-44;34-49;28-46;23-40;21-40,34-49,94,5
random,random_robot_38,10,6,1,SimpleHill,0-0,0,25,34-49,27-51;37-46;37-47;34-50;39-54;42-46,34-50,94,0
random,random_robot_38,10,6,1,SimpleHill,0-0,0,26,34-50,42-55;26-45;37-55;27-48;30-42;33-46,27-48,89,-5
random,random_robot_38,10,6,1,SimpleHill,0-0,0,27,27-48,30-43;32-41;30-49;32-51;34-52;32-56,32-56,92,3
random,random_robot_38,10,6,1,SimpleHill,0-0,0,28,32-56,31-56;35-51;38-64;32-65;41-52;31-65,32-65,89,-3
random,random_robot_38,10,6,1,SimpleHill,0-0,0,29,32-65,30-56;36-69;35-62;23-65;29-66;40-61,23-65,80,-9
random,random_robot_38,10,6,1,SimpleHill,0-0,0,30,23-65,31-59;20-66;18-64;25-69;28-68;14-68,25-69,80,0
random,random_robot_38,10,6,1,SimpleHill,0-0,0,31,25-69,30-69;29-68;31-61;28-68;33-66;33-65,33-66,89,9
random,random_robot_38,10,6,1,SimpleHill,0-0,0,32,33-66,31-69;39-67;26-66;41-60;29-68;39-59,29-68,84,-5
random,random_robot_38,10,6,1,SimpleHill,0-0,0,33,29-68,29-65;37-65;36-67;38-65;28-68;35-62,35-62,92,8
random,random_robot_38,10,6,1,SimpleHill,0-0,0,34,35-62,42-60;34-55;37-53;33-55;31-65;41-64,31-65,88,-4
random,random_robot_38,10,6,1,SimpleHill,0-0,0,35,31-65,36-67;29-68;34-62;34-65;32-61;25-63,34-65,90,2
random,random_robot_38,10,6,1,SimpleHill,0-0,0,36,34-65,29-59;41-66;37-64;25-61;25-62;43-62,25-61,85,-5
random,random_robot_38,10,6,1,SimpleHill,0-0,0,37,25-61,32-54;19-53;27-66;34-63;29-52;23-66,27-66,84,-1
random,random_robot_38,10,6,1,SimpleHill,0-0,0,38,27-66,35-67;30-62;29-67;25-70;22-70;24-61,22-70,76,-8
random,random_robot_38,10,6,1,SimpleHill,0-0,0,39,22-70,24-70;16-65;24-69;29-63;28-68;16-66,29-63,87,11
random,random_robot_38,10,6,1,SimpleHill,0-0,0,40,29-63,25-54;25-61;29-57;21-63;38-67;31-64,38-67,91,4
random,random_robot_38,10,6,1,SimpleHill,0-0,0,41,38-67,47-65;31-69;45-70;45-68;37-59;35-69,35-69,88,-3
random,random_robot_38,10,6,1,SimpleHill,0-0,0,42,35-69,39-65;32-67;28-67;39-69;27-65;27-69,39-69,90,2
random,random_robot_38,10,6,1,SimpleHill,0-0,0,43,39-69,33-61;32-68;46-63;32-67;34-63;48-66,32-67,87,-3
random,random_robot_38,10,6,1,SimpleHill,0-0,0,44,32-67,24-65;26-64;36-63;28-70;31-61;33-69,33-69,87,0
random,random_robot_38,10,6,1,SimpleHill,0-0,0,45,33-69,33-66;29-70;35-67;24-69;38-66;35-63,38-66,92,5
random,random_robot_38,10,6,1,SimpleHill,0-0,0,46,38-66,29-70;40-66;38-70;38-58;43-60;31-62,40-66,92,0
random,random_robot_38,10,6,1,SimpleHill,0-0,0,47,40-66,32-68;34-63;33-62;44-57;45-58;41-63,41-63,95,3
random,random_robot_38,10,6,1,SimpleHill,0-0,0,48,41-63,36-61;47-63;43-64;36-57;36-67;37-65,43-64,95,0
random,random_robot_38,10,6,1,SimpleHill,0-0,0,49,43-64,37-65;47-62;40-57;49-61;40-63;35-70,49-61,97,2
random,random_robot_38,10,6,1,SimpleHill,0-0,0,50,49-61,47-53;55-53;53-52;43-63;51-65;50-59,50-59,98,1
random,random_robot_38,10,6,1,SimpleHill,0-0,0,51,50-59,49-60;58-59;53-67;45-66;42-61;51-66,51-66,94,-4
random,random_robot_38,10,6,1,SimpleHill,0-0,0,52,51-66,48-60;43-63;59-69;45-58;59-66;49-59,43-63,95,1
random,random_robot_38,10,6,1,SimpleHill,0-0,0,53,43-63,48-55;44-66;45-56;49-68;35-63;46-66,35-63,92,-3
random,random_robot_38,10,6,1,SimpleHill,0-0,0,54,35-63,33-68;28-62;34-63;28-63;34-68;32-65,28-62,87,-5
random,random_robot_38,10,6,1,SimpleHill,0-0,0,55,28-62,33-54;34-62;26-58;23-58;35-62;31-67,26-58,87,0
random,random_robot_38,10,6,1,SimpleHill,0-0,0,56,26-58,22-62;20-66;23-64;33-64;21-55;35-55,35-55,95,8
random,random_robot_38,10,6,1,SimpleHill,0-0,0,57,35-55,29-47;31-61;37-57;37-46;29-53;34-57,29-53,91,-4
random,random_robot_38,10,6,1,SimpleHill,0-0,0,58,29-53,23-45;36-51;23-59;36-56;28-57;23-47,36-56,95,4
random,random_robot_38,10,6,1,SimpleHill,0-0,0,59,36-56,39-51;39-61;38-56;30-61;37-64;39-56,39-56,96,1
random,random_robot_38,10,6,1,SimpleHill,0-0,0,60,39-56,31-54;45-49;43-65;42-49;47-56;34-60,47-56,99,3
random,random_robot_38,10,6,1,SimpleHill,0-0,0,61,47-56,55-57;38-55;50-59;53-53;42-49;49-48,50-59,98,-1
random,random_robot_38,10,6,1,SimpleHill,0-0,0,62,50-59,56-65;56-66;54-53;48-50;48-63;50-50,50-50,100,2
random,random_robot_38,10,6,1,SimpleHill,0-0,0,63,50-50,55-55;47-50;49-46;44-55;57-57;53-42,55-55,99,-1
random,random_robot_38,10,6,1,SimpleHill,0-0,0,64,55-55,59-52;62-53;60-61;50-62;59-49;58-52,50-62,97,-2
random,random_robot_38,10,6,1,SimpleHill,0-0,0,65,50-62,48-53;57-60;43-68;55-59;59-65;41-58,55-59,97,0
random,random_robot_38,10,6,1,SimpleHill,0-0,0,66,55-59,63-57;61-57;50-64;61-56;59-53;50-56,50-56,99,2
random,random_robot_38,10,6,1,SimpleHill,0-0,0,67,50-56,56-53;53-52;51-58;54-48;45-59;57-56,56-53,99,0
random,random_robot_38,10,6,1,SimpleHill,0-0,0,68,56-53,51-58;54-58;62-56;60-56;59-48;51-53,51-53,99,0
random,random_robot_38,10,6,1,SimpleHill,0-0,0,69,51-53,54-58;48-62;58-50;44-51;48-47;53-59,58-50,98,-1
random,random_robot_38,10,6,1,SimpleHill,0-0,0,70,58-50,56-41;63-58;51-43;57-52;57-51;53-56,57-52,98,0
random,random_robot_38,10,6,1,SimpleHill,0-0,0,71,57-52,54-45;56-57;52-46;58-54;54-61;55-56,58-54,98,0
random,random_robot_38,10,6,1,SimpleHill,0-0,0,72,58-54,52-55;58-56;66-51;50-48;63-57;59-61,59-61,95,-3
random,random_robot_38,10,6,1,SimpleHill,0-0,0,73,59-61,56-70;51-66;53-53;55-61;58-65;51-61,53-53,99,4
random,random_robot_38,10,6,1,SimpleHill,0-0,0,74,53-53,49-49;47-50;49-53;50-53;53-45;47-45,47-45,99,0
random,random_robot_38,10,6,1,SimpleHill,0-0,0,75,47-45,46-37;55-51;45-43;50-51;51-50;51-46,51-50,99,0
random,random_robot_38,10,6,1,SimpleHill,0-0,0,76,51-50,49-52;48-49;59-46;59-56;51-54;47-50,48-49,99,0
random,random_robot_38,10,6,1,SimpleHill,0-0,0,77,48-49,43-45;51-52;51-49;54-52;56-44;43-41,51-52,99,0
random,random_robot_38,10,6,1,SimpleHill,0-0,0,78,51-52,58-48;55-57;48-59;53-58;45-58;53-57,53-58,98,-1
random,random_robot_38,10,6,1,SimpleHill,0-0,0,79,53-58,53-52;52-59;62-55;58-57;61-64;56-49,61-64,93,-5
