simulation_type,subj_id,sight_radius,n_gabors,block_ix,landscape_name,starting_pos,starting_score,trial,pos,stims,selected,score,delta
random,random_robot_65,10,6,1,SimpleHill,0-0,0,0,0-0,5-2;5-3;7-7;0-1;3-9;4-5,4-5,17,17
random,random_robot_65,10,6,1,SimpleHill,0-0,0,1,4-5,5-3;8-13;1-14;5-6;9-11;2-8,5-3,15,-2
random,random_robot_65,10,6,1,SimpleHill,0-0,0,2,5-3,13-9;11-10;5-8;10-9;9-0;14-5,14-5,33,18
random,random_robot_65,10,6,1,SimpleHill,0-0,0,3,14-5,10-8;15-1;21-12;21-4;21-7;12-6,10-8,32,-1
random,random_robot_65,10,6,1,SimpleHill,0-0,0,4,10-8,13-10;19-9;2-3;6-11;4-10;7-17,7-17,41,9
random,random_robot_65,10,6,1,SimpleHill,0-0,0,5,7-17,12-17;0-21;10-19;1-11;7-14;4-10,0-21,33,-8
random,random_robot_65,10,6,1,SimpleHill,0-0,0,6,0-21,6-15;0-29;4-19;3-13;8-19;0-17,6-15,36,3
random,random_robot_65,10,6,1,SimpleHill,0-0,0,7,6-15,15-18;4-20;14-19;3-8;10-8;5-23,5-23,44,8
random,random_robot_65,10,6,1,SimpleHill,0-0,0,8,5-23,6-16;3-19;6-21;12-21;0-24;11-28,3-19,36,-8
random,random_robot_65,10,6,1,SimpleHill,0-0,0,9,3-19,8-20;12-16;2-22;12-23;0-14;9-23,8-20,46,10
random,random_robot_65,10,6,1,SimpleHill,0-0,0,10,8-20,15-20;7-17;6-24;1-24;3-18;7-25,7-17,41,-5
random,random_robot_65,10,6,1,SimpleHill,0-0,0,11,7-17,6-17;6-24;7-16;12-21;1-18;0-24,6-24,47,6
random,random_robot_65,10,6,1,SimpleHill,0-0,0,12,6-24,8-26;8-32;0-22;7-26;13-24;8-28,0-22,34,-13
random,random_robot_65,10,6,1,SimpleHill,0-0,0,13,0-22,1-21;1-27;2-26;0-14;6-21;2-21,6-21,44,10
random,random_robot_65,10,6,1,SimpleHill,0-0,0,14,6-21,9-15;11-16;6-17;13-27;6-23;2-16,6-17,39,-5
random,random_robot_65,10,6,1,SimpleHill,0-0,0,15,6-17,1-20;14-22;9-16;13-16;13-17;1-23,9-16,43,4
random,random_robot_65,10,6,1,SimpleHill,0-0,0,16,9-16,5-8;12-16;17-10;0-15;5-13;15-22,17-10,46,3
random,random_robot_65,10,6,1,SimpleHill,0-0,0,17,17-10,24-10;23-18;13-6;19-15;18-17;18-5,13-6,33,-13
random,random_robot_65,10,6,1,SimpleHill,0-0,0,18,13-6,15-12;11-1;18-8;9-11;4-3;5-12,15-12,46,13
random,random_robot_65,10,6,1,SimpleHill,0-0,0,19,15-12,18-11;22-8;6-8;11-13;10-15;24-12,11-13,42,-4
random,random_robot_65,10,6,1,SimpleHill,0-0,0,20,11-13,17-16;17-17;12-4;12-7;16-20;6-17,17-16,55,13
random,random_robot_65,10,6,1,SimpleHill,0-0,0,21,17-16,17-20;23-14;22-17;13-13;17-22;11-14,17-22,62,7
random,random_robot_65,10,6,1,SimpleHill,0-0,0,22,17-22,14-21;8-21;16-24;10-29;20-25;21-22,10-29,59,-3
random,random_robot_65,10,6,1,SimpleHill,0-0,0,23,10-29,12-31;14-24;10-25;2-32;7-27;11-32,12-31,63,4
random,random_robot_65,10,6,1,SimpleHill,0-0,0,24,12-31,17-36;6-34;20-35;16-28;8-29;9-35,20-35,77,14
random,random_robot_65,10,6,1,SimpleHill,0-0,0,25,20-35,14-35;18-44;19-41;23-34;19-26;20-37,23-34,80,3
random,random_robot_65,10,6,1,SimpleHill,0-0,0,26,23-34,23-38;21-41;30-41;15-30;18-29;25-42,21-41,81,1
random,random_robot_65,10,6,1,SimpleHill,0-0,0,27,21-41,17-48;21-32;15-39;20-37;19-42;29-38,29-38,88,7
random,random_robot_65,10,6,1,SimpleHill,0-0,0,28,29-38,20-35;26-43;29-34;34-41;37-34;31-36,31-36,88,0
random,random_robot_65,10,6,1,SimpleHill,0-0,0,29,31-36,30-43;27-28;29-31;36-42;36-41;35-37,30-43,91,3
random,random_robot_65,10,6,1,SimpleHill,0-0,0,30,30-43,31-49;31-38;29-52;25-50;32-39;32-48,25-50,87,-4
random,random_robot_65,10,6,1,SimpleHill,0-0,0,31,25-50,18-47;21-48;23-45;28-47;21-59;26-42,28-47,90,3
random,random_robot_65,10,6,1,SimpleHill,0-0,0,32,28-47,32-56;23-40;34-39;31-44;34-43;26-45,31-44,92,2
random,random_robot_65,10,6,1,SimpleHill,0-0,0,33,31-44,30-49;33-53;32-51;30-35;35-45;31-52,35-45,95,3
random,random_robot_65,10,6,1,SimpleHill,0-0,0,34,35-45,35-48;34-44;30-42;38-50;43-51;36-37,34-44,94,-1
random,random_robot_65,10,6,1,SimpleHill,0-0,0,35,34-44,39-51;35-38;29-51;25-41;28-42;28-48,29-51,91,-3
random,random_robot_65,10,6,1,SimpleHill,0-0,0,36,29-51,35-45;24-44;28-49;34-54;32-57;35-50,32-57,92,1
random,random_robot_65,10,6,1,SimpleHill,0-0,0,37,32-57,31-53;31-57;25-51;32-65;33-66;27-54,27-54,89,-3
random,random_robot_65,10,6,1,SimpleHill,0-0,0,38,27-54,31-59;18-52;33-51;19-57;31-52;25-56,31-59,91,2
random,random_robot_65,10,6,1,SimpleHill,0-0,0,39,31-59,36-59;36-58;25-59;23-65;33-62;26-65,23-65,80,-11
random,random_robot_65,10,6,1,SimpleHill,0-0,0,40,23-65,32-68;22-69;30-69;29-70;21-58;23-69,30-69,84,4
random,random_robot_65,10,6,1,SimpleHill,0-0,0,41,30-69,22-64;36-69;33-65;32-60;28-65;30-64,36-69,88,4
random,random_robot_65,10,6,1,SimpleHill,0-0,0,42,36-69,31-67;36-60;36-66;45-65;44-66;43-62,31-67,87,-1
random,random_robot_65,10,6,1,SimpleHill,0-0,0,43,31-67,23-69;29-69;32-67;37-62;34-67;36-62,34-67,89,2
random,random_robot_65,10,6,1,SimpleHill,0-0,0,44,34-67,33-65;31-69;26-62;25-66;39-64;32-60,39-64,93,4
random,random_robot_65,10,6,1,SimpleHill,0-0,0,45,39-64,37-57;40-58;40-57;33-62;44-56;35-60,40-57,97,4
random,random_robot_65,10,6,1,SimpleHill,0-0,0,46,40-57,40-66;35-64;32-61;44-61;46-53;34-58,40-66,92,-5
random,random_robot_65,10,6,1,SimpleHill,0-0,0,47,40-66,35-60;38-67;41-57;46-61;39-70;41-58,39-70,89,-3
random,random_robot_65,10,6,1,SimpleHill,0-0,0,48,39-70,46-66;47-64;45-68;36-61;35-65;46-69,46-69,92,3
random,random_robot_65,10,6,1,SimpleHill,0-0,0,49,46-69,49-68;38-63;48-60;45-70;38-70;49-63,38-70,89,-3
random,random_robot_65,10,6,1,SimpleHill,0-0,0,50,38-70,40-61;36-63;40-69;31-69;40-62;37-67,40-61,95,6
random,random_robot_65,10,6,1,SimpleHill,0-0,0,51,40-61,34-62;46-69;47-66;37-63;44-63;37-57,44-63,95,0
random,random_robot_65,10,6,1,SimpleHill,0-0,0,52,44-63,41-65;44-64;46-56;52-68;41-55;47-65,41-55,97,2
random,random_robot_65,10,6,1,SimpleHill,0-0,0,53,41-55,46-48;31-55;36-55;46-55;44-49;42-61,31-55,92,-5
random,random_robot_65,10,6,1,SimpleHill,0-0,0,54,31-55,26-61;39-51;26-49;28-54;34-48;27-50,26-61,86,-6
random,random_robot_65,10,6,1,SimpleHill,0-0,0,55,26-61,18-67;27-63;22-68;35-59;27-62;27-64,22-68,77,-9
random,random_robot_65,10,6,1,SimpleHill,0-0,0,56,22-68,13-65;25-66;30-65;29-61;30-62;15-69,30-62,89,12
random,random_robot_65,10,6,1,SimpleHill,0-0,0,57,30-62,25-66;28-62;34-63;26-69;38-66;28-57,28-62,87,-2
random,random_robot_65,10,6,1,SimpleHill,0-0,0,58,28-62,36-64;34-60;24-60;23-67;33-55;30-69,30-69,84,-3
random,random_robot_65,10,6,1,SimpleHill,0-0,0,59,30-69,36-67;31-67;34-66;37-63;36-68;37-65,37-63,93,9
random,random_robot_65,10,6,1,SimpleHill,0-0,0,60,37-63,46-66;32-55;37-64;32-59;44-65;37-68,46-66,94,1
random,random_robot_65,10,6,1,SimpleHill,0-0,0,61,46-66,51-67;54-64;37-63;50-69;39-62;42-69,51-67,94,0
random,random_robot_65,10,6,1,SimpleHill,0-0,0,62,51-67,48-63;47-58;58-70;58-62;55-66;55-59,55-59,97,3
random,random_robot_65,10,6,1,SimpleHill,0-0,0,63,55-59,56-67;55-59;57-61;57-52;55-61;51-56,51-56,99,2
random,random_robot_65,10,6,1,SimpleHill,0-0,0,64,51-56,58-49;47-59;51-63;43-58;52-47;50-62,43-58,97,-2
random,random_robot_65,10,6,1,SimpleHill,0-0,0,65,43-58,44-52;46-62;40-49;36-58;38-61;44-51,44-52,99,2
random,random_robot_65,10,6,1,SimpleHill,0-0,0,66,44-52,44-46;40-45;38-59;45-58;39-44;46-55,46-55,99,0
random,random_robot_65,10,6,1,SimpleHill,0-0,0,67,46-55,40-52;52-52;54-49;55-54;47-63;55-55,47-63,96,-3
random,random_robot_65,10,6,1,SimpleHill,0-0,0,68,47-63,48-68;55-66;48-67;39-60;47-55;41-59,55-66,94,-2
random,random_robot_65,10,6,1,SimpleHill,0-0,0,69,55-66,53-58;47-60;57-67;48-61;52-57;58-70,57-67,93,-1
random,random_robot_65,10,6,1,SimpleHill,0-0,0,70,57-67,56-63;57-59;60-60;55-60;63-70;64-68,64-68,89,-4
random,random_robot_65,10,6,1,SimpleHill,0-0,0,71,64-68,60-69;68-69;63-63;68-63;66-61;67-65,68-69,86,-3
random,random_robot_65,10,6,1,SimpleHill,0-0,0,72,68-69,64-69;67-61;69-69;65-69;59-65;69-60,64-69,88,2
random,random_robot_65,10,6,1,SimpleHill,0-0,0,73,64-69,62-67;60-65;63-67;64-59;57-68;56-68,62-67,91,3
random,random_robot_65,10,6,1,SimpleHill,0-0,0,74,62-67,53-63;59-70;65-65;70-65;59-58;60-67,59-70,90,-1
random,random_robot_65,10,6,1,SimpleHill,0-0,0,75,59-70,52-69;54-69;62-66;64-65;62-65;65-65,64-65,91,1
random,random_robot_65,10,6,1,SimpleHill,0-0,0,76,64-65,65-63;58-62;64-68;69-65;61-60;60-56,64-68,89,-2
random,random_robot_65,10,6,1,SimpleHill,0-0,0,77,64-68,58-64;58-67;70-64;68-70;68-61;61-64,70-64,88,-1
random,random_robot_65,10,6,1,SimpleHill,0-0,0,78,70-64,64-68;70-58;64-59;70-67;67-60;65-57,64-68,89,1
random,random_robot_65,10,6,1,SimpleHill,0-0,0,79,64-68,67-65;67-68;65-64;59-65;59-60;56-67,56-67,93,4
