simulation_type,subj_id,sight_radius,n_gabors,block_ix,landscape_name,starting_pos,starting_score,trial,pos,stims,selected,score,delta
random,random_robot_181,10,6,1,SimpleHill,0-0,0,0,0-0,0-7;5-5;0-2;4-2;7-1;2-0,2-0,3,3
random,random_robot_181,10,6,1,SimpleHill,0-0,0,1,2-0,6-2;1-3;1-6;5-6;12-0;2-3,1-3,7,4
random,random_robot_181,10,6,1,SimpleHill,0-0,0,2,1-3,6-0;3-9;3-3;5-4;5-12;7-5,3-9,22,15
random,random_robot_181,10,6,1,SimpleHill,0-0,0,3,3-9,12-10;5-10;5-18;6-0;3-1;4-17,5-10,27,5
random,random_robot_181,10,6,1,SimpleHill,0-0,0,4,5-10,5-19;4-6;12-3;1-7;4-3;5-16,12-3,26,-1
random,random_robot_181,10,6,1,SimpleHill,0-0,0,5,12-3,20-4;4-7;7-10;11-10;3-6;18-3,11-10,37,11
random,random_robot_181,10,6,1,SimpleHill,0-0,0,6,11-10,6-8;13-1;17-16;5-16;5-18;11-9,17-16,55,18
random,random_robot_181,10,6,1,SimpleHill,0-0,0,7,17-16,11-17;12-14;13-16;25-10;22-18;16-10,13-16,49,-6
random,random_robot_181,10,6,1,SimpleHill,0-0,0,8,13-16,17-23;15-10;15-25;16-17;12-14;20-10,20-10,50,1
random,random_robot_181,10,6,1,SimpleHill,0-0,0,9,20-10,25-11;25-4;26-2;15-14;19-5;16-7,25-4,45,-5
random,random_robot_181,10,6,1,SimpleHill,0-0,0,10,25-4,17-6;29-10;28-10;26-4;23-9;33-7,17-6,39,-6
random,random_robot_181,10,6,1,SimpleHill,0-0,0,11,17-6,13-4;19-4;18-11;9-2;13-7;23-7,23-7,48,9
random,random_robot_181,10,6,1,SimpleHill,0-0,0,12,23-7,24-14;27-1;30-0;16-4;19-14;21-3,27-1,41,-7
random,random_robot_181,10,6,1,SimpleHill,0-0,0,13,27-1,30-5;29-0;21-7;23-8;23-6;27-9,23-8,50,9
random,random_robot_181,10,6,1,SimpleHill,0-0,0,14,23-8,31-11;23-6;20-4;24-11;20-0;29-15,31-11,62,12
random,random_robot_181,10,6,1,SimpleHill,0-0,0,15,31-11,35-7;33-17;39-12;24-12;32-17;40-14,24-12,57,-5
random,random_robot_181,10,6,1,SimpleHill,0-0,0,16,24-12,19-7;21-9;30-13;24-8;28-10;22-10,21-9,49,-8
random,random_robot_181,10,6,1,SimpleHill,0-0,0,17,21-9,15-12;25-4;14-3;20-11;19-1;15-11,19-1,32,-17
random,random_robot_181,10,6,1,SimpleHill,0-0,0,18,19-1,21-6;20-4;16-6;25-5;26-5;21-3,16-6,38,6
random,random_robot_181,10,6,1,SimpleHill,0-0,0,19,16-6,17-15;10-10;21-0;26-6;13-10;9-2,9-2,20,-18
random,random_robot_181,10,6,1,SimpleHill,0-0,0,20,9-2,8-11;3-8;3-2;13-10;2-3;18-2,2-3,9,-11
random,random_robot_181,10,6,1,SimpleHill,0-0,0,21,2-3,2-6;2-2;5-9;10-1;5-8;3-2,2-2,7,-2
random,random_robot_181,10,6,1,SimpleHill,0-0,0,22,2-2,2-0;3-0;5-9;1-9;7-4;2-5,5-9,25,18
random,random_robot_181,10,6,1,SimpleHill,0-0,0,23,5-9,2-0;2-18;7-11;8-12;8-8;4-12,2-18,33,8
random,random_robot_181,10,6,1,SimpleHill,0-0,0,24,2-18,6-27;1-13;8-22;5-20;5-23;5-18,5-23,44,11
random,random_robot_181,10,6,1,SimpleHill,0-0,0,25,5-23,1-23;9-21;9-16;9-28;11-29;8-28,1-23,37,-7
random,random_robot_181,10,6,1,SimpleHill,0-0,0,26,1-23,2-25;7-29;9-28;7-27;2-29;4-16,7-27,52,15
random,random_robot_181,10,6,1,SimpleHill,0-0,0,27,7-27,9-36;16-24;8-18;6-19;8-25;10-26,8-25,52,0
random,random_robot_181,10,6,1,SimpleHill,0-0,0,28,8-25,12-34;4-28;14-23;14-18;13-31;14-21,14-18,53,1
random,random_robot_181,10,6,1,SimpleHill,0-0,0,29,14-18,13-10;8-11;11-12;12-9;16-24;9-26,9-26,54,1
random,random_robot_181,10,6,1,SimpleHill,0-0,0,30,9-26,14-34;12-25;4-20;12-34;4-28;3-21,4-20,39,-15
random,random_robot_181,10,6,1,SimpleHill,0-0,0,31,4-20,2-25;4-18;7-13;6-13;3-25;6-22,6-13,33,-6
random,random_robot_181,10,6,1,SimpleHill,0-0,0,32,6-13,4-11;7-9;4-8;12-17;13-16;5-15,5-15,35,2
random,random_robot_181,10,6,1,SimpleHill,0-0,0,33,5-15,3-19;4-22;9-7;3-24;3-13;9-22,3-19,36,1
random,random_robot_181,10,6,1,SimpleHill,0-0,0,34,3-19,7-10;8-13;0-28;4-22;4-12;7-17,4-22,42,6
random,random_robot_181,10,6,1,SimpleHill,0-0,0,35,4-22,11-28;7-20;7-19;6-14;6-23;1-19,6-14,35,-7
random,random_robot_181,10,6,1,SimpleHill,0-0,0,36,6-14,9-17;8-6;6-24;3-6;14-20;4-6,4-6,18,-17
random,random_robot_181,10,6,1,SimpleHill,0-0,0,37,4-6,0-8;3-3;12-5;7-4;5-15;1-11,12-5,30,12
random,random_robot_181,10,6,1,SimpleHill,0-0,0,38,12-5,13-4;18-2;18-11;15-10;4-4;3-4,4-4,15,-15
random,random_robot_181,10,6,1,SimpleHill,0-0,0,39,4-4,8-10;7-13;11-0;7-5;3-11;2-10,8-10,32,17
random,random_robot_181,10,6,1,SimpleHill,0-0,0,40,8-10,10-10;6-13;8-15;8-19;16-13;14-12,8-15,40,8
random,random_robot_181,10,6,1,SimpleHill,0-0,0,41,8-15,15-19;1-19;15-20;3-10;17-18;2-16,15-20,57,17
random,random_robot_181,10,6,1,SimpleHill,0-0,0,42,15-20,18-22;11-29;7-26;20-14;16-25;12-17,11-29,60,3
random,random_robot_181,10,6,1,SimpleHill,0-0,0,43,11-29,4-35;6-26;14-22;4-26;8-23;15-30,4-35,53,-7
random,random_robot_181,10,6,1,SimpleHill,0-0,0,44,4-35,7-30;0-38;0-43;11-41;5-36;0-26,0-26,38,-15
random,random_robot_181,10,6,1,SimpleHill,0-0,0,45,0-26,5-24;6-31;5-32;6-24;8-29;1-25,6-31,54,16
random,random_robot_181,10,6,1,SimpleHill,0-0,0,46,6-31,11-33;5-40;2-36;2-29;1-30;1-31,2-29,45,-9
random,random_robot_181,10,6,1,SimpleHill,0-0,0,47,2-29,5-24;2-35;3-22;3-23;7-25;0-36,3-22,40,-5
random,random_robot_181,10,6,1,SimpleHill,0-0,0,48,3-22,1-27;10-29;3-27;1-26;7-30;1-22,1-27,41,1
random,random_robot_181,10,6,1,SimpleHill,0-0,0,49,1-27,7-29;1-36;3-23;9-25;5-18;2-26,7-29,54,13
random,random_robot_181,10,6,1,SimpleHill,0-0,0,50,7-29,11-28;0-28;0-31;12-27;4-32;13-26,13-26,61,7
random,random_robot_181,10,6,1,SimpleHill,0-0,0,51,13-26,20-32;12-26;16-17;7-33;4-24;15-23,16-17,55,-6
random,random_robot_181,10,6,1,SimpleHill,0-0,0,52,16-17,8-22;21-22;20-26;11-16;20-11;23-18,21-22,67,12
random,random_robot_181,10,6,1,SimpleHill,0-0,0,53,21-22,17-29;16-22;28-28;24-14;20-21;25-14,17-29,69,2
random,random_robot_181,10,6,1,SimpleHill,0-0,0,54,17-29,19-35;15-32;17-36;12-26;20-21;15-33,20-21,65,-4
random,random_robot_181,10,6,1,SimpleHill,0-0,0,55,20-21,19-14;28-20;21-27;22-23;27-25;16-26,28-20,72,7
random,random_robot_181,10,6,1,SimpleHill,0-0,0,56,28-20,23-28;21-22;23-26;22-14;34-12;28-30,23-26,73,1
random,random_robot_181,10,6,1,SimpleHill,0-0,0,57,23-26,23-22;14-30;18-22;21-23;24-26;18-25,21-23,68,-5
random,random_robot_181,10,6,1,SimpleHill,0-0,0,58,21-23,26-24;29-21;21-22;12-21;14-23;13-22,21-22,67,-1
random,random_robot_181,10,6,1,SimpleHill,0-0,0,59,21-22,23-31;20-23;27-23;12-19;20-18;22-13,12-19,51,-16
random,random_robot_181,10,6,1,SimpleHill,0-0,0,60,12-19,11-17;3-21;8-17;17-17;8-21;8-15,8-15,40,-11
random,random_robot_181,10,6,1,SimpleHill,0-0,0,61,8-15,12-8;11-12;6-18;4-9;7-18;14-23,12-8,35,-5
random,random_robot_181,10,6,1,SimpleHill,0-0,0,62,12-8,12-15;7-3;16-14;20-12;6-14;6-0,16-14,50,15
random,random_robot_181,10,6,1,SimpleHill,0-0,0,63,16-14,13-23;21-8;26-14;7-13;21-14;16-12,13-23,58,8
random,random_robot_181,10,6,1,SimpleHill,0-0,0,64,13-23,21-18;19-26;15-24;18-18;12-18;10-22,18-18,59,1
random,random_robot_181,10,6,1,SimpleHill,0-0,0,65,18-18,18-18;10-19;18-17;16-19;14-18;10-22,18-18,59,0
random,random_robot_181,10,6,1,SimpleHill,0-0,0,66,18-18,25-25;17-13;22-26;12-13;18-19;25-20,25-20,69,10
random,random_robot_181,10,6,1,SimpleHill,0-0,0,67,25-20,17-18;21-26;17-19;19-14;20-12;25-24,20-12,53,-16
random,random_robot_181,10,6,1,SimpleHill,0-0,0,68,20-12,19-16;14-14;22-10;16-13;16-12;29-14,16-13,49,-4
random,random_robot_181,10,6,1,SimpleHill,0-0,0,69,16-13,14-13;20-17;23-19;11-15;19-5;24-18,24-18,66,17
random,random_robot_181,10,6,1,SimpleHill,0-0,0,70,24-18,26-16;21-19;34-18;26-26;20-13;20-27,21-19,63,-3
random,random_robot_181,10,6,1,SimpleHill,0-0,0,71,21-19,23-16;19-23;12-19;23-25;20-26;14-25,20-26,70,7
random,random_robot_181,10,6,1,SimpleHill,0-0,0,72,20-26,12-29;21-28;18-34;21-34;14-21;14-28,12-29,62,-8
random,random_robot_181,10,6,1,SimpleHill,0-0,0,73,12-29,18-36;18-33;5-23;5-26;15-37;19-36,18-36,75,13
random,random_robot_181,10,6,1,SimpleHill,0-0,0,74,18-36,13-41;23-33;9-35;26-38;13-38;18-34,23-33,79,4
random,random_robot_181,10,6,1,SimpleHill,0-0,0,75,23-33,19-36;28-30;31-31;18-34;14-30;19-38,19-38,77,-2
random,random_robot_181,10,6,1,SimpleHill,0-0,0,76,19-38,22-38;11-42;10-40;24-41;14-42;26-37,14-42,72,-5
random,random_robot_181,10,6,1,SimpleHill,0-0,0,77,14-42,15-39;19-44;14-51;17-43;15-46;20-39,15-46,75,3
random,random_robot_181,10,6,1,SimpleHill,0-0,0,78,15-46,13-43;16-40;18-54;14-39;14-46;12-44,13-43,71,-4
random,random_robot_181,10,6,1,SimpleHill,0-0,0,79,13-43,12-34;16-36;12-41;8-38;6-48;12-49,12-34,66,-5
