simulation_type,subj_id,sight_radius,n_gabors,block_ix,landscape_name,starting_pos,starting_score,trial,pos,stims,selected,score,delta
random,random_robot_63,10,6,1,SimpleHill,0-0,0,0,0-0,7-3;4-4;5-0;2-7;6-8;3-8,6-8,26,26
random,random_robot_63,10,6,1,SimpleHill,0-0,0,1,6-8,10-15;8-9;8-5;11-10;0-16;2-2,0-16,26,0
random,random_robot_63,10,6,1,SimpleHill,0-0,0,2,0-16,1-7;0-19;2-23;0-16;7-20;3-17,0-16,26,0
random,random_robot_63,10,6,1,SimpleHill,0-0,0,3,0-16,3-23;1-7;9-17;8-13;2-16;4-13,9-17,44,18
random,random_robot_63,10,6,1,SimpleHill,0-0,0,4,9-17,9-12;11-8;1-12;9-18;18-21;4-25,9-12,37,-7
random,random_robot_63,10,6,1,SimpleHill,0-0,0,5,9-12,6-13;3-16;4-16;3-10;13-15;16-11,3-16,32,-5
random,random_robot_63,10,6,1,SimpleHill,0-0,0,6,3-16,1-16;7-9;5-22;3-8;1-24;1-13,1-16,28,-4
random,random_robot_63,10,6,1,SimpleHill,0-0,0,7,1-16,1-25;8-10;1-21;4-7;10-14;1-10,4-7,20,-8
random,random_robot_63,10,6,1,SimpleHill,0-0,0,8,4-7,8-8;1-1;13-10;11-10;13-5;2-4,13-10,40,20
random,random_robot_63,10,6,1,SimpleHill,0-0,0,9,13-10,11-3;20-4;5-14;19-4;19-5;12-12,12-12,42,2
random,random_robot_63,10,6,1,SimpleHill,0-0,0,10,12-12,8-8;20-9;16-18;21-12;5-18;10-21,5-18,39,-3
random,random_robot_63,10,6,1,SimpleHill,0-0,0,11,5-18,4-17;6-23;0-12;8-21;4-14;5-18,4-14,31,-8
random,random_robot_63,10,6,1,SimpleHill,0-0,0,12,4-14,3-15;1-18;11-12;2-17;3-8;8-9,2-17,32,1
random,random_robot_63,10,6,1,SimpleHill,0-0,0,13,2-17,6-23;11-13;2-23;6-15;3-15;0-9,0-9,16,-16
random,random_robot_63,10,6,1,SimpleHill,0-0,0,14,0-9,3-4;5-3;6-4;2-15;5-2;2-6,6-4,18,2
random,random_robot_63,10,6,1,SimpleHill,0-0,0,15,6-4,0-8;3-5;6-12;9-8;10-6;9-7,0-8,14,-4
random,random_robot_63,10,6,1,SimpleHill,0-0,0,16,0-8,3-0;4-10;0-15;2-16;6-1;8-3,3-0,5,-9
random,random_robot_63,10,6,1,SimpleHill,0-0,0,17,3-0,2-5;5-4;8-1;2-1;3-9;8-4,8-4,22,17
random,random_robot_63,10,6,1,SimpleHill,0-0,0,18,8-4,3-5;6-6;1-3;1-2;2-11;9-0,3-5,15,-7
random,random_robot_63,10,6,1,SimpleHill,0-0,0,19,3-5,5-9;1-2;11-10;8-12;12-2;11-5,11-10,37,22
random,random_robot_63,10,6,1,SimpleHill,0-0,0,20,11-10,6-12;16-3;8-13;3-9;11-20;17-8,6-12,32,-5
random,random_robot_63,10,6,1,SimpleHill,0-0,0,21,6-12,8-8;10-21;14-16;6-8;10-16;3-21,10-21,51,19
random,random_robot_63,10,6,1,SimpleHill,0-0,0,22,10-21,19-21;3-19;7-18;6-13;13-13;14-15,6-13,33,-18
random,random_robot_63,10,6,1,SimpleHill,0-0,0,23,6-13,10-6;3-22;14-7;11-7;4-7;13-8,3-22,40,7
random,random_robot_63,10,6,1,SimpleHill,0-0,0,24,3-22,10-29;5-19;10-28;6-13;10-15;3-13,3-13,28,-12
random,random_robot_63,10,6,1,SimpleHill,0-0,0,25,3-13,7-17;12-12;9-5;6-17;5-18;0-10,12-12,42,14
random,random_robot_63,10,6,1,SimpleHill,0-0,0,26,12-12,21-14;13-17;20-9;20-17;6-12;17-11,6-12,32,-10
random,random_robot_63,10,6,1,SimpleHill,0-0,0,27,6-12,2-21;2-7;5-5;0-8;9-16;9-4,5-5,19,-13
random,random_robot_63,10,6,1,SimpleHill,0-0,0,28,5-5,2-8;1-7;9-4;2-2;5-3;11-4,5-3,15,-4
random,random_robot_63,10,6,1,SimpleHill,0-0,0,29,5-3,15-3;13-1;3-7;11-1;7-3;5-9,7-3,18,3
random,random_robot_63,10,6,1,SimpleHill,0-0,0,30,7-3,9-11;1-1;13-3;12-3;5-6;14-7,14-7,37,19
random,random_robot_63,10,6,1,SimpleHill,0-0,0,31,14-7,23-7;8-15;13-0;14-5;7-8;7-7,23-7,48,11
random,random_robot_63,10,6,1,SimpleHill,0-0,0,32,23-7,22-8;20-14;28-9;27-3;30-0;24-14,24-14,60,12
random,random_robot_63,10,6,1,SimpleHill,0-0,0,33,24-14,23-16;22-20;31-13;27-7;23-6;31-11,31-13,65,5
random,random_robot_63,10,6,1,SimpleHill,0-0,0,34,31-13,29-14;25-8;28-22;26-18;28-20;27-5,25-8,52,-13
random,random_robot_63,10,6,1,SimpleHill,0-0,0,35,25-8,20-8;33-12;32-1;34-4;32-9;31-7,32-9,59,7
random,random_robot_63,10,6,1,SimpleHill,0-0,0,36,32-9,36-11;26-14;36-0;40-6;27-6;28-9,36-0,46,-13
random,random_robot_63,10,6,1,SimpleHill,0-0,0,37,36-0,44-0;37-3;35-3;38-2;31-4;32-9,31-4,50,4
random,random_robot_63,10,6,1,SimpleHill,0-0,0,38,31-4,28-9;23-9;29-8;33-6;32-8;37-0,33-6,55,5
random,random_robot_63,10,6,1,SimpleHill,0-0,0,39,33-6,30-0;30-5;30-11;36-1;31-4;29-6,30-11,61,6
random,random_robot_63,10,6,1,SimpleHill,0-0,0,40,30-11,23-7;24-10;23-6;28-12;32-4;37-18,32-4,51,-10
random,random_robot_63,10,6,1,SimpleHill,0-0,0,41,32-4,34-2;27-6;39-10;36-7;32-1;40-6,34-2,48,-3
random,random_robot_63,10,6,1,SimpleHill,0-0,0,42,34-2,27-0;36-10;43-2;38-11;41-2;39-7,27-0,39,-9
random,random_robot_63,10,6,1,SimpleHill,0-0,0,43,27-0,22-2;20-0;25-9;22-6;32-6;30-1,20-0,32,-7
random,random_robot_63,10,6,1,SimpleHill,0-0,0,44,20-0,12-4;21-0;13-6;29-1;23-2;21-1,29-1,43,11
random,random_robot_63,10,6,1,SimpleHill,0-0,0,45,29-1,23-1;32-8;38-3;30-1;20-0;32-9,38-3,52,9
random,random_robot_63,10,6,1,SimpleHill,0-0,0,46,38-3,36-7;41-0;39-10;46-4;39-8;31-7,31-7,55,3
random,random_robot_63,10,6,1,SimpleHill,0-0,0,47,31-7,37-6;29-2;38-9;38-5;26-12;36-3,38-9,63,8
random,random_robot_63,10,6,1,SimpleHill,0-0,0,48,38-9,33-16;37-14;42-15;45-3;43-6;42-3,37-14,70,7
random,random_robot_63,10,6,1,SimpleHill,0-0,0,49,37-14,31-7;46-11;31-21;36-7;42-12;35-9,31-7,55,-15
random,random_robot_63,10,6,1,SimpleHill,0-0,0,50,31-7,35-14;24-6;38-11;31-11;22-5;26-13,38-11,66,11
random,random_robot_63,10,6,1,SimpleHill,0-0,0,51,38-11,40-9;37-19;46-8;42-11;47-15;44-4,46-8,64,-2
random,random_robot_63,10,6,1,SimpleHill,0-0,0,52,46-8,40-15;52-10;40-10;39-3;43-2;54-9,40-10,66,2
random,random_robot_63,10,6,1,SimpleHill,0-0,0,53,40-10,36-11;48-15;38-4;33-10;40-10;41-19,48-15,75,9
random,random_robot_63,10,6,1,SimpleHill,0-0,0,54,48-15,56-11;48-16;51-10;56-10;41-16;41-17,41-16,75,0
random,random_robot_63,10,6,1,SimpleHill,0-0,0,55,41-16,50-14;45-25;36-11;33-10;34-17;39-20,39-20,79,4
random,random_robot_63,10,6,1,SimpleHill,0-0,0,56,39-20,33-27;31-15;39-24;30-21;33-26;38-24,30-21,75,-4
random,random_robot_63,10,6,1,SimpleHill,0-0,0,57,30-21,24-17;27-12;24-23;39-23;33-17;28-24,24-17,64,-11
random,random_robot_63,10,6,1,SimpleHill,0-0,0,58,24-17,25-9;18-12;30-13;22-13;20-21;32-19,25-9,53,-11
random,random_robot_63,10,6,1,SimpleHill,0-0,0,59,25-9,30-9;23-14;32-14;28-9;18-11;33-5,32-14,67,14
random,random_robot_63,10,6,1,SimpleHill,0-0,0,60,32-14,26-20;31-8;36-13;23-16;37-10;27-7,37-10,64,-3
random,random_robot_63,10,6,1,SimpleHill,0-0,0,61,37-10,35-17;29-4;38-13;42-3;41-14;42-15,35-17,73,9
random,random_robot_63,10,6,1,SimpleHill,0-0,0,62,35-17,36-26;30-23;38-16;43-23;41-16;32-8,30-23,77,4
random,random_robot_63,10,6,1,SimpleHill,0-0,0,63,30-23,27-31;29-17;26-18;39-24;36-30;37-17,26-18,68,-9
random,random_robot_63,10,6,1,SimpleHill,0-0,0,64,26-18,24-24;33-15;30-12;31-11;33-20;25-21,25-21,70,2
random,random_robot_63,10,6,1,SimpleHill,0-0,0,65,25-21,30-19;30-13;22-14;28-24;28-25;22-18,30-19,72,2
random,random_robot_63,10,6,1,SimpleHill,0-0,0,66,30-19,29-13;26-21;30-13;24-26;26-20;37-24,37-24,83,11
random,random_robot_63,10,6,1,SimpleHill,0-0,0,67,37-24,37-28;44-30;30-28;37-27;46-22;34-15,44-30,91,8
random,random_robot_63,10,6,1,SimpleHill,0-0,0,68,44-30,49-23;53-29;47-29;44-37;39-26;49-35,49-23,85,-6
random,random_robot_63,10,6,1,SimpleHill,0-0,0,69,49-23,52-15;47-15;45-16;45-30;45-22;48-22,48-22,84,-1
random,random_robot_63,10,6,1,SimpleHill,0-0,0,70,48-22,40-16;44-27;51-29;51-26;51-30;53-22,51-26,88,4
random,random_robot_63,10,6,1,SimpleHill,0-0,0,71,51-26,49-21;52-19;43-28;47-20;48-25;50-30,47-20,81,-7
random,random_robot_63,10,6,1,SimpleHill,0-0,0,72,47-20,54-14;52-12;49-16;44-15;47-20;42-22,47-20,81,0
random,random_robot_63,10,6,1,SimpleHill,0-0,0,73,47-20,45-20;55-21;44-27;51-27;55-23;56-23,44-27,88,7
random,random_robot_63,10,6,1,SimpleHill,0-0,0,74,44-27,35-23;44-20;53-30;47-32;41-20;40-36,35-23,80,-8
random,random_robot_63,10,6,1,SimpleHill,0-0,0,75,35-23,30-26;35-32;27-22;31-24;40-28;40-23,30-26,80,0
random,random_robot_63,10,6,1,SimpleHill,0-0,0,76,30-26,22-32;36-29;36-21;37-19;21-22;34-29,22-32,77,-3
random,random_robot_63,10,6,1,SimpleHill,0-0,0,77,22-32,15-34;27-34;24-29;19-40;24-24;23-39,15-34,70,-7
random,random_robot_63,10,6,1,SimpleHill,0-0,0,78,15-34,11-39;15-38;14-27;18-34;18-36;9-35,9-35,61,-9
random,random_robot_63,10,6,1,SimpleHill,0-0,0,79,9-35,15-38;12-28;8-43;4-28;0-36;5-40,0-36,46,-15
