simulation_type,subj_id,sight_radius,n_gabors,block_ix,landscape_name,starting_pos,starting_score,trial,pos,stims,selected,score,delta
random,random_robot_56,10,6,1,SimpleHill,0-0,0,0,0-0,8-4;3-4;5-5;3-6;0-6;1-9,1-9,18,18
random,random_robot_56,10,6,1,SimpleHill,0-0,0,1,1-9,3-11;10-10;2-13;8-5;2-18;1-10,2-18,33,15
random,random_robot_56,10,6,1,SimpleHill,0-0,0,2,2-18,0-14;7-25;7-11;0-13;8-15;1-17,0-14,24,-9
random,random_robot_56,10,6,1,SimpleHill,0-0,0,3,0-14,0-15;1-8;1-10;5-11;7-7;4-5,1-10,19,-5
random,random_robot_56,10,6,1,SimpleHill,0-0,0,4,1-10,9-7;2-10;4-2;6-2;7-13;6-4,6-2,15,-4
random,random_robot_56,10,6,1,SimpleHill,0-0,0,5,6-2,6-1;14-1;8-7;10-3;8-11;9-4,8-7,27,12
random,random_robot_56,10,6,1,SimpleHill,0-0,0,6,8-7,11-13;4-5;4-7;6-2;6-0;2-5,4-5,17,-10
random,random_robot_56,10,6,1,SimpleHill,0-0,0,7,4-5,1-7;7-4;12-1;5-7;5-10;13-5,5-7,22,5
random,random_robot_56,10,6,1,SimpleHill,0-0,0,8,5-7,9-5;8-14;11-13;1-4;6-2;12-5,6-2,15,-7
random,random_robot_56,10,6,1,SimpleHill,0-0,0,9,6-2,1-7;11-2;2-5;7-5;5-5;0-6,11-2,23,8
random,random_robot_56,10,6,1,SimpleHill,0-0,0,10,11-2,5-8;16-3;6-1;4-6;14-11;20-0,6-1,13,-10
random,random_robot_56,10,6,1,SimpleHill,0-0,0,11,6-1,9-5;7-3;0-2;12-9;7-2;2-8,7-3,18,5
random,random_robot_56,10,6,1,SimpleHill,0-0,0,12,7-3,9-4;2-5;1-4;0-5;7-11;14-3,9-4,24,6
random,random_robot_56,10,6,1,SimpleHill,0-0,0,13,9-4,14-12;0-6;13-9;11-3;5-1;11-4,5-1,11,-13
random,random_robot_56,10,6,1,SimpleHill,0-0,0,14,5-1,6-1;12-0;10-1;8-5;3-7;10-9,10-1,19,8
random,random_robot_56,10,6,1,SimpleHill,0-0,0,15,10-1,4-1;13-7;2-5;4-9;10-4;8-10,4-9,24,5
random,random_robot_56,10,6,1,SimpleHill,0-0,0,16,4-9,3-15;9-12;1-9;0-16;2-2;1-5,0-16,26,2
random,random_robot_56,10,6,1,SimpleHill,0-0,0,17,0-16,8-22;0-21;7-14;2-10;5-21;7-23,8-22,49,23
random,random_robot_56,10,6,1,SimpleHill,0-0,0,18,8-22,7-28;14-27;9-15;13-25;3-25;14-21,14-21,57,8
random,random_robot_56,10,6,1,SimpleHill,0-0,0,19,14-21,12-17;22-15;18-24;19-24;11-29;17-14,22-15,59,2
random,random_robot_56,10,6,1,SimpleHill,0-0,0,20,22-15,16-9;21-14;20-15;15-11;22-10;24-23,21-14,57,-2
random,random_robot_56,10,6,1,SimpleHill,0-0,0,21,21-14,21-7;16-17;26-15;18-14;15-21;26-11,26-15,63,6
random,random_robot_56,10,6,1,SimpleHill,0-0,0,22,26-15,34-19;23-17;35-12;26-18;29-21;20-13,29-21,74,11
random,random_robot_56,10,6,1,SimpleHill,0-0,0,23,29-21,27-12;29-17;32-15;28-19;25-23;28-16,28-16,67,-7
random,random_robot_56,10,6,1,SimpleHill,0-0,0,24,28-16,26-19;26-15;36-14;28-25;21-20;37-16,37-16,73,6
random,random_robot_56,10,6,1,SimpleHill,0-0,0,25,37-16,35-23;34-25;41-23;29-11;34-16;40-7,41-23,83,10
random,random_robot_56,10,6,1,SimpleHill,0-0,0,26,41-23,49-25;47-20;42-22;49-21;41-32;41-20,41-32,91,8
random,random_robot_56,10,6,1,SimpleHill,0-0,0,27,41-32,49-36;49-29;43-23;48-38;42-27;37-26,49-29,91,0
random,random_robot_56,10,6,1,SimpleHill,0-0,0,28,49-29,54-32;51-27;41-28;49-33;52-31;49-25,49-33,94,3
random,random_robot_56,10,6,1,SimpleHill,0-0,0,29,49-33,51-33;48-36;49-38;53-39;43-38;49-32,49-32,93,-1
random,random_robot_56,10,6,1,SimpleHill,0-0,0,30,49-32,45-25;49-27;49-38;40-31;53-29;43-39,49-27,89,-4
random,random_robot_56,10,6,1,SimpleHill,0-0,0,31,49-27,52-35;55-22;45-34;51-27;50-34;56-34,45-34,94,5
random,random_robot_56,10,6,1,SimpleHill,0-0,0,32,45-34,41-25;40-30;43-34;54-38;36-35;40-35,43-34,93,-1
random,random_robot_56,10,6,1,SimpleHill,0-0,0,33,43-34,35-36;42-38;37-26;40-25;44-26;46-34,42-38,95,2
random,random_robot_56,10,6,1,SimpleHill,0-0,0,34,42-38,36-33;44-41;47-39;39-37;35-34;47-44,36-33,90,-5
random,random_robot_56,10,6,1,SimpleHill,0-0,0,35,36-33,31-30;30-40;29-27;44-28;37-33;36-41,36-41,94,4
random,random_robot_56,10,6,1,SimpleHill,0-0,0,36,36-41,32-48;37-42;38-50;42-37;44-42;38-47,44-42,98,4
random,random_robot_56,10,6,1,SimpleHill,0-0,0,37,44-42,51-48;43-40;45-37;52-36;35-42;51-39,45-37,96,-2
random,random_robot_56,10,6,1,SimpleHill,0-0,0,38,45-37,43-36;53-40;44-31;52-42;37-37;44-39,37-37,93,-3
random,random_robot_56,10,6,1,SimpleHill,0-0,0,39,37-37,40-43;42-32;39-33;46-37;44-38;43-34,40-43,97,4
random,random_robot_56,10,6,1,SimpleHill,0-0,0,40,40-43,38-37;35-40;36-46;40-50;41-44;46-40,38-37,93,-4
random,random_robot_56,10,6,1,SimpleHill,0-0,0,41,38-37,40-32;34-37;40-37;39-39;40-42;35-33,35-33,89,-4
random,random_robot_56,10,6,1,SimpleHill,0-0,0,42,35-33,42-36;35-34;28-35;28-31;28-39;42-39,28-39,87,-2
random,random_robot_56,10,6,1,SimpleHill,0-0,0,43,28-39,22-34;27-46;34-43;35-34;28-37;23-43,22-34,79,-8
random,random_robot_56,10,6,1,SimpleHill,0-0,0,44,22-34,22-38;17-38;13-33;23-34;14-29;15-37,17-38,75,-4
random,random_robot_56,10,6,1,SimpleHill,0-0,0,45,17-38,9-43;19-41;16-37;21-42;8-40;20-34,21-42,81,6
random,random_robot_56,10,6,1,SimpleHill,0-0,0,46,21-42,16-34;23-34;13-39;13-42;18-51;14-42,23-34,80,-1
random,random_robot_56,10,6,1,SimpleHill,0-0,0,47,23-34,24-27;16-30;24-32;33-34;21-41;25-31,25-31,80,0
random,random_robot_56,10,6,1,SimpleHill,0-0,0,48,25-31,31-33;22-38;30-31;21-37;29-35;27-30,29-35,86,6
random,random_robot_56,10,6,1,SimpleHill,0-0,0,49,29-35,26-40;25-26;32-43;28-44;35-32;25-38,28-44,89,3
random,random_robot_56,10,6,1,SimpleHill,0-0,0,50,28-44,34-41;25-48;35-40;34-43;30-39;24-39,25-48,87,-2
random,random_robot_56,10,6,1,SimpleHill,0-0,0,51,25-48,29-41;25-57;27-57;24-57;18-49;27-55,27-55,88,1
random,random_robot_56,10,6,1,SimpleHill,0-0,0,52,27-55,26-49;33-58;25-64;30-56;29-58;27-53,25-64,83,-5
random,random_robot_56,10,6,1,SimpleHill,0-0,0,53,25-64,29-55;17-59;23-70;24-69;18-67;28-70,23-70,77,-6
random,random_robot_56,10,6,1,SimpleHill,0-0,0,54,23-70,26-68;32-69;28-68;15-69;25-63;20-69,32-69,86,9
random,random_robot_56,10,6,1,SimpleHill,0-0,0,55,32-69,33-60;40-68;27-70;34-61;23-69;28-66,34-61,92,6
random,random_robot_56,10,6,1,SimpleHill,0-0,0,56,34-61,34-70;31-58;37-59;43-62;36-65;25-58,34-70,86,-6
random,random_robot_56,10,6,1,SimpleHill,0-0,0,57,34-70,33-68;39-63;27-70;31-62;37-67;27-63,33-68,87,1
random,random_robot_56,10,6,1,SimpleHill,0-0,0,58,33-68,39-62;34-63;35-61;32-64;36-61;36-64,32-64,89,2
random,random_robot_56,10,6,1,SimpleHill,0-0,0,59,32-64,39-62;35-58;25-67;30-56;32-61;33-70,25-67,81,-8
random,random_robot_56,10,6,1,SimpleHill,0-0,0,60,25-67,19-63;20-66;23-61;29-66;33-70;32-70,19-63,77,-4
random,random_robot_56,10,6,1,SimpleHill,0-0,0,61,19-63,20-68;16-57;20-57;25-60;23-57;28-64,25-60,85,8
random,random_robot_56,10,6,1,SimpleHill,0-0,0,62,25-60,28-56;22-69;26-58;27-67;23-63;34-58,28-56,89,4
random,random_robot_56,10,6,1,SimpleHill,0-0,0,63,28-56,35-50;35-51;27-53;22-64;33-62;27-48,27-48,89,0
random,random_robot_56,10,6,1,SimpleHill,0-0,0,64,27-48,26-46;25-57;23-46;32-44;25-44;32-56,26-46,88,-1
random,random_robot_56,10,6,1,SimpleHill,0-0,0,65,26-46,25-54;31-47;34-46;33-53;22-44;28-49,25-54,87,-1
random,random_robot_56,10,6,1,SimpleHill,0-0,0,66,25-54,21-63;26-46;16-55;25-48;24-62;28-50,21-63,79,-8
random,random_robot_56,10,6,1,SimpleHill,0-0,0,67,21-63,25-55;13-65;12-61;29-64;16-67;12-62,16-67,71,-8
random,random_robot_56,10,6,1,SimpleHill,0-0,0,68,16-67,10-61;20-60;19-69;7-64;16-60;25-64,19-69,73,2
random,random_robot_56,10,6,1,SimpleHill,0-0,0,69,19-69,20-65;24-65;24-70;21-62;14-66;25-65,25-65,83,10
random,random_robot_56,10,6,1,SimpleHill,0-0,0,70,25-65,23-63;23-70;21-67;20-57;18-60;19-69,23-63,82,-1
random,random_robot_56,10,6,1,SimpleHill,0-0,0,71,23-63,29-65;30-56;30-65;20-57;26-66;29-66,30-56,91,9
random,random_robot_56,10,6,1,SimpleHill,0-0,0,72,30-56,32-57;28-49;20-56;27-61;22-57;25-50,22-57,83,-8
random,random_robot_56,10,6,1,SimpleHill,0-0,0,73,22-57,14-57;25-54;30-54;18-60;25-62;26-58,18-60,77,-6
random,random_robot_56,10,6,1,SimpleHill,0-0,0,74,18-60,20-59;17-54;22-64;10-58;24-65;22-69,22-64,80,3
random,random_robot_56,10,6,1,SimpleHill,0-0,0,75,22-64,18-56;15-66;31-65;27-69;19-60;18-69,18-69,72,-8
random,random_robot_56,10,6,1,SimpleHill,0-0,0,76,18-69,25-63;24-67;21-68;22-60;9-66;12-62,25-63,84,12
random,random_robot_56,10,6,1,SimpleHill,0-0,0,77,25-63,17-57;22-61;16-61;32-70;16-63;17-61,16-61,74,-10
random,random_robot_56,10,6,1,SimpleHill,0-0,0,78,16-61,19-55;10-63;17-66;23-62;8-55;18-56,17-66,73,-1
random,random_robot_56,10,6,1,SimpleHill,0-0,0,79,17-66,26-69;25-69;14-58;21-70;22-65;23-61,21-70,75,2
