simulation_type,subj_id,sight_radius,n_gabors,block_ix,landscape_name,starting_pos,starting_score,trial,pos,stims,selected,score,delta
random,random_robot_127,10,6,1,SimpleHill,0-0,0,0,0-0,1-2;3-0;7-3;3-9;2-8;2-7,3-0,5,5
random,random_robot_127,10,6,1,SimpleHill,0-0,0,1,3-0,0-6;7-4;3-2;4-8;8-7;7-8,8-7,27,22
random,random_robot_127,10,6,1,SimpleHill,0-0,0,2,8-7,8-14;1-14;12-2;3-1;16-6;5-6,12-2,25,-2
random,random_robot_127,10,6,1,SimpleHill,0-0,0,3,12-2,18-0;16-11;6-2;4-7;17-7;10-3,17-7,41,16
random,random_robot_127,10,6,1,SimpleHill,0-0,0,4,17-7,20-4;23-4;9-4;18-9;11-4;14-1,11-4,27,-14
random,random_robot_127,10,6,1,SimpleHill,0-0,0,5,11-4,14-9;6-9;9-9;9-7;16-2;4-1,9-7,29,2
random,random_robot_127,10,6,1,SimpleHill,0-0,0,6,9-7,7-9;1-4;2-12;14-0;11-5;3-7,3-7,18,-11
random,random_robot_127,10,6,1,SimpleHill,0-0,0,7,3-7,6-12;11-8;7-11;9-10;8-13;0-2,9-10,34,16
random,random_robot_127,10,6,1,SimpleHill,0-0,0,8,9-10,2-12;0-6;13-5;16-16;7-2;15-8,0-6,11,-23
random,random_robot_127,10,6,1,SimpleHill,0-0,0,9,0-6,5-12;6-14;0-11;9-3;3-7;4-2,3-7,18,7
random,random_robot_127,10,6,1,SimpleHill,0-0,0,10,3-7,7-0;9-14;10-3;5-2;3-5;9-13,9-14,40,22
random,random_robot_127,10,6,1,SimpleHill,0-0,0,11,9-14,5-6;14-9;17-19;17-20;7-7;6-12,14-9,40,0
random,random_robot_127,10,6,1,SimpleHill,0-0,0,12,14-9,15-4;10-8;15-1;11-2;7-5;12-17,11-2,23,-17
random,random_robot_127,10,6,1,SimpleHill,0-0,0,13,11-2,5-0;13-10;16-6;8-3;8-0;14-7,16-6,38,15
random,random_robot_127,10,6,1,SimpleHill,0-0,0,14,16-6,23-9;12-12;15-5;12-6;13-4;9-12,23-9,51,13
random,random_robot_127,10,6,1,SimpleHill,0-0,0,15,23-9,18-10;30-2;25-6;19-9;28-5;19-6,30-2,45,-6
random,random_robot_127,10,6,1,SimpleHill,0-0,0,16,30-2,30-8;38-5;36-0;37-4;34-6;25-0,25-0,37,-8
random,random_robot_127,10,6,1,SimpleHill,0-0,0,17,25-0,18-1;20-7;18-3;19-2;31-7;20-2,20-7,45,8
random,random_robot_127,10,6,1,SimpleHill,0-0,0,18,20-7,18-16;23-10;12-12;13-12;20-14;17-9,12-12,42,-3
random,random_robot_127,10,6,1,SimpleHill,0-0,0,19,12-12,11-10;7-9;7-18;8-8;12-3;7-19,7-18,42,0
random,random_robot_127,10,6,1,SimpleHill,0-0,0,20,7-18,8-10;13-21;6-22;4-17;7-13;12-11,7-13,35,-7
random,random_robot_127,10,6,1,SimpleHill,0-0,0,21,7-13,8-16;7-20;6-17;0-20;15-9;2-20,15-9,41,6
random,random_robot_127,10,6,1,SimpleHill,0-0,0,22,15-9,7-10;14-14;22-9;24-12;14-17;23-9,14-17,52,11
random,random_robot_127,10,6,1,SimpleHill,0-0,0,23,14-17,22-12;11-13;17-16;22-13;19-17;23-13,23-13,58,6
random,random_robot_127,10,6,1,SimpleHill,0-0,0,24,23-13,26-11;21-20;16-6;14-14;24-22;18-16,26-11,58,0
random,random_robot_127,10,6,1,SimpleHill,0-0,0,25,26-11,21-5;17-13;20-7;26-9;35-13;35-8,26-9,54,-4
random,random_robot_127,10,6,1,SimpleHill,0-0,0,26,26-9,20-9;34-13;27-0;33-14;31-9;35-5,33-14,68,14
random,random_robot_127,10,6,1,SimpleHill,0-0,0,27,33-14,37-10;39-20;35-21;41-9;40-15;35-19,40-15,73,5
random,random_robot_127,10,6,1,SimpleHill,0-0,0,28,40-15,37-16;42-13;33-20;43-13;41-6;37-13,37-13,69,-4
random,random_robot_127,10,6,1,SimpleHill,0-0,0,29,37-13,30-8;33-6;38-17;37-11;37-3;44-6,37-11,66,-3
random,random_robot_127,10,6,1,SimpleHill,0-0,0,30,37-11,31-8;42-15;41-11;42-7;36-19;30-7,30-7,55,-11
random,random_robot_127,10,6,1,SimpleHill,0-0,0,31,30-7,23-9;26-11;34-8;30-9;27-8;27-15,26-11,58,3
random,random_robot_127,10,6,1,SimpleHill,0-0,0,32,26-11,23-6;17-13;25-14;30-2;22-12;19-17,25-14,61,3
random,random_robot_127,10,6,1,SimpleHill,0-0,0,33,25-14,25-17;25-5;27-14;21-17;30-18;21-13,30-18,71,10
random,random_robot_127,10,6,1,SimpleHill,0-0,0,34,30-18,34-26;33-14;32-12;22-17;24-18;36-15,36-15,71,0
random,random_robot_127,10,6,1,SimpleHill,0-0,0,35,36-15,38-18;39-11;29-19;33-14;40-24;28-15,28-15,65,-6
random,random_robot_127,10,6,1,SimpleHill,0-0,0,36,28-15,32-22;22-17;30-20;23-7;20-11;26-24,32-22,77,12
random,random_robot_127,10,6,1,SimpleHill,0-0,0,37,32-22,35-31;38-14;38-15;27-23;27-28;40-19,35-31,88,11
random,random_robot_127,10,6,1,SimpleHill,0-0,0,38,35-31,34-29;36-40;36-30;41-39;30-28;44-33,36-30,88,0
random,random_robot_127,10,6,1,SimpleHill,0-0,0,39,36-30,33-23;38-25;28-29;33-33;32-30;28-25,32-30,85,-3
random,random_robot_127,10,6,1,SimpleHill,0-0,0,40,32-30,23-26;34-27;39-37;39-23;33-35;37-27,39-37,94,9
random,random_robot_127,10,6,1,SimpleHill,0-0,0,41,39-37,36-34;37-40;44-38;40-29;30-41;35-28,37-40,94,0
random,random_robot_127,10,6,1,SimpleHill,0-0,0,42,37-40,30-46;45-35;30-41;33-39;34-44;43-45,30-41,90,-4
random,random_robot_127,10,6,1,SimpleHill,0-0,0,43,30-41,27-35;35-35;35-41;29-47;24-45;34-38,29-47,91,1
random,random_robot_127,10,6,1,SimpleHill,0-0,0,44,29-47,31-42;34-42;37-48;34-45;35-54;23-48,34-42,93,2
random,random_robot_127,10,6,1,SimpleHill,0-0,0,45,34-42,25-43;42-40;36-47;38-33;26-36;29-50,26-36,84,-9
random,random_robot_127,10,6,1,SimpleHill,0-0,0,46,26-36,24-30;18-32;31-28;32-28;21-38;34-39,32-28,83,-1
random,random_robot_127,10,6,1,SimpleHill,0-0,0,47,32-28,28-25;35-25;33-33;39-21;31-27;26-20,39-21,80,-3
random,random_robot_127,10,6,1,SimpleHill,0-0,0,48,39-21,48-21;34-26;38-20;43-19;40-19;43-12,48-21,83,3
random,random_robot_127,10,6,1,SimpleHill,0-0,0,49,48-21,44-25;51-14;46-29;49-23;48-28;45-26,49-23,85,2
random,random_robot_127,10,6,1,SimpleHill,0-0,0,50,49-23,46-32;42-19;51-14;50-23;50-28;43-15,51-14,74,-11
random,random_robot_127,10,6,1,SimpleHill,0-0,0,51,51-14,50-21;55-6;52-23;51-8;47-14;51-20,51-20,81,7
random,random_robot_127,10,6,1,SimpleHill,0-0,0,52,51-20,55-28;56-15;47-12;48-28;48-13;47-24,48-13,72,-9
random,random_robot_127,10,6,1,SimpleHill,0-0,0,53,48-13,44-22;50-11;57-10;44-4;51-6;52-13,51-6,61,-11
random,random_robot_127,10,6,1,SimpleHill,0-0,0,54,51-6,48-15;47-8;47-7;57-12;46-14;51-11,57-12,70,9
random,random_robot_127,10,6,1,SimpleHill,0-0,0,55,57-12,50-16;60-3;59-3;58-6;52-6;59-10,52-6,61,-9
random,random_robot_127,10,6,1,SimpleHill,0-0,0,56,52-6,43-7;53-7;44-1;52-3;49-1;44-5,43-7,62,1
random,random_robot_127,10,6,1,SimpleHill,0-0,0,57,43-7,41-11;44-5;38-12;50-10;38-6;35-1,50-10,68,6
random,random_robot_127,10,6,1,SimpleHill,0-0,0,58,50-10,53-18;45-16;42-10;53-15;59-13;47-2,47-2,53,-15
random,random_robot_127,10,6,1,SimpleHill,0-0,0,59,47-2,46-1;42-8;52-1;54-0;44-9;53-2,44-9,65,12
random,random_robot_127,10,6,1,SimpleHill,0-0,0,60,44-9,41-4;42-7;52-7;36-15;48-7;43-2,41-4,56,-9
random,random_robot_127,10,6,1,SimpleHill,0-0,0,61,41-4,37-10;49-0;42-5;39-7;40-9;48-7,49-0,49,-7
random,random_robot_127,10,6,1,SimpleHill,0-0,0,62,49-0,49-1;42-5;53-0;45-0;58-3;44-4,53-0,49,0
random,random_robot_127,10,6,1,SimpleHill,0-0,0,63,53-0,52-9;49-9;48-3;61-1;46-4;49-5,49-5,59,10
random,random_robot_127,10,6,1,SimpleHill,0-0,0,64,49-5,57-8;49-13;43-7;42-6;42-11;52-5,42-6,60,1
random,random_robot_127,10,6,1,SimpleHill,0-0,0,65,42-6,48-10;48-7;47-2;36-5;47-7;42-1,36-5,55,-5
random,random_robot_127,10,6,1,SimpleHill,0-0,0,66,36-5,38-12;28-10;38-1;43-12;40-12;39-7,38-12,68,13
random,random_robot_127,10,6,1,SimpleHill,0-0,0,67,38-12,38-7;42-19;45-13;33-20;31-9;45-11,33-20,76,8
random,random_robot_127,10,6,1,SimpleHill,0-0,0,68,33-20,31-22;28-18;39-13;42-18;25-18;29-13,28-18,69,-7
random,random_robot_127,10,6,1,SimpleHill,0-0,0,69,28-18,31-20;31-13;30-17;24-13;25-9;28-24,31-20,74,5
random,random_robot_127,10,6,1,SimpleHill,0-0,0,70,31-20,33-21;23-22;31-16;40-20;34-20;22-22,40-20,80,6
random,random_robot_127,10,6,1,SimpleHill,0-0,0,71,40-20,43-19;37-29;41-25;38-13;46-25;33-19,37-29,87,7
random,random_robot_127,10,6,1,SimpleHill,0-0,0,72,37-29,35-38;35-23;28-29;47-29;45-30;38-29,47-29,91,4
random,random_robot_127,10,6,1,SimpleHill,0-0,0,73,47-29,51-23;51-28;43-25;48-30;51-37;39-24,51-23,85,-6
random,random_robot_127,10,6,1,SimpleHill,0-0,0,74,51-23,48-17;48-23;54-32;48-21;45-31;52-30,52-30,91,6
random,random_robot_127,10,6,1,SimpleHill,0-0,0,75,52-30,58-27;49-35;50-29;50-27;52-24;54-22,52-24,86,-5
random,random_robot_127,10,6,1,SimpleHill,0-0,0,76,52-24,50-30;44-26;54-16;56-32;48-31;49-31,50-30,92,6
random,random_robot_127,10,6,1,SimpleHill,0-0,0,77,50-30,47-28;42-35;51-22;50-29;50-35;44-27,42-35,94,2
random,random_robot_127,10,6,1,SimpleHill,0-0,0,78,42-35,50-40;37-35;45-35;46-26;41-27;47-29,46-26,88,-6
random,random_robot_127,10,6,1,SimpleHill,0-0,0,79,46-26,51-22;43-28;54-20;40-28;40-24;53-19,43-28,89,1
