simulation_type,subj_id,sight_radius,n_gabors,block_ix,landscape_name,starting_pos,starting_score,trial,pos,stims,selected,score,delta
random,random_robot_130,10,6,1,SimpleHill,0-0,0,0,0-0,9-2;0-3;2-1;6-7;5-5;8-0,0-3,5,5
random,random_robot_130,10,6,1,SimpleHill,0-0,0,1,0-3,0-13;3-5;1-0;6-4;1-12;4-4,4-4,15,10
random,random_robot_130,10,6,1,SimpleHill,0-0,0,2,4-4,7-1;9-8;1-12;5-12;3-9;10-9,10-9,34,19
random,random_robot_130,10,6,1,SimpleHill,0-0,0,3,10-9,17-16;17-6;3-15;3-13;13-8;11-11,3-13,28,-6
random,random_robot_130,10,6,1,SimpleHill,0-0,0,4,3-13,2-17;6-11;5-18;11-16;6-21;1-13,5-18,39,11
random,random_robot_130,10,6,1,SimpleHill,0-0,0,5,5-18,11-18;2-22;1-13;0-18;9-21;3-13,1-13,24,-15
random,random_robot_130,10,6,1,SimpleHill,0-0,0,6,1-13,10-10;4-20;6-16;3-16;9-8;0-14,4-20,39,15
random,random_robot_130,10,6,1,SimpleHill,0-0,0,7,4-20,0-19;10-13;9-13;2-25;13-24;4-11,0-19,30,-9
random,random_robot_130,10,6,1,SimpleHill,0-0,0,8,0-19,3-27;7-26;2-27;6-20;4-12;6-19,6-19,42,12
random,random_robot_130,10,6,1,SimpleHill,0-0,0,9,6-19,0-20;5-22;1-15;13-22;7-19;14-19,13-22,56,14
random,random_robot_130,10,6,1,SimpleHill,0-0,0,10,13-22,13-19;5-17;18-28;7-29;13-13;18-27,18-28,69,13
random,random_robot_130,10,6,1,SimpleHill,0-0,0,11,18-28,19-26;13-25;27-25;24-36;10-29;19-24,10-29,59,-10
random,random_robot_130,10,6,1,SimpleHill,0-0,0,12,10-29,10-27;19-32;8-35;4-31;12-22;11-38,4-31,50,-9
random,random_robot_130,10,6,1,SimpleHill,0-0,0,13,4-31,8-26;1-35;9-26;10-24;10-39;5-40,8-26,53,3
random,random_robot_130,10,6,1,SimpleHill,0-0,0,14,8-26,7-35;5-26;9-35;15-32;12-35;9-23,15-32,69,16
random,random_robot_130,10,6,1,SimpleHill,0-0,0,15,15-32,15-22;11-35;21-31;17-26;16-24;10-40,15-22,59,-10
random,random_robot_130,10,6,1,SimpleHill,0-0,0,16,15-22,14-17;13-31;8-23;12-23;11-15;17-26,17-26,66,7
random,random_robot_130,10,6,1,SimpleHill,0-0,0,17,17-26,14-21;17-24;21-26;22-25;16-27;14-23,17-24,64,-2
random,random_robot_130,10,6,1,SimpleHill,0-0,0,18,17-24,13-15;13-29;18-28;10-18;20-15;18-32,13-29,63,-1
random,random_robot_130,10,6,1,SimpleHill,0-0,0,19,13-29,10-27;13-37;22-25;17-24;8-32;21-23,13-37,69,6
random,random_robot_130,10,6,1,SimpleHill,0-0,0,20,13-37,18-29;11-42;7-40;14-33;3-37;4-40,14-33,68,-1
random,random_robot_130,10,6,1,SimpleHill,0-0,0,21,14-33,7-26;7-28;23-36;15-31;9-33;8-38,9-33,60,-8
random,random_robot_130,10,6,1,SimpleHill,0-0,0,22,9-33,1-39;9-30;14-36;10-36;18-32;5-39,14-36,70,10
random,random_robot_130,10,6,1,SimpleHill,0-0,0,23,14-36,11-36;14-41;10-28;9-39;22-40;14-28,22-40,82,12
random,random_robot_130,10,6,1,SimpleHill,0-0,0,24,22-40,22-30;23-36;20-33;19-42;25-35;26-31,23-36,81,-1
random,random_robot_130,10,6,1,SimpleHill,0-0,0,25,23-36,16-39;14-36;28-37;15-41;30-36;16-40,30-36,88,7
random,random_robot_130,10,6,1,SimpleHill,0-0,0,26,30-36,23-39;32-39;33-39;22-41;34-31;25-36,25-36,83,-5
random,random_robot_130,10,6,1,SimpleHill,0-0,0,27,25-36,30-40;22-35;17-30;19-31;19-39;26-29,17-30,70,-13
random,random_robot_130,10,6,1,SimpleHill,0-0,0,28,17-30,10-35;14-22;24-34;20-30;20-38;21-29,10-35,63,-7
random,random_robot_130,10,6,1,SimpleHill,0-0,0,29,10-35,8-31;11-31;16-29;17-38;6-31;10-37,16-29,68,5
random,random_robot_130,10,6,1,SimpleHill,0-0,0,30,16-29,16-20;15-32;26-29;13-24;7-29;20-21,13-24,59,-9
random,random_robot_130,10,6,1,SimpleHill,0-0,0,31,13-24,18-17;6-22;15-24;12-16;12-27;10-25,10-25,55,-4
random,random_robot_130,10,6,1,SimpleHill,0-0,0,32,10-25,4-21;8-21;8-20;14-18;17-28;12-17,8-20,46,-9
random,random_robot_130,10,6,1,SimpleHill,0-0,0,33,8-20,0-16;15-19;16-24;6-27;9-18;10-23,10-23,53,7
random,random_robot_130,10,6,1,SimpleHill,0-0,0,34,10-23,7-23;15-17;6-26;6-16;10-25;7-21,6-26,49,-4
random,random_robot_130,10,6,1,SimpleHill,0-0,0,35,6-26,9-22;5-29;0-29;6-17;3-31;3-21,5-29,50,1
random,random_robot_130,10,6,1,SimpleHill,0-0,0,36,5-29,2-27;12-24;8-23;10-36;11-34;6-34,8-23,50,0
random,random_robot_130,10,6,1,SimpleHill,0-0,0,37,8-23,11-20;14-20;8-20;9-23;6-17;3-17,9-23,51,1
random,random_robot_130,10,6,1,SimpleHill,0-0,0,38,9-23,6-27;12-25;6-29;15-16;9-16;13-29,12-25,58,7
random,random_robot_130,10,6,1,SimpleHill,0-0,0,39,12-25,13-33;17-18;13-29;8-16;10-31;20-22,13-29,63,5
random,random_robot_130,10,6,1,SimpleHill,0-0,0,40,13-29,15-26;7-22;13-27;20-23;20-22;5-29,15-26,63,0
random,random_robot_130,10,6,1,SimpleHill,0-0,0,41,15-26,6-26;9-32;12-28;20-32;14-23;10-30,10-30,60,-3
random,random_robot_130,10,6,1,SimpleHill,0-0,0,42,10-30,18-28;2-35;12-23;14-31;2-25;8-35,2-25,41,-19
random,random_robot_130,10,6,1,SimpleHill,0-0,0,43,2-25,5-18;2-16;2-28;3-33;9-24;2-32,3-33,50,9
random,random_robot_130,10,6,1,SimpleHill,0-0,0,44,3-33,7-28;9-32;10-30;3-39;8-29;3-28,7-28,53,3
random,random_robot_130,10,6,1,SimpleHill,0-0,0,45,7-28,13-28;2-27;1-34;1-36;8-35;11-24,11-24,56,3
random,random_robot_130,10,6,1,SimpleHill,0-0,0,46,11-24,9-28;8-26;5-29;14-28;9-18;12-26,12-26,59,3
random,random_robot_130,10,6,1,SimpleHill,0-0,0,47,12-26,16-35;21-23;15-20;11-20;9-19;10-23,9-19,47,-12
random,random_robot_130,10,6,1,SimpleHill,0-0,0,48,9-19,10-12;12-17;2-15;3-17;12-16;8-22,2-15,29,-18
random,random_robot_130,10,6,1,SimpleHill,0-0,0,49,2-15,2-22;8-19;3-7;5-18;2-24;4-11,8-19,45,16
random,random_robot_130,10,6,1,SimpleHill,0-0,0,50,8-19,5-12;3-11;13-22;8-17;9-11;11-27,8-17,42,-3
random,random_robot_130,10,6,1,SimpleHill,0-0,0,51,8-17,6-16;1-24;6-18;8-22;15-18;14-21,14-21,57,15
random,random_robot_130,10,6,1,SimpleHill,0-0,0,52,14-21,11-22;22-18;5-25;10-28;15-25;12-20,11-22,53,-4
random,random_robot_130,10,6,1,SimpleHill,0-0,0,53,11-22,10-31;7-18;5-22;9-19;15-21;15-24,15-21,58,5
random,random_robot_130,10,6,1,SimpleHill,0-0,0,54,15-21,10-18;22-19;13-22;13-16;10-22;11-25,13-22,56,-2
random,random_robot_130,10,6,1,SimpleHill,0-0,0,55,13-22,18-28;18-25;20-15;16-20;9-18;21-24,20-15,57,1
random,random_robot_130,10,6,1,SimpleHill,0-0,0,56,20-15,13-21;14-23;16-11;17-18;18-19;21-17,13-21,55,-2
random,random_robot_130,10,6,1,SimpleHill,0-0,0,57,13-21,9-21;10-18;15-25;7-20;16-22;12-27,12-27,60,5
random,random_robot_130,10,6,1,SimpleHill,0-0,0,58,12-27,6-32;7-35;7-29;10-35;14-30;13-26,7-35,58,-2
random,random_robot_130,10,6,1,SimpleHill,0-0,0,59,7-35,13-37;7-25;16-36;8-37;10-37;13-43,16-36,72,14
random,random_robot_130,10,6,1,SimpleHill,0-0,0,60,16-36,12-34;19-27;16-38;23-29;22-35;16-31,12-34,66,-6
random,random_robot_130,10,6,1,SimpleHill,0-0,0,61,12-34,15-27;10-29;12-32;12-28;19-28;5-30,15-27,64,-2
random,random_robot_130,10,6,1,SimpleHill,0-0,0,62,15-27,9-24;18-22;10-26;19-20;16-26;24-31,19-20,62,-2
random,random_robot_130,10,6,1,SimpleHill,0-0,0,63,19-20,21-18;25-26;18-17;18-27;24-14;22-29,21-18,62,0
random,random_robot_130,10,6,1,SimpleHill,0-0,0,64,21-18,17-26;20-26;21-27;28-15;26-23;19-21,19-21,63,1
random,random_robot_130,10,6,1,SimpleHill,0-0,0,65,19-21,17-25;22-17;18-15;23-28;16-25;15-27,16-25,64,1
random,random_robot_130,10,6,1,SimpleHill,0-0,0,66,16-25,11-28;18-33;16-34;11-18;11-23;14-31,18-33,73,9
random,random_robot_130,10,6,1,SimpleHill,0-0,0,67,18-33,26-33;14-39;27-30;10-32;17-29;19-27,27-30,81,8
random,random_robot_130,10,6,1,SimpleHill,0-0,0,68,27-30,24-21;30-38;24-36;29-34;32-36;23-39,24-21,69,-12
random,random_robot_130,10,6,1,SimpleHill,0-0,0,69,24-21,20-14;21-15;18-29;28-22;23-12;24-13,23-12,56,-13
random,random_robot_130,10,6,1,SimpleHill,0-0,0,70,23-12,18-10;24-12;21-15;28-11;26-18;21-14,24-12,57,1
random,random_robot_130,10,6,1,SimpleHill,0-0,0,71,24-12,33-9;21-3;23-19;29-14;16-12;24-11,21-3,39,-18
random,random_robot_130,10,6,1,SimpleHill,0-0,0,72,21-3,26-9;17-1;25-2;26-0;28-9;24-4,28-9,56,17
random,random_robot_130,10,6,1,SimpleHill,0-0,0,73,28-9,27-10;27-16;31-14;26-13;36-14;32-1,32-1,45,-11
random,random_robot_130,10,6,1,SimpleHill,0-0,0,74,32-1,32-1;24-5;33-1;33-4;31-3;39-6,39-6,58,13
random,random_robot_130,10,6,1,SimpleHill,0-0,0,75,39-6,42-1;34-9;31-11;41-14;36-10;40-13,40-13,70,12
random,random_robot_130,10,6,1,SimpleHill,0-0,0,76,40-13,41-12;44-17;43-18;40-5;45-12;34-5,34-5,54,-16
random,random_robot_130,10,6,1,SimpleHill,0-0,0,77,34-5,40-11;39-3;41-11;41-9;40-6;30-6,41-9,64,10
random,random_robot_130,10,6,1,SimpleHill,0-0,0,78,41-9,49-8;37-15;38-15;41-11;48-2;39-5,41-11,67,3
random,random_robot_130,10,6,1,SimpleHill,0-0,0,79,41-11,37-6;32-14;43-10;34-5;37-16;47-12,32-14,67,0
