simulation_type,subj_id,sight_radius,n_gabors,block_ix,landscape_name,starting_pos,starting_score,trial,pos,stims,selected,score,delta
random,random_robot_186,10,6,1,SimpleHill,0-0,0,0,0-0,0-6;4-7;8-5;8-0;5-1;8-1,8-1,16,16
random,random_robot_186,10,6,1,SimpleHill,0-0,0,1,8-1,13-3;12-5;12-8;7-3;0-1;6-3,0-1,1,-15
random,random_robot_186,10,6,1,SimpleHill,0-0,0,2,0-1,0-10;3-2;3-10;5-9;2-7;3-1,5-9,25,24
random,random_robot_186,10,6,1,SimpleHill,0-0,0,3,5-9,9-13;11-8;8-9;0-6;6-8;2-12,11-8,34,9
random,random_robot_186,10,6,1,SimpleHill,0-0,0,4,11-8,2-9;2-10;5-10;12-6;17-6;15-14,2-9,20,-14
random,random_robot_186,10,6,1,SimpleHill,0-0,0,5,2-9,5-0;3-10;3-15;9-14;9-13;7-5,3-15,31,11
random,random_robot_186,10,6,1,SimpleHill,0-0,0,6,3-15,6-20;1-17;6-8;5-23;11-13;3-23,5-23,44,13
random,random_robot_186,10,6,1,SimpleHill,0-0,0,7,5-23,5-25;3-26;9-17;4-25;1-21;4-20,4-20,39,-5
random,random_robot_186,10,6,1,SimpleHill,0-0,0,8,4-20,4-10;11-13;8-26;10-21;7-28;9-27,11-13,42,3
random,random_robot_186,10,6,1,SimpleHill,0-0,0,9,11-13,20-15;8-13;13-19;8-15;3-7;4-19,4-19,38,-4
random,random_robot_186,10,6,1,SimpleHill,0-0,0,10,4-19,0-13;4-13;2-27;8-20;10-21;11-25,0-13,22,-16
random,random_robot_186,10,6,1,SimpleHill,0-0,0,11,0-13,4-7;1-4;3-14;8-15;2-4;3-10,3-10,23,1
random,random_robot_186,10,6,1,SimpleHill,0-0,0,12,3-10,2-17;4-12;2-11;10-12;9-18;0-19,2-17,32,9
random,random_robot_186,10,6,1,SimpleHill,0-0,0,13,2-17,0-16;6-12;7-23;4-12;4-13;3-16,3-16,32,0
random,random_robot_186,10,6,1,SimpleHill,0-0,0,14,3-16,9-16;5-22;3-10;2-13;2-22;2-20,5-22,43,11
random,random_robot_186,10,6,1,SimpleHill,0-0,0,15,5-22,4-29;5-23;7-18;8-22;0-26;6-18,4-29,48,5
random,random_robot_186,10,6,1,SimpleHill,0-0,0,16,4-29,4-30;7-28;7-20;2-38;1-30;4-25,4-30,49,1
random,random_robot_186,10,6,1,SimpleHill,0-0,0,17,4-30,9-31;0-30;9-32;2-26;11-33;13-33,0-30,42,-7
random,random_robot_186,10,6,1,SimpleHill,0-0,0,18,0-30,7-36;5-25;4-38;2-34;6-30;7-25,2-34,48,6
random,random_robot_186,10,6,1,SimpleHill,0-0,0,19,2-34,9-36;6-34;9-41;2-40;5-34;6-42,6-42,60,12
random,random_robot_186,10,6,1,SimpleHill,0-0,0,20,6-42,15-45;9-47;15-46;6-47;6-51;9-48,15-46,75,15
random,random_robot_186,10,6,1,SimpleHill,0-0,0,21,15-46,25-46;16-55;8-43;6-46;16-45;19-37,6-46,60,-15
random,random_robot_186,10,6,1,SimpleHill,0-0,0,22,6-46,12-50;7-40;13-44;5-42;8-41;2-50,2-50,53,-7
random,random_robot_186,10,6,1,SimpleHill,0-0,0,23,2-50,11-51;0-51;1-50;4-48;6-49;2-57,6-49,61,8
random,random_robot_186,10,6,1,SimpleHill,0-0,0,24,6-49,9-47;10-41;0-43;9-41;7-48;8-57,7-48,62,1
random,random_robot_186,10,6,1,SimpleHill,0-0,0,25,7-48,10-49;6-39;10-51;10-40;12-51;6-42,12-51,71,9
random,random_robot_186,10,6,1,SimpleHill,0-0,0,26,12-51,19-45;9-51;4-57;13-53;4-49;14-42,13-53,72,1
random,random_robot_186,10,6,1,SimpleHill,0-0,0,27,13-53,4-56;13-49;5-49;6-50;17-49;5-47,5-47,59,-13
random,random_robot_186,10,6,1,SimpleHill,0-0,0,28,5-47,7-41;10-39;12-44;5-46;1-39;3-41,5-46,59,0
random,random_robot_186,10,6,1,SimpleHill,0-0,0,29,5-46,10-50;7-49;8-50;3-53;11-50;11-52,3-53,55,-4
random,random_robot_186,10,6,1,SimpleHill,0-0,0,30,3-53,3-46;8-50;5-50;13-53;2-45;0-59,0-59,48,-7
random,random_robot_186,10,6,1,SimpleHill,0-0,0,31,0-59,0-65;6-56;9-58;6-63;2-63;8-65,9-58,65,17
random,random_robot_186,10,6,1,SimpleHill,0-0,0,32,9-58,12-60;0-60;8-67;4-64;3-66;4-60,8-67,58,-7
random,random_robot_186,10,6,1,SimpleHill,0-0,0,33,8-67,5-60;17-67;6-64;9-62;8-63;4-65,6-64,57,-1
random,random_robot_186,10,6,1,SimpleHill,0-0,0,34,6-64,5-66;2-65;12-60;1-60;3-62;4-69,5-66,54,-3
random,random_robot_186,10,6,1,SimpleHill,0-0,0,35,5-66,8-58;4-61;5-61;7-60;5-66;2-61,5-61,57,3
random,random_robot_186,10,6,1,SimpleHill,0-0,0,36,5-61,10-56;7-67;1-54;9-63;1-64;3-53,3-53,55,-2
random,random_robot_186,10,6,1,SimpleHill,0-0,0,37,3-53,8-55;7-53;1-59;6-51;8-57;6-53,6-53,61,6
random,random_robot_186,10,6,1,SimpleHill,0-0,0,38,6-53,8-56;12-46;11-49;2-45;14-48;6-47,2-45,53,-8
random,random_robot_186,10,6,1,SimpleHill,0-0,0,39,2-45,7-53;3-45;10-49;2-44;8-45;7-47,10-49,67,14
random,random_robot_186,10,6,1,SimpleHill,0-0,0,40,10-49,15-46;4-54;7-57;16-53;6-55;3-49,7-57,62,-5
random,random_robot_186,10,6,1,SimpleHill,0-0,0,41,7-57,7-51;5-58;11-51;13-56;11-59;1-55,11-59,67,5
random,random_robot_186,10,6,1,SimpleHill,0-0,0,42,11-59,10-68;16-62;8-64;6-56;8-51;13-53,6-56,60,-7
random,random_robot_186,10,6,1,SimpleHill,0-0,0,43,6-56,7-64;5-58;9-59;7-52;10-64;0-57,5-58,58,-2
random,random_robot_186,10,6,1,SimpleHill,0-0,0,44,5-58,14-58;7-57;9-54;10-57;6-52;14-55,7-57,62,4
random,random_robot_186,10,6,1,SimpleHill,0-0,0,45,7-57,7-59;2-56;10-63;5-57;8-52;4-61,5-57,58,-4
random,random_robot_186,10,6,1,SimpleHill,0-0,0,46,5-57,7-61;10-65;5-61;14-55;7-55;10-61,10-65,63,5
random,random_robot_186,10,6,1,SimpleHill,0-0,0,47,10-65,10-67;15-65;6-59;12-56;8-56;1-68,8-56,64,1
random,random_robot_186,10,6,1,SimpleHill,0-0,0,48,8-56,1-56;13-64;16-60;10-53;9-65;15-49,10-53,67,3
random,random_robot_186,10,6,1,SimpleHill,0-0,0,49,10-53,4-46;2-52;14-52;8-52;6-57;10-54,14-52,74,7
random,random_robot_186,10,6,1,SimpleHill,0-0,0,50,14-52,15-53;21-49;6-53;17-49;7-56;15-44,21-49,83,9
random,random_robot_186,10,6,1,SimpleHill,0-0,0,51,21-49,12-46;23-40;15-42;16-50;17-46;18-46,16-50,76,-7
random,random_robot_186,10,6,1,SimpleHill,0-0,0,52,16-50,8-51;17-42;23-48;20-57;15-45;23-51,20-57,81,5
random,random_robot_186,10,6,1,SimpleHill,0-0,0,53,20-57,28-55;11-56;26-64;23-63;27-61;24-59,23-63,82,1
random,random_robot_186,10,6,1,SimpleHill,0-0,0,54,23-63,26-56;19-58;25-59;29-62;22-64;24-69,26-56,87,5
random,random_robot_186,10,6,1,SimpleHill,0-0,0,55,26-56,22-49;26-66;24-62;21-50;26-63;31-63,21-50,83,-4
random,random_robot_186,10,6,1,SimpleHill,0-0,0,56,21-50,22-44;26-44;26-48;21-49;16-43;25-53,22-44,83,0
random,random_robot_186,10,6,1,SimpleHill,0-0,0,57,22-44,27-38;25-52;22-39;17-40;17-47;31-41,31-41,91,8
random,random_robot_186,10,6,1,SimpleHill,0-0,0,58,31-41,23-41;33-45;28-40;36-45;35-32;32-50,28-40,88,-3
random,random_robot_186,10,6,1,SimpleHill,0-0,0,59,28-40,30-35;29-45;30-47;28-41;37-41;25-49,30-47,91,3
random,random_robot_186,10,6,1,SimpleHill,0-0,0,60,30-47,22-41;25-41;31-38;30-42;26-54;28-52,25-41,85,-6
random,random_robot_186,10,6,1,SimpleHill,0-0,0,61,25-41,20-42;27-46;27-33;21-34;28-48;33-46,28-48,90,5
random,random_robot_186,10,6,1,SimpleHill,0-0,0,62,28-48,28-48;24-51;25-54;28-49;25-45;23-40,25-45,87,-3
random,random_robot_186,10,6,1,SimpleHill,0-0,0,63,25-45,28-47;31-45;25-37;17-48;31-44;18-40,31-44,92,5
random,random_robot_186,10,6,1,SimpleHill,0-0,0,64,31-44,26-41;33-52;23-41;29-37;26-42;23-47,26-42,87,-5
random,random_robot_186,10,6,1,SimpleHill,0-0,0,65,26-42,27-36;29-40;23-39;20-38;29-48;19-44,29-48,91,4
random,random_robot_186,10,6,1,SimpleHill,0-0,0,66,29-48,33-53;30-55;21-43;26-40;30-39;38-45,30-55,91,0
random,random_robot_186,10,6,1,SimpleHill,0-0,0,67,30-55,38-54;24-56;25-52;27-63;26-64;22-56,27-63,86,-5
random,random_robot_186,10,6,1,SimpleHill,0-0,0,68,27-63,20-59;34-70;23-62;31-61;25-54;29-59,23-62,82,-4
random,random_robot_186,10,6,1,SimpleHill,0-0,0,69,23-62,21-60;26-53;20-62;20-58;29-70;14-66,21-60,81,-1
random,random_robot_186,10,6,1,SimpleHill,0-0,0,70,21-60,15-63;29-56;26-60;19-60;25-53;24-59,24-59,84,3
random,random_robot_186,10,6,1,SimpleHill,0-0,0,71,24-59,22-67;28-54;15-57;27-50;31-66;32-59,27-50,89,5
random,random_robot_186,10,6,1,SimpleHill,0-0,0,72,27-50,22-43;33-57;21-49;34-54;18-49;25-42,34-54,94,5
random,random_robot_186,10,6,1,SimpleHill,0-0,0,73,34-54,35-56;35-58;42-51;34-57;37-49;35-60,35-56,94,0
random,random_robot_186,10,6,1,SimpleHill,0-0,0,74,35-56,33-63;35-47;34-51;39-64;42-54;44-57,39-64,93,-1
random,random_robot_186,10,6,1,SimpleHill,0-0,0,75,39-64,38-56;35-62;43-56;42-67;48-61;31-66,42-67,92,-1
random,random_robot_186,10,6,1,SimpleHill,0-0,0,76,42-67,38-58;48-66;38-62;47-66;41-59;38-66,38-66,92,0
random,random_robot_186,10,6,1,SimpleHill,0-0,0,77,38-66,35-69;41-63;43-61;34-70;44-68;39-65,41-63,95,3
random,random_robot_186,10,6,1,SimpleHill,0-0,0,78,41-63,40-58;46-67;47-69;42-54;35-58;34-66,47-69,92,-3
random,random_robot_186,10,6,1,SimpleHill,0-0,0,79,47-69,54-65;48-65;41-66;45-63;38-69;43-68,48-65,95,3
