simulation_type,subj_id,sight_radius,n_gabors,block_ix,landscape_name,starting_pos,starting_score,trial,pos,stims,selected,score,delta
random,random_robot_160,10,6,1,SimpleHill,0-0,0,0,0-0,6-2;7-2;1-7;6-5;5-8;2-6,6-2,15,15
random,random_robot_160,10,6,1,SimpleHill,0-0,0,1,6-2,5-7;0-10;10-9;7-11;0-5;14-7,10-9,34,19
random,random_robot_160,10,6,1,SimpleHill,0-0,0,2,10-9,15-11;6-1;2-6;15-6;10-8;7-2,15-11,45,11
random,random_robot_160,10,6,1,SimpleHill,0-0,0,3,15-11,13-3;11-6;19-19;21-7;7-11;16-9,11-6,30,-15
random,random_robot_160,10,6,1,SimpleHill,0-0,0,4,11-6,6-2;11-10;6-3;20-10;20-4;16-7,20-10,50,20
random,random_robot_160,10,6,1,SimpleHill,0-0,0,5,20-10,11-12;14-15;28-5;16-9;17-11;26-17,17-11,47,-3
random,random_robot_160,10,6,1,SimpleHill,0-0,0,6,17-11,25-11;19-5;22-19;20-2;23-13;20-20,25-11,57,10
random,random_robot_160,10,6,1,SimpleHill,0-0,0,7,25-11,21-18;19-19;25-4;26-9;31-19;22-16,21-18,62,5
random,random_robot_160,10,6,1,SimpleHill,0-0,0,8,21-18,15-12;22-23;18-26;16-24;17-21;20-17,15-12,46,-16
random,random_robot_160,10,6,1,SimpleHill,0-0,0,9,15-12,12-8;21-5;6-10;17-5;16-3;20-8,21-5,42,-4
random,random_robot_160,10,6,1,SimpleHill,0-0,0,10,21-5,22-6;14-7;23-3;16-13;28-12;30-6,28-12,61,19
random,random_robot_160,10,6,1,SimpleHill,0-0,0,11,28-12,19-11;33-17;33-20;35-19;33-5;34-18,33-20,76,15
random,random_robot_160,10,6,1,SimpleHill,0-0,0,12,33-20,35-24;37-25;26-15;35-28;34-11;26-13,37-25,84,8
random,random_robot_160,10,6,1,SimpleHill,0-0,0,13,37-25,28-26;30-21;31-29;28-27;34-23;46-29,30-21,75,-9
random,random_robot_160,10,6,1,SimpleHill,0-0,0,14,30-21,32-27;31-27;33-29;36-19;32-22;22-26,36-19,76,1
random,random_robot_160,10,6,1,SimpleHill,0-0,0,15,36-19,44-18;46-19;39-28;30-21;36-14;32-21,32-21,76,0
random,random_robot_160,10,6,1,SimpleHill,0-0,0,16,32-21,30-13;28-23;41-25;28-27;41-21;28-18,41-21,81,5
random,random_robot_160,10,6,1,SimpleHill,0-0,0,17,41-21,50-17;35-24;36-26;42-24;40-15;38-27,42-24,85,4
random,random_robot_160,10,6,1,SimpleHill,0-0,0,18,42-24,46-27;44-18;44-15;49-22;47-23;36-31,49-22,84,-1
random,random_robot_160,10,6,1,SimpleHill,0-0,0,19,49-22,40-19;50-13;56-15;52-19;48-18;42-26,52-19,80,-4
random,random_robot_160,10,6,1,SimpleHill,0-0,0,20,52-19,50-24;43-15;60-24;49-15;50-21;60-13,50-21,83,3
random,random_robot_160,10,6,1,SimpleHill,0-0,0,21,50-21,53-23;50-16;58-19;56-13;50-26;57-14,58-19,79,-4
random,random_robot_160,10,6,1,SimpleHill,0-0,0,22,58-19,57-11;50-15;59-19;65-16;52-23;53-26,65-16,72,-7
random,random_robot_160,10,6,1,SimpleHill,0-0,0,23,65-16,60-12;69-13;67-14;70-11;59-23;56-12,59-23,83,11
random,random_robot_160,10,6,1,SimpleHill,0-0,0,24,59-23,65-29;54-23;68-20;63-14;57-20;52-27,68-20,75,-8
random,random_robot_160,10,6,1,SimpleHill,0-0,0,25,68-20,68-16;62-17;68-11;69-26;67-16;64-15,64-15,71,-4
random,random_robot_160,10,6,1,SimpleHill,0-0,0,26,64-15,66-24;64-12;56-18;57-21;65-9;61-23,57-21,82,11
random,random_robot_160,10,6,1,SimpleHill,0-0,0,27,57-21,59-18;53-12;52-20;58-28;53-13;63-20,53-12,70,-12
random,random_robot_160,10,6,1,SimpleHill,0-0,0,28,53-12,50-6;56-14;59-7;51-11;48-14;59-19,51-11,69,-1
random,random_robot_160,10,6,1,SimpleHill,0-0,0,29,51-11,42-9;44-18;59-12;53-19;56-12;58-11,44-18,78,9
random,random_robot_160,10,6,1,SimpleHill,0-0,0,30,44-18,46-11;45-25;49-13;36-14;39-22;42-13,45-25,87,9
random,random_robot_160,10,6,1,SimpleHill,0-0,0,31,45-25,43-19;50-20;42-31;51-17;43-32;39-25,50-20,82,-5
random,random_robot_160,10,6,1,SimpleHill,0-0,0,32,50-20,49-14;58-26;48-20;42-18;59-17;47-18,59-17,76,-6
random,random_robot_160,10,6,1,SimpleHill,0-0,0,33,59-17,54-24;67-15;60-15;59-12;67-16;57-8,67-16,71,-5
random,random_robot_160,10,6,1,SimpleHill,0-0,0,34,67-16,67-21;65-7;70-12;68-21;65-18;66-13,67-21,77,6
random,random_robot_160,10,6,1,SimpleHill,0-0,0,35,67-21,70-15;66-12;60-20;59-27;69-12;65-12,59-27,87,10
random,random_robot_160,10,6,1,SimpleHill,0-0,0,36,59-27,66-30;52-23;63-34;61-18;58-23;64-26,63-34,91,4
random,random_robot_160,10,6,1,SimpleHill,0-0,0,37,63-34,64-41;66-40;62-35;66-29;61-41;61-36,62-35,92,1
random,random_robot_160,10,6,1,SimpleHill,0-0,0,38,62-35,57-34;70-29;67-29;53-39;63-30;56-36,70-29,83,-9
random,random_robot_160,10,6,1,SimpleHill,0-0,0,39,70-29,69-21;69-26;63-27;70-37;65-35;68-24,68-24,80,-3
random,random_robot_160,10,6,1,SimpleHill,0-0,0,40,68-24,61-22;67-30;60-22;64-19;70-22;64-31,70-22,76,-4
random,random_robot_160,10,6,1,SimpleHill,0-0,0,41,70-22,67-30;65-30;61-22;68-15;66-21;63-28,68-15,69,-7
random,random_robot_160,10,6,1,SimpleHill,0-0,0,42,68-15,64-14;67-14;64-15;65-12;61-14;70-9,64-15,71,2
random,random_robot_160,10,6,1,SimpleHill,0-0,0,43,64-15,60-7;68-16;68-11;62-8;64-14;58-15,62-8,61,-10
random,random_robot_160,10,6,1,SimpleHill,0-0,0,44,62-8,60-17;67-12;53-12;64-11;55-13;64-8,67-12,65,4
random,random_robot_160,10,6,1,SimpleHill,0-0,0,45,67-12,69-20;59-6;67-14;69-17;70-18;62-18,70-18,71,6
random,random_robot_160,10,6,1,SimpleHill,0-0,0,46,70-18,64-14;65-25;65-10;68-21;69-19;68-14,68-14,67,-4
random,random_robot_160,10,6,1,SimpleHill,0-0,0,47,68-14,62-17;64-15;64-7;65-15;61-16;62-16,62-16,74,7
random,random_robot_160,10,6,1,SimpleHill,0-0,0,48,62-16,70-11;58-8;62-11;59-24;66-21;70-15,59-24,84,10
random,random_robot_160,10,6,1,SimpleHill,0-0,0,49,59-24,56-24;67-26;51-25;64-17;55-22;57-20,56-24,85,1
random,random_robot_160,10,6,1,SimpleHill,0-0,0,50,56-24,59-23;63-21;63-27;61-27;59-20;57-20,63-27,86,1
random,random_robot_160,10,6,1,SimpleHill,0-0,0,51,63-27,70-27;69-35;63-24;57-20;59-18;65-27,70-27,81,-5
random,random_robot_160,10,6,1,SimpleHill,0-0,0,52,70-27,61-29;61-31;63-28;68-21;70-33;70-29,63-28,86,5
random,random_robot_160,10,6,1,SimpleHill,0-0,0,53,63-28,55-32;58-24;58-28;56-23;66-28;61-31,66-28,85,-1
random,random_robot_160,10,6,1,SimpleHill,0-0,0,54,66-28,60-34;64-20;69-20;60-32;59-33;61-27,60-32,91,6
random,random_robot_160,10,6,1,SimpleHill,0-0,0,55,60-32,62-34;65-28;54-27;60-33;55-38;67-29,54-27,89,-2
random,random_robot_160,10,6,1,SimpleHill,0-0,0,56,54-27,46-26;54-33;53-23;62-25;53-21;60-24,46-26,88,-1
random,random_robot_160,10,6,1,SimpleHill,0-0,0,57,46-26,52-23;43-21;53-32;52-31;55-23;40-22,52-31,92,4
random,random_robot_160,10,6,1,SimpleHill,0-0,0,58,52-31,48-26;56-38;57-31;45-29;56-31;59-29,45-29,90,-2
random,random_robot_160,10,6,1,SimpleHill,0-0,0,59,45-29,48-29;43-31;54-25;45-36;49-30;38-25,45-36,95,5
random,random_robot_160,10,6,1,SimpleHill,0-0,0,60,45-36,54-32;46-30;44-38;47-31;41-35;48-30,41-35,93,-2
random,random_robot_160,10,6,1,SimpleHill,0-0,0,61,41-35,45-44;46-39;48-38;34-40;37-33;44-26,46-39,97,4
random,random_robot_160,10,6,1,SimpleHill,0-0,0,62,46-39,41-34;47-43;40-42;44-38;43-48;37-43,41-34,93,-4
random,random_robot_160,10,6,1,SimpleHill,0-0,0,63,41-34,43-35;42-36;45-34;40-35;35-36;50-34,45-34,94,1
random,random_robot_160,10,6,1,SimpleHill,0-0,0,64,45-34,45-44;49-41;54-34;40-34;41-25;51-35,41-25,85,-9
random,random_robot_160,10,6,1,SimpleHill,0-0,0,65,41-25,40-18;42-27;45-23;36-32;48-24;45-32,48-24,86,1
random,random_robot_160,10,6,1,SimpleHill,0-0,0,66,48-24,42-23;50-20;55-19;57-22;49-33;40-29,57-22,83,-3
random,random_robot_160,10,6,1,SimpleHill,0-0,0,67,57-22,61-28;58-21;49-25;64-21;61-17;63-28,63-28,86,3
random,random_robot_160,10,6,1,SimpleHill,0-0,0,68,63-28,62-30;67-24;63-35;59-22;65-26;70-31,62-30,89,3
random,random_robot_160,10,6,1,SimpleHill,0-0,0,69,62-30,55-26;53-34;63-39;58-23;69-24;55-34,55-34,94,5
random,random_robot_160,10,6,1,SimpleHill,0-0,0,70,55-34,47-28;60-34;50-33;51-30;54-38;55-40,55-40,97,3
random,random_robot_160,10,6,1,SimpleHill,0-0,0,71,55-40,55-34;59-47;57-45;53-37;54-48;47-45,53-37,96,-1
random,random_robot_160,10,6,1,SimpleHill,0-0,0,72,53-37,45-31;60-41;59-34;59-40;53-44;56-42,45-31,92,-4
random,random_robot_160,10,6,1,SimpleHill,0-0,0,73,45-31,38-26;47-37;39-32;48-27;47-25;40-26,48-27,89,-3
random,random_robot_160,10,6,1,SimpleHill,0-0,0,74,48-27,46-22;49-26;55-23;54-31;55-27;50-21,50-21,83,-6
random,random_robot_160,10,6,1,SimpleHill,0-0,0,75,50-21,42-15;56-15;47-12;43-19;51-19;52-18,47-12,70,-13
random,random_robot_160,10,6,1,SimpleHill,0-0,0,76,47-12,48-6;48-19;51-15;54-5;43-21;52-17,48-19,80,10
random,random_robot_160,10,6,1,SimpleHill,0-0,0,77,48-19,40-24;47-23;49-15;42-11;49-11;44-23,42-11,68,-12
random,random_robot_160,10,6,1,SimpleHill,0-0,0,78,42-11,42-8;37-9;45-9;43-19;51-9;48-8,42-8,63,-5
random,random_robot_160,10,6,1,SimpleHill,0-0,0,79,42-8,39-0;41-6;51-6;41-14;42-5;34-5,41-14,72,9
