simulation_type,subj_id,sight_radius,n_gabors,block_ix,landscape_name,starting_pos,starting_score,trial,pos,stims,selected,score,delta
random,random_robot_98,10,6,1,SimpleHill,0-0,0,0,0-0,5-6;4-2;7-7;2-3;1-3;6-3,7-7,26,26
random,random_robot_98,10,6,1,SimpleHill,0-0,0,1,7-7,2-3;14-1;12-3;3-10;0-13;13-2,12-3,26,0
random,random_robot_98,10,6,1,SimpleHill,0-0,0,2,12-3,20-7;6-1;16-0;14-12;8-1;2-3,8-1,16,-10
random,random_robot_98,10,6,1,SimpleHill,0-0,0,3,8-1,11-8;3-7;3-3;6-6;10-1;0-6,6-6,22,6
random,random_robot_98,10,6,1,SimpleHill,0-0,0,4,6-6,4-4;3-11;10-7;4-13;10-10;3-6,3-11,25,3
random,random_robot_98,10,6,1,SimpleHill,0-0,0,5,3-11,0-14;4-7;1-18;2-4;0-16;8-6,4-7,20,-5
random,random_robot_98,10,6,1,SimpleHill,0-0,0,6,4-7,2-11;11-4;7-16;6-3;10-15;4-16,10-15,43,23
random,random_robot_98,10,6,1,SimpleHill,0-0,0,7,10-15,15-20;11-24;15-7;3-11;12-9;8-8,11-24,56,13
random,random_robot_98,10,6,1,SimpleHill,0-0,0,8,11-24,17-24;14-30;17-29;13-27;3-23;16-26,17-29,69,13
random,random_robot_98,10,6,1,SimpleHill,0-0,0,9,17-29,13-28;8-26;15-23;22-28;25-35;8-30,15-23,60,-9
random,random_robot_98,10,6,1,SimpleHill,0-0,0,10,15-23,9-15;16-19;12-30;23-23;14-27;10-26,16-19,57,-3
random,random_robot_98,10,6,1,SimpleHill,0-0,0,11,16-19,17-14;15-26;23-13;13-26;16-24;9-21,15-26,63,6
random,random_robot_98,10,6,1,SimpleHill,0-0,0,12,15-26,13-19;19-21;11-19;18-29;13-25;11-20,11-20,51,-12
random,random_robot_98,10,6,1,SimpleHill,0-0,0,13,11-20,19-20;11-28;15-25;6-27;18-15;13-16,15-25,63,12
random,random_robot_98,10,6,1,SimpleHill,0-0,0,14,15-25,14-30;9-31;16-22;9-26;18-23;20-17,16-22,61,-2
random,random_robot_98,10,6,1,SimpleHill,0-0,0,15,16-22,18-29;9-29;21-30;8-23;19-15;25-21,9-29,57,-4
random,random_robot_98,10,6,1,SimpleHill,0-0,0,16,9-29,5-38;14-25;12-26;7-36;16-33;10-29,7-36,59,2
random,random_robot_98,10,6,1,SimpleHill,0-0,0,17,7-36,12-31;9-45;5-32;9-38;10-40;1-42,9-38,63,4
random,random_robot_98,10,6,1,SimpleHill,0-0,0,18,9-38,11-35;1-43;8-47;4-33;10-44;4-42,10-44,67,4
random,random_robot_98,10,6,1,SimpleHill,0-0,0,19,10-44,3-43;10-45;4-38;5-41;8-50;5-46,8-50,64,-3
random,random_robot_98,10,6,1,SimpleHill,0-0,0,20,8-50,16-55;14-47;4-50;2-57;0-46;10-47,14-47,73,9
random,random_robot_98,10,6,1,SimpleHill,0-0,0,21,14-47,18-50;9-50;21-54;7-53;15-56;8-40,21-54,82,9
random,random_robot_98,10,6,1,SimpleHill,0-0,0,22,21-54,23-62;15-50;18-61;25-60;12-54;15-56,15-50,75,-7
random,random_robot_98,10,6,1,SimpleHill,0-0,0,23,15-50,21-54;15-40;17-50;13-43;23-53;12-46,12-46,70,-5
random,random_robot_98,10,6,1,SimpleHill,0-0,0,24,12-46,15-51;12-41;11-45;13-44;17-38;9-50,9-50,66,-4
random,random_robot_98,10,6,1,SimpleHill,0-0,0,25,9-50,11-57;17-52;6-54;13-57;14-42;3-45,6-54,60,-6
random,random_robot_98,10,6,1,SimpleHill,0-0,0,26,6-54,11-57;7-59;5-58;14-57;0-62;13-61,11-57,68,8
random,random_robot_98,10,6,1,SimpleHill,0-0,0,27,11-57,7-58;7-55;14-58;9-57;11-47;16-49,14-58,72,4
random,random_robot_98,10,6,1,SimpleHill,0-0,0,28,14-58,20-62;21-54;6-64;7-60;22-59;6-59,6-64,57,-15
random,random_robot_98,10,6,1,SimpleHill,0-0,0,29,6-64,5-62;13-61;11-64;0-66;13-67;8-67,0-66,44,-13
random,random_robot_98,10,6,1,SimpleHill,0-0,0,30,0-66,9-65;6-62;8-60;6-60;2-61;2-67,2-67,48,4
random,random_robot_98,10,6,1,SimpleHill,0-0,0,31,2-67,6-58;7-59;3-67;4-64;11-63;5-63,7-59,61,13
random,random_robot_98,10,6,1,SimpleHill,0-0,0,32,7-59,6-53;15-65;6-60;2-57;12-65;12-67,6-53,61,0
random,random_robot_98,10,6,1,SimpleHill,0-0,0,33,6-53,5-44;8-44;16-53;13-52;1-61;10-57,8-44,64,3
random,random_robot_98,10,6,1,SimpleHill,0-0,0,34,8-44,2-44;12-41;14-51;1-38;1-40;10-44,2-44,53,-11
random,random_robot_98,10,6,1,SimpleHill,0-0,0,35,2-44,4-53;4-38;6-52;11-46;2-45;5-51,5-51,59,6
random,random_robot_98,10,6,1,SimpleHill,0-0,0,36,5-51,5-51;4-52;1-50;12-53;9-51;11-43,12-53,70,11
random,random_robot_98,10,6,1,SimpleHill,0-0,0,37,12-53,19-57;10-48;10-54;15-53;8-46;8-53,8-46,64,-6
random,random_robot_98,10,6,1,SimpleHill,0-0,0,38,8-46,0-41;3-54;2-51;1-40;14-39;4-43,1-40,49,-15
random,random_robot_98,10,6,1,SimpleHill,0-0,0,39,1-40,7-41;0-47;6-36;0-37;2-32;4-36,2-32,47,-2
random,random_robot_98,10,6,1,SimpleHill,0-0,0,40,2-32,7-37;0-29;1-27;8-24;3-40;11-31,1-27,41,-6
random,random_robot_98,10,6,1,SimpleHill,0-0,0,41,1-27,3-24;4-25;1-17;7-25;4-29;0-19,7-25,50,9
random,random_robot_98,10,6,1,SimpleHill,0-0,0,42,7-25,7-24;11-19;16-26;15-26;0-23;1-32,16-26,65,15
random,random_robot_98,10,6,1,SimpleHill,0-0,0,43,16-26,18-19;20-30;15-21;12-17;18-20;12-22,12-17,49,-16
random,random_robot_98,10,6,1,SimpleHill,0-0,0,44,12-17,13-11;18-10;14-10;6-19;5-15;15-14,6-19,42,-7
random,random_robot_98,10,6,1,SimpleHill,0-0,0,45,6-19,6-19;14-23;9-13;0-24;8-19;4-16,8-19,45,3
random,random_robot_98,10,6,1,SimpleHill,0-0,0,46,8-19,3-15;1-18;14-18;4-10;11-12;13-27,11-12,40,-5
random,random_robot_98,10,6,1,SimpleHill,0-0,0,47,11-12,11-12;3-14;13-7;5-19;7-4;8-13,11-12,40,0
random,random_robot_98,10,6,1,SimpleHill,0-0,0,48,11-12,4-15;18-14;2-12;10-21;7-15;14-8,10-21,51,11
random,random_robot_98,10,6,1,SimpleHill,0-0,0,49,10-21,8-15;3-16;9-14;10-16;10-18;1-22,8-15,40,-11
random,random_robot_98,10,6,1,SimpleHill,0-0,0,50,8-15,14-9;8-16;6-21;17-14;7-9;10-17,14-9,40,0
random,random_robot_98,10,6,1,SimpleHill,0-0,0,51,14-9,15-2;13-0;16-5;16-11;7-9;6-9,15-2,29,-11
random,random_robot_98,10,6,1,SimpleHill,0-0,0,52,15-2,15-3;20-3;11-1;19-6;8-0;20-4,20-3,37,8
random,random_robot_98,10,6,1,SimpleHill,0-0,0,53,20-3,27-5;22-10;27-3;17-5;24-3;16-8,17-5,37,0
random,random_robot_98,10,6,1,SimpleHill,0-0,0,54,17-5,15-7;22-13;24-7;11-10;12-3;18-14,18-14,53,16
random,random_robot_98,10,6,1,SimpleHill,0-0,0,55,18-14,24-22;14-6;24-15;16-22;16-14;15-19,24-22,70,17
random,random_robot_98,10,6,1,SimpleHill,0-0,0,56,24-22,31-17;29-26;33-21;20-26;28-26;18-21,18-21,62,-8
random,random_robot_98,10,6,1,SimpleHill,0-0,0,57,18-21,20-29;13-25;9-22;21-28;16-26;17-21,21-28,73,11
random,random_robot_98,10,6,1,SimpleHill,0-0,0,58,21-28,28-31;17-32;25-28;26-30;21-30;21-35,25-28,77,4
random,random_robot_98,10,6,1,SimpleHill,0-0,0,59,25-28,28-31;25-32;28-22;19-33;19-27;24-19,24-19,67,-10
random,random_robot_98,10,6,1,SimpleHill,0-0,0,60,24-19,22-24;33-20;29-17;29-21;31-20;23-26,22-24,70,3
random,random_robot_98,10,6,1,SimpleHill,0-0,0,61,22-24,23-23;18-24;19-29;29-27;21-20;18-17,29-27,80,10
random,random_robot_98,10,6,1,SimpleHill,0-0,0,62,29-27,32-31;28-35;28-25;27-34;37-24;25-27,28-35,85,5
random,random_robot_98,10,6,1,SimpleHill,0-0,0,63,28-35,33-34;37-35;28-41;31-40;31-35;28-35,37-35,92,7
random,random_robot_98,10,6,1,SimpleHill,0-0,0,64,37-35,35-39;43-40;36-32;32-29;32-33;28-35,32-29,84,-8
random,random_robot_98,10,6,1,SimpleHill,0-0,0,65,32-29,35-34;27-24;25-22;30-38;36-31;26-25,25-22,71,-13
random,random_robot_98,10,6,1,SimpleHill,0-0,0,66,25-22,29-30;31-17;23-31;24-31;29-31;24-13,31-17,71,0
random,random_robot_98,10,6,1,SimpleHill,0-0,0,67,31-17,30-17;35-19;37-25;36-15;29-12;37-13,29-12,62,-9
random,random_robot_98,10,6,1,SimpleHill,0-0,0,68,29-12,31-6;37-15;20-15;29-20;37-13;25-12,37-13,69,7
random,random_robot_98,10,6,1,SimpleHill,0-0,0,69,37-13,29-18;39-21;31-18;37-20;32-18;36-21,29-18,70,1
random,random_robot_98,10,6,1,SimpleHill,0-0,0,70,29-18,23-19;20-18;32-17;31-13;28-13;35-24,23-19,66,-4
random,random_robot_98,10,6,1,SimpleHill,0-0,0,71,23-19,20-26;31-17;22-27;29-27;20-10;15-22,29-27,80,14
random,random_robot_98,10,6,1,SimpleHill,0-0,0,72,29-27,32-34;24-26;23-27;25-19;35-31;32-26,35-31,88,8
random,random_robot_98,10,6,1,SimpleHill,0-0,0,73,35-31,40-23;37-34;36-35;34-39;36-40;31-36,36-40,94,6
random,random_robot_98,10,6,1,SimpleHill,0-0,0,74,36-40,34-47;34-46;43-45;39-46;38-33;34-36,34-46,94,0
random,random_robot_98,10,6,1,SimpleHill,0-0,0,75,34-46,36-47;29-44;34-36;35-41;38-40;25-43,29-44,90,-4
random,random_robot_98,10,6,1,SimpleHill,0-0,0,76,29-44,33-46;24-43;33-37;28-43;34-43;33-40,28-43,89,-1
random,random_robot_98,10,6,1,SimpleHill,0-0,0,77,28-43,22-49;19-39;20-42;31-43;33-51;28-39,31-43,91,2
random,random_robot_98,10,6,1,SimpleHill,0-0,0,78,31-43,33-36;25-38;25-49;34-38;39-41;27-40,25-38,84,-7
random,random_robot_98,10,6,1,SimpleHill,0-0,0,79,25-38,20-38;27-42;18-45;24-45;21-43;19-43,24-45,85,1
