simulation_type,subj_id,sight_radius,n_gabors,block_ix,landscape_name,starting_pos,starting_score,trial,pos,stims,selected,score,delta
random,random_robot_109,10,6,1,SimpleHill,0-0,0,0,0-0,3-3;8-0;6-7;2-6;0-4;5-0,5-0,9,9
random,random_robot_109,10,6,1,SimpleHill,0-0,0,1,5-0,6-0;0-5;2-4;7-3;9-0;3-5,3-5,15,6
random,random_robot_109,10,6,1,SimpleHill,0-0,0,2,3-5,12-6;8-2;11-2;4-13;6-14;8-8,8-8,29,14
random,random_robot_109,10,6,1,SimpleHill,0-0,0,3,8-8,8-15;11-11;5-14;1-12;10-16;12-17,8-15,40,11
random,random_robot_109,10,6,1,SimpleHill,0-0,0,4,8-15,5-24;11-13;5-17;4-19;14-8;7-16,4-19,38,-2
random,random_robot_109,10,6,1,SimpleHill,0-0,0,5,4-19,7-17;6-24;6-28;4-21;4-17;5-20,6-24,47,9
random,random_robot_109,10,6,1,SimpleHill,0-0,0,6,6-24,4-23;3-22;4-21;4-29;9-15;13-27,9-15,41,-6
random,random_robot_109,10,6,1,SimpleHill,0-0,0,7,9-15,0-19;2-19;5-8;5-21;5-18;5-7,5-8,24,-17
random,random_robot_109,10,6,1,SimpleHill,0-0,0,8,5-8,4-17;9-14;11-2;8-16;14-5;10-6,9-14,40,16
random,random_robot_109,10,6,1,SimpleHill,0-0,0,9,9-14,7-20;12-7;6-23;9-19;10-6;12-11,9-19,47,7
random,random_robot_109,10,6,1,SimpleHill,0-0,0,10,9-19,0-16;15-16;12-16;0-21;13-21;6-15,0-16,26,-21
random,random_robot_109,10,6,1,SimpleHill,0-0,0,11,0-16,3-19;9-13;7-18;9-20;7-16;4-20,4-20,39,13
random,random_robot_109,10,6,1,SimpleHill,0-0,0,12,4-20,13-16;9-21;12-14;10-20;5-29;3-20,12-14,45,6
random,random_robot_109,10,6,1,SimpleHill,0-0,0,13,12-14,7-16;6-22;5-14;6-6;8-8;10-18,10-18,47,2
random,random_robot_109,10,6,1,SimpleHill,0-0,0,14,10-18,9-20;6-27;10-14;8-27;16-13;12-11,16-13,49,2
random,random_robot_109,10,6,1,SimpleHill,0-0,0,15,16-13,8-15;13-5;8-7;13-15;15-9;16-19,16-19,57,8
random,random_robot_109,10,6,1,SimpleHill,0-0,0,16,16-19,12-22;16-28;13-11;17-13;17-12;16-19,12-22,55,-2
random,random_robot_109,10,6,1,SimpleHill,0-0,0,17,12-22,18-20;17-19;16-25;9-21;21-23;14-27,21-23,68,13
random,random_robot_109,10,6,1,SimpleHill,0-0,0,18,21-23,23-19;15-23;28-18;22-27;17-32;23-22,23-22,69,1
random,random_robot_109,10,6,1,SimpleHill,0-0,0,19,23-22,24-19;28-23;30-28;20-27;20-28;24-22,24-19,67,-2
random,random_robot_109,10,6,1,SimpleHill,0-0,0,20,24-19,26-12;17-14;15-18;34-19;17-21;23-10,26-12,59,-8
random,random_robot_109,10,6,1,SimpleHill,0-0,0,21,26-12,28-21;18-7;22-4;31-15;28-8;26-12,22-4,42,-17
random,random_robot_109,10,6,1,SimpleHill,0-0,0,22,22-4,26-4;25-10;30-1;31-4;15-11;16-0,16-0,26,-16
random,random_robot_109,10,6,1,SimpleHill,0-0,0,23,16-0,12-9;21-6;20-7;9-1;14-5;14-2,14-5,33,7
random,random_robot_109,10,6,1,SimpleHill,0-0,0,24,14-5,17-1;23-4;20-3;19-6;10-1;5-4,19-6,42,9
random,random_robot_109,10,6,1,SimpleHill,0-0,0,25,19-6,19-10;22-7;24-3;19-6;25-8;28-8,28-8,55,13
random,random_robot_109,10,6,1,SimpleHill,0-0,0,26,28-8,21-2;29-3;28-4;33-12;34-1;33-8,34-1,46,-9
random,random_robot_109,10,6,1,SimpleHill,0-0,0,27,34-1,36-7;29-8;36-4;33-6;37-5;27-3,33-6,55,9
random,random_robot_109,10,6,1,SimpleHill,0-0,0,28,33-6,34-12;37-10;30-4;37-7;27-6;26-5,30-4,49,-6
random,random_robot_109,10,6,1,SimpleHill,0-0,0,29,30-4,23-0;26-1;31-3;25-0;26-2;30-4,26-1,40,-9
random,random_robot_109,10,6,1,SimpleHill,0-0,0,30,26-1,24-7;24-2;23-7;30-8;22-9;25-9,25-9,53,13
random,random_robot_109,10,6,1,SimpleHill,0-0,0,31,25-9,31-7;17-4;29-11;19-2;27-18;29-7,27-18,68,15
random,random_robot_109,10,6,1,SimpleHill,0-0,0,32,27-18,30-26;30-24;32-12;33-14;29-14;22-10,32-12,64,-4
random,random_robot_109,10,6,1,SimpleHill,0-0,0,33,32-12,40-13;40-16;29-21;33-4;34-6;23-15,23-15,60,-4
random,random_robot_109,10,6,1,SimpleHill,0-0,0,34,23-15,16-13;24-24;20-10;18-7;23-22;27-19,20-10,50,-10
random,random_robot_109,10,6,1,SimpleHill,0-0,0,35,20-10,29-9;21-3;24-17;25-2;17-8;28-16,17-8,42,-8
random,random_robot_109,10,6,1,SimpleHill,0-0,0,36,17-8,24-11;8-12;22-3;10-9;21-9;15-0,15-0,25,-17
random,random_robot_109,10,6,1,SimpleHill,0-0,0,37,15-0,7-5;22-7;12-7;21-0;17-8;15-7,15-7,38,13
random,random_robot_109,10,6,1,SimpleHill,0-0,0,38,15-7,12-13;20-11;14-5;17-4;13-16;21-8,21-8,47,9
random,random_robot_109,10,6,1,SimpleHill,0-0,0,39,21-8,13-7;31-8;17-8;19-14;24-2;18-11,31-8,57,10
random,random_robot_109,10,6,1,SimpleHill,0-0,0,40,31-8,29-3;35-9;27-15;26-8;33-3;38-3,33-3,50,-7
random,random_robot_109,10,6,1,SimpleHill,0-0,0,41,33-3,25-1;34-12;31-5;36-0;42-5;32-3,36-0,46,-4
random,random_robot_109,10,6,1,SimpleHill,0-0,0,42,36-0,41-3;38-0;34-7;34-5;39-4;34-0,39-4,55,9
random,random_robot_109,10,6,1,SimpleHill,0-0,0,43,39-4,32-2;41-9;39-2;39-0;36-0;39-7,32-2,47,-8
random,random_robot_109,10,6,1,SimpleHill,0-0,0,44,32-2,23-0;36-11;34-9;28-0;31-6;24-4,23-0,35,-12
random,random_robot_109,10,6,1,SimpleHill,0-0,0,45,23-0,27-1;24-8;19-5;21-3;17-6;26-3,27-1,41,6
random,random_robot_109,10,6,1,SimpleHill,0-0,0,46,27-1,20-6;24-1;23-5;23-2;29-1;29-5,20-6,43,2
random,random_robot_109,10,6,1,SimpleHill,0-0,0,47,20-6,21-12;29-2;19-4;16-3;19-7;28-9,16-3,32,-11
random,random_robot_109,10,6,1,SimpleHill,0-0,0,48,16-3,22-11;22-7;18-9;13-8;24-3;22-3,24-3,42,10
random,random_robot_109,10,6,1,SimpleHill,0-0,0,49,24-3,32-1;25-0;18-11;26-7;17-10;23-0,18-11,49,7
random,random_robot_109,10,6,1,SimpleHill,0-0,0,50,18-11,17-13;15-14;19-17;24-6;11-9;13-15,11-9,35,-14
random,random_robot_109,10,6,1,SimpleHill,0-0,0,51,11-9,12-6;13-15;5-5;12-10;11-9;11-5,12-10,39,4
random,random_robot_109,10,6,1,SimpleHill,0-0,0,52,12-10,20-8;12-14;15-10;10-13;21-8;14-16,21-8,47,8
random,random_robot_109,10,6,1,SimpleHill,0-0,0,53,21-8,23-1;19-0;15-4;17-11;14-4;19-4,23-1,37,-10
random,random_robot_109,10,6,1,SimpleHill,0-0,0,54,23-1,30-5;15-6;15-3;18-2;17-3;28-9,17-3,34,-3
random,random_robot_109,10,6,1,SimpleHill,0-0,0,55,17-3,16-5;24-6;20-6;23-8;8-5;7-3,8-5,24,-10
random,random_robot_109,10,6,1,SimpleHill,0-0,0,56,8-5,5-6;0-10;11-10;4-6;17-8;1-6,0-10,18,-6
random,random_robot_109,10,6,1,SimpleHill,0-0,0,57,0-10,0-17;1-6;2-15;0-13;9-7;0-5,2-15,29,11
random,random_robot_109,10,6,1,SimpleHill,0-0,0,58,2-15,0-17;9-9;0-24;7-18;6-16;5-15,6-16,38,9
random,random_robot_109,10,6,1,SimpleHill,0-0,0,59,6-16,2-24;9-9;2-12;0-16;0-14;2-16,9-9,32,-6
random,random_robot_109,10,6,1,SimpleHill,0-0,0,60,9-9,15-11;2-16;8-7;19-9;12-7;6-17,2-16,30,-2
random,random_robot_109,10,6,1,SimpleHill,0-0,0,61,2-16,8-21;1-19;8-9;9-23;0-13;5-10,9-23,51,21
random,random_robot_109,10,6,1,SimpleHill,0-0,0,62,9-23,10-29;1-17;15-29;7-22;3-29;1-29,10-29,59,8
random,random_robot_109,10,6,1,SimpleHill,0-0,0,63,10-29,6-33;2-32;5-28;9-31;13-30;1-31,2-32,47,-12
random,random_robot_109,10,6,1,SimpleHill,0-0,0,64,2-32,9-26;7-32;3-30;11-32;0-35;2-42,9-26,54,7
random,random_robot_109,10,6,1,SimpleHill,0-0,0,65,9-26,16-29;12-24;9-27;8-33;12-34;2-22,12-24,57,3
random,random_robot_109,10,6,1,SimpleHill,0-0,0,66,12-24,13-32;21-21;13-19;21-25;19-19;19-27,19-19,61,4
random,random_robot_109,10,6,1,SimpleHill,0-0,0,67,19-19,16-13;11-13;21-14;15-26;12-17;18-21,11-13,42,-19
random,random_robot_109,10,6,1,SimpleHill,0-0,0,68,11-13,15-22;17-9;12-11;16-8;5-9;17-21,5-9,25,-17
random,random_robot_109,10,6,1,SimpleHill,0-0,0,69,5-9,11-5;7-0;12-12;2-12;7-10;5-14,11-5,29,4
random,random_robot_109,10,6,1,SimpleHill,0-0,0,70,11-5,7-8;7-3;6-13;5-3;8-11;8-6,8-6,26,-3
random,random_robot_109,10,6,1,SimpleHill,0-0,0,71,8-6,7-2;2-4;4-15;2-3;5-14;0-3,0-3,5,-21
random,random_robot_109,10,6,1,SimpleHill,0-0,0,72,0-3,3-8;1-7;0-3;2-0;1-2;9-1,1-7,15,10
random,random_robot_109,10,6,1,SimpleHill,0-0,0,73,1-7,4-4;1-16;5-5;8-7;8-14;5-0,5-0,9,-6
random,random_robot_109,10,6,1,SimpleHill,0-0,0,74,5-0,13-4;13-1;8-1;7-1;2-5;4-2,4-2,11,2
random,random_robot_109,10,6,1,SimpleHill,0-0,0,75,4-2,10-1;13-1;1-2;12-0;11-5;13-0,1-2,5,-6
random,random_robot_109,10,6,1,SimpleHill,0-0,0,76,1-2,0-11;7-8;9-0;6-6;10-1;6-10,6-10,29,24
random,random_robot_109,10,6,1,SimpleHill,0-0,0,77,6-10,3-2;13-9;3-1;9-2;8-3;12-9,3-2,9,-20
random,random_robot_109,10,6,1,SimpleHill,0-0,0,78,3-2,8-9;11-3;6-0;0-5;3-9;10-2,11-3,25,16
random,random_robot_109,10,6,1,SimpleHill,0-0,0,79,11-3,20-3;12-5;5-2;16-7;15-3;16-10,12-5,30,5
