simulation_type,subj_id,sight_radius,n_gabors,block_ix,landscape_name,starting_pos,starting_score,trial,pos,stims,selected,score,delta
random,random_robot_10,10,6,1,SimpleHill,0-0,0,0,0-0,8-2;2-8;9-3;5-6;8-0;0-4,2-8,18,18
random,random_robot_10,10,6,1,SimpleHill,0-0,0,1,2-8,4-7;3-6;6-17;2-8;8-14;0-6,0-6,11,-7
random,random_robot_10,10,6,1,SimpleHill,0-0,0,2,0-6,7-5;2-2;1-4;9-8;3-0;3-10,3-0,5,-6
random,random_robot_10,10,6,1,SimpleHill,0-0,0,3,3-0,12-4;4-8;1-1;3-2;9-4;1-9,12-4,28,23
random,random_robot_10,10,6,1,SimpleHill,0-0,0,4,12-4,9-6;17-5;18-10;13-10;6-10;8-8,17-5,37,9
random,random_robot_10,10,6,1,SimpleHill,0-0,0,5,17-5,19-12;13-12;22-6;22-4;20-14;9-3,22-4,42,5
random,random_robot_10,10,6,1,SimpleHill,0-0,0,6,22-4,21-11;28-7;20-1;25-0;27-3;26-12,27-3,45,3
random,random_robot_10,10,6,1,SimpleHill,0-0,0,7,27-3,30-10;29-4;37-3;20-9;26-0;18-3,29-4,48,3
random,random_robot_10,10,6,1,SimpleHill,0-0,0,8,29-4,22-1;24-1;35-9;31-9;30-10;35-6,35-6,56,8
random,random_robot_10,10,6,1,SimpleHill,0-0,0,9,35-6,33-8;41-2;42-7;38-15;40-8;34-8,33-8,58,2
random,random_robot_10,10,6,1,SimpleHill,0-0,0,10,33-8,31-14;31-8;42-9;24-11;32-9;38-12,38-12,68,10
random,random_robot_10,10,6,1,SimpleHill,0-0,0,11,38-12,33-11;40-3;40-10;31-16;36-18;30-6,40-3,53,-15
random,random_robot_10,10,6,1,SimpleHill,0-0,0,12,40-3,44-11;41-1;35-2;39-4;48-3;47-0,35-2,49,-4
random,random_robot_10,10,6,1,SimpleHill,0-0,0,13,35-2,27-5;41-3;41-10;37-2;42-8;30-7,27-5,48,-1
random,random_robot_10,10,6,1,SimpleHill,0-0,0,14,27-5,34-12;33-12;26-0;29-0;26-13;24-2,33-12,65,17
random,random_robot_10,10,6,1,SimpleHill,0-0,0,15,33-12,36-19;32-8;38-7;33-10;25-18;27-13,36-19,76,11
random,random_robot_10,10,6,1,SimpleHill,0-0,0,16,36-19,42-22;35-22;33-14;43-12;36-23;30-17,33-14,68,-8
random,random_robot_10,10,6,1,SimpleHill,0-0,0,17,33-14,29-22;34-19;26-12;31-10;36-15;37-18,29-22,75,7
random,random_robot_10,10,6,1,SimpleHill,0-0,0,18,29-22,24-16;31-16;27-13;24-29;23-26;25-25,23-26,73,-2
random,random_robot_10,10,6,1,SimpleHill,0-0,0,19,23-26,27-20;23-19;16-25;16-28;21-22;25-28,16-28,67,-6
random,random_robot_10,10,6,1,SimpleHill,0-0,0,20,16-28,18-22;22-26;11-23;14-28;20-22;18-27,18-22,63,-4
random,random_robot_10,10,6,1,SimpleHill,0-0,0,21,18-22,26-18;21-17;20-18;27-21;17-16;22-17,17-16,55,-8
random,random_robot_10,10,6,1,SimpleHill,0-0,0,22,17-16,22-9;23-24;21-9;14-17;24-21;11-22,14-17,52,-3
random,random_robot_10,10,6,1,SimpleHill,0-0,0,23,14-17,16-21;6-15;14-26;14-13;18-8;12-10,16-21,60,8
random,random_robot_10,10,6,1,SimpleHill,0-0,0,24,16-21,10-13;25-22;15-13;13-24;8-20;18-17,13-24,59,-1
random,random_robot_10,10,6,1,SimpleHill,0-0,0,25,13-24,14-30;15-25;9-16;15-23;12-19;18-24,9-16,43,-16
random,random_robot_10,10,6,1,SimpleHill,0-0,0,26,9-16,12-17;11-7;2-23;10-17;1-14;2-15,11-7,32,-11
random,random_robot_10,10,6,1,SimpleHill,0-0,0,27,11-7,17-6;9-12;9-11;10-2;11-15;3-3,17-6,39,7
random,random_robot_10,10,6,1,SimpleHill,0-0,0,28,17-6,24-6;19-2;13-4;20-15;18-0;20-14,18-0,29,-10
random,random_robot_10,10,6,1,SimpleHill,0-0,0,29,18-0,9-3;14-1;26-3;21-0;15-7;12-1,14-1,26,-3
random,random_robot_10,10,6,1,SimpleHill,0-0,0,30,14-1,15-1;15-9;22-4;19-0;6-4;21-4,19-0,30,4
random,random_robot_10,10,6,1,SimpleHill,0-0,0,31,19-0,18-8;20-3;23-7;25-4;22-8;11-3,11-3,25,-5
random,random_robot_10,10,6,1,SimpleHill,0-0,0,32,11-3,10-3;16-3;16-2;6-5;10-9;12-6,12-6,32,7
random,random_robot_10,10,6,1,SimpleHill,0-0,0,33,12-6,5-0;15-4;20-4;12-6;14-5;9-1,9-1,18,-14
random,random_robot_10,10,6,1,SimpleHill,0-0,0,34,9-1,2-8;4-5;3-0;5-9;11-2;13-7,5-9,25,7
random,random_robot_10,10,6,1,SimpleHill,0-0,0,35,5-9,7-0;7-8;5-10;2-10;4-12;7-14,7-8,27,2
random,random_robot_10,10,6,1,SimpleHill,0-0,0,36,7-8,2-8;13-5;9-7;14-7;13-7;3-17,3-17,34,7
random,random_robot_10,10,6,1,SimpleHill,0-0,0,37,3-17,10-12;0-17;6-13;4-9;1-22;3-8,1-22,36,2
random,random_robot_10,10,6,1,SimpleHill,0-0,0,38,1-22,11-22;4-27;6-15;0-28;5-24;5-15,4-27,47,11
random,random_robot_10,10,6,1,SimpleHill,0-0,0,39,4-27,12-27;13-31;3-29;6-20;1-29;0-22,1-29,43,-4
random,random_robot_10,10,6,1,SimpleHill,0-0,0,40,1-29,1-25;7-33;9-23;5-24;2-32;7-37,7-33,57,14
random,random_robot_10,10,6,1,SimpleHill,0-0,0,41,7-33,17-33;5-39;5-27;9-25;11-35;6-40,5-39,57,0
random,random_robot_10,10,6,1,SimpleHill,0-0,0,42,5-39,11-46;6-37;3-33;9-47;14-40;11-33,14-40,72,15
random,random_robot_10,10,6,1,SimpleHill,0-0,0,43,14-40,5-43;12-49;21-38;7-41;23-36;11-41,7-41,61,-11
random,random_robot_10,10,6,1,SimpleHill,0-0,0,44,7-41,6-48;12-47;13-33;13-39;6-33;16-40,13-33,66,5
random,random_robot_10,10,6,1,SimpleHill,0-0,0,45,13-33,13-28;6-32;9-42;13-24;22-29;15-38,15-38,72,6
random,random_robot_10,10,6,1,SimpleHill,0-0,0,46,15-38,9-34;14-33;8-44;17-35;21-41;14-40,14-40,72,0
random,random_robot_10,10,6,1,SimpleHill,0-0,0,47,14-40,13-46;17-46;9-45;8-47;13-43;10-35,13-46,72,0
random,random_robot_10,10,6,1,SimpleHill,0-0,0,48,13-46,4-47;10-40;7-53;16-47;16-49;16-54,16-47,76,4
random,random_robot_10,10,6,1,SimpleHill,0-0,0,49,16-47,22-42;10-55;14-47;23-47;20-56;19-40,20-56,81,5
random,random_robot_10,10,6,1,SimpleHill,0-0,0,50,20-56,19-50;16-53;22-57;20-53;19-51;17-49,22-57,83,2
random,random_robot_10,10,6,1,SimpleHill,0-0,0,51,22-57,13-60;15-60;28-64;30-63;27-54;18-54,13-60,70,-13
random,random_robot_10,10,6,1,SimpleHill,0-0,0,52,13-60,12-66;15-63;7-53;5-60;5-66;13-66,15-63,72,2
random,random_robot_10,10,6,1,SimpleHill,0-0,0,53,15-63,17-70;21-55;14-66;22-56;14-70;13-63,14-66,68,-4
random,random_robot_10,10,6,1,SimpleHill,0-0,0,54,14-66,21-68;22-63;19-60;17-64;10-68;14-57,21-68,76,8
random,random_robot_10,10,6,1,SimpleHill,0-0,0,55,21-68,24-61;27-65;16-66;15-66;21-60;27-62,24-61,84,8
random,random_robot_10,10,6,1,SimpleHill,0-0,0,56,24-61,30-68;31-54;21-70;20-68;27-57;19-59,20-68,75,-9
random,random_robot_10,10,6,1,SimpleHill,0-0,0,57,20-68,13-66;29-65;22-64;14-65;21-70;25-68,29-65,86,11
random,random_robot_10,10,6,1,SimpleHill,0-0,0,58,29-65,33-66;21-70;25-60;38-67;30-60;27-69,38-67,91,5
random,random_robot_10,10,6,1,SimpleHill,0-0,0,59,38-67,44-70;30-61;44-65;43-62;42-58;43-63,42-58,97,6
random,random_robot_10,10,6,1,SimpleHill,0-0,0,60,42-58,51-55;37-50;46-62;44-53;36-66;42-53,37-50,96,-1
random,random_robot_10,10,6,1,SimpleHill,0-0,0,61,37-50,44-46;39-43;41-50;36-42;41-53;43-58,41-53,98,2
random,random_robot_10,10,6,1,SimpleHill,0-0,0,62,41-53,43-53;40-52;37-60;45-49;33-54;47-55,37-60,94,-4
random,random_robot_10,10,6,1,SimpleHill,0-0,0,63,37-60,29-65;43-56;34-63;38-54;32-56;28-61,29-65,86,-8
random,random_robot_10,10,6,1,SimpleHill,0-0,0,64,29-65,34-70;29-59;30-59;36-59;24-59;35-61,34-70,86,0
random,random_robot_10,10,6,1,SimpleHill,0-0,0,65,34-70,32-66;30-66;32-65;38-69;33-66;35-65,33-66,89,3
random,random_robot_10,10,6,1,SimpleHill,0-0,0,66,33-66,41-63;35-69;32-70;36-62;29-59;35-70,35-70,87,-2
random,random_robot_10,10,6,1,SimpleHill,0-0,0,67,35-70,25-70;31-70;41-70;36-69;30-68;32-63,30-68,85,-2
random,random_robot_10,10,6,1,SimpleHill,0-0,0,68,30-68,34-67;29-67;31-64;28-68;28-59;26-66,34-67,89,4
random,random_robot_10,10,6,1,SimpleHill,0-0,0,69,34-67,34-67;27-65;39-70;33-69;43-68;28-62,34-67,89,0
random,random_robot_10,10,6,1,SimpleHill,0-0,0,70,34-67,26-64;36-63;40-67;44-67;34-66;29-61,40-67,92,3
random,random_robot_10,10,6,1,SimpleHill,0-0,0,71,40-67,41-61;42-64;35-70;40-64;46-69;32-61,46-69,92,0
random,random_robot_10,10,6,1,SimpleHill,0-0,0,72,46-69,42-66;39-62;53-67;49-65;53-66;39-70,53-67,94,2
random,random_robot_10,10,6,1,SimpleHill,0-0,0,73,53-67,56-67;52-58;56-58;60-62;56-68;46-66,56-67,93,-1
random,random_robot_10,10,6,1,SimpleHill,0-0,0,74,56-67,52-64;51-70;54-69;55-64;54-58;61-62,61-62,94,1
random,random_robot_10,10,6,1,SimpleHill,0-0,0,75,61-62,53-67;62-53;63-67;67-56;58-60;53-60,53-67,94,0
random,random_robot_10,10,6,1,SimpleHill,0-0,0,76,53-67,61-64;57-60;61-65;45-63;58-70;56-70,56-70,91,-3
random,random_robot_10,10,6,1,SimpleHill,0-0,0,77,56-70,55-68;53-67;53-68;52-67;51-64;53-64,53-64,95,4
random,random_robot_10,10,6,1,SimpleHill,0-0,0,78,53-64,53-68;48-59;53-60;47-67;59-58;58-64,53-60,97,2
random,random_robot_10,10,6,1,SimpleHill,0-0,0,79,53-60,59-63;50-55;44-58;59-58;46-67;55-66,59-58,97,0
