simulation_type,subj_id,sight_radius,n_gabors,block_ix,landscape_name,starting_pos,starting_score,trial,pos,stims,selected,score,delta
random,random_robot_192,10,6,1,SimpleHill,0-0,0,0,0-0,5-2;1-2;3-2;4-8;3-6;5-3,3-2,9,9
random,random_robot_192,10,6,1,SimpleHill,0-0,0,1,3-2,9-1;3-2;11-4;10-1;7-11;0-3,3-2,9,0
random,random_robot_192,10,6,1,SimpleHill,0-0,0,2,3-2,8-4;3-1;5-2;9-1;2-3;10-2,9-1,18,9
random,random_robot_192,10,6,1,SimpleHill,0-0,0,3,9-1,2-3;6-5;2-0;5-10;13-10;13-6,2-3,9,-9
random,random_robot_192,10,6,1,SimpleHill,0-0,0,4,2-3,2-7;3-8;0-5;11-5;9-8;8-10,3-8,20,11
random,random_robot_192,10,6,1,SimpleHill,0-0,0,5,3-8,7-9;4-0;8-6;12-4;3-16;3-10,7-9,29,9
random,random_robot_192,10,6,1,SimpleHill,0-0,0,6,7-9,6-2;5-8;12-8;13-10;6-1;12-3,5-8,24,-5
random,random_robot_192,10,6,1,SimpleHill,0-0,0,7,5-8,0-13;0-9;9-15;12-2;12-1;9-5,12-1,23,-1
random,random_robot_192,10,6,1,SimpleHill,0-0,0,8,12-1,5-0;13-10;18-8;13-9;13-3;12-0,13-3,28,5
random,random_robot_192,10,6,1,SimpleHill,0-0,0,9,13-3,7-7;8-11;8-6;13-7;11-9;20-10,7-7,26,-2
random,random_robot_192,10,6,1,SimpleHill,0-0,0,10,7-7,9-15;15-3;15-9;4-10;4-9;11-0,15-3,31,5
random,random_robot_192,10,6,1,SimpleHill,0-0,0,11,15-3,17-3;12-6;21-0;24-5;20-9;12-11,12-6,32,1
random,random_robot_192,10,6,1,SimpleHill,0-0,0,12,12-6,9-13;15-0;12-2;8-12;12-14;7-0,15-0,25,-7
random,random_robot_192,10,6,1,SimpleHill,0-0,0,13,15-0,18-3;16-2;21-7;25-0;18-2;21-4,21-7,46,21
random,random_robot_192,10,6,1,SimpleHill,0-0,0,14,21-7,18-13;28-1;25-14;25-13;26-13;25-7,25-14,61,15
random,random_robot_192,10,6,1,SimpleHill,0-0,0,15,25-14,25-18;30-17;27-17;17-15;32-20;17-10,17-15,53,-8
random,random_robot_192,10,6,1,SimpleHill,0-0,0,16,17-15,15-9;23-16;24-17;20-22;25-12;11-8,20-22,66,13
random,random_robot_192,10,6,1,SimpleHill,0-0,0,17,20-22,16-27;23-23;16-18;12-16;13-20;13-18,16-27,66,0
random,random_robot_192,10,6,1,SimpleHill,0-0,0,18,16-27,10-31;8-24;19-21;7-30;24-32;14-20,10-31,60,-6
random,random_robot_192,10,6,1,SimpleHill,0-0,0,19,10-31,9-30;1-29;17-29;7-30;9-25;6-23,6-23,46,-14
random,random_robot_192,10,6,1,SimpleHill,0-0,0,20,6-23,5-25;12-16;0-29;16-23;2-26;15-23,15-23,60,14
random,random_robot_192,10,6,1,SimpleHill,0-0,0,21,15-23,24-22;18-30;16-15;20-29;21-27;23-28,16-15,52,-8
random,random_robot_192,10,6,1,SimpleHill,0-0,0,22,16-15,13-22;12-13;20-8;20-23;10-14;18-14,18-14,53,1
random,random_robot_192,10,6,1,SimpleHill,0-0,0,23,18-14,22-11;13-22;24-15;15-13;12-20;14-12,13-22,56,3
random,random_robot_192,10,6,1,SimpleHill,0-0,0,24,13-22,15-13;5-26;12-24;15-27;11-22;7-26,12-24,57,1
random,random_robot_192,10,6,1,SimpleHill,0-0,0,25,12-24,8-32;16-22;16-24;3-21;11-15;14-31,16-24,63,6
random,random_robot_192,10,6,1,SimpleHill,0-0,0,26,16-24,17-20;16-16;16-15;16-33;11-17;16-21,16-33,71,8
random,random_robot_192,10,6,1,SimpleHill,0-0,0,27,16-33,22-26;12-34;9-36;17-28;12-41;12-42,9-36,62,-9
random,random_robot_192,10,6,1,SimpleHill,0-0,0,28,9-36,6-31;11-44;3-44;8-34;9-26;13-34,13-34,67,5
random,random_robot_192,10,6,1,SimpleHill,0-0,0,29,13-34,7-36;20-39;13-30;18-28;7-41;9-30,20-39,79,12
random,random_robot_192,10,6,1,SimpleHill,0-0,0,30,20-39,27-40;13-38;25-40;11-40;14-45;17-34,25-40,85,6
random,random_robot_192,10,6,1,SimpleHill,0-0,0,31,25-40,29-49;28-42;26-35;29-31;20-37;28-37,28-37,86,1
random,random_robot_192,10,6,1,SimpleHill,0-0,0,32,28-37,25-36;34-35;28-30;21-42;20-39;29-38,25-36,83,-3
random,random_robot_192,10,6,1,SimpleHill,0-0,0,33,25-36,19-37;26-43;26-32;23-28;31-43;26-44,26-44,87,4
random,random_robot_192,10,6,1,SimpleHill,0-0,0,34,26-44,24-44;19-44;20-46;30-39;29-36;30-53,24-44,85,-2
random,random_robot_192,10,6,1,SimpleHill,0-0,0,35,24-44,27-48;20-51;25-35;27-47;31-43;26-36,25-35,83,-2
random,random_robot_192,10,6,1,SimpleHill,0-0,0,36,25-35,34-37;24-38;26-31;22-31;23-44;28-36,22-31,77,-6
random,random_robot_192,10,6,1,SimpleHill,0-0,0,37,22-31,28-29;19-28;30-33;29-24;28-30;23-39,19-28,71,-6
random,random_robot_192,10,6,1,SimpleHill,0-0,0,38,19-28,17-37;10-29;19-18;20-31;24-33;23-22,17-37,74,3
random,random_robot_192,10,6,1,SimpleHill,0-0,0,39,17-37,9-38;17-47;18-42;12-44;21-39;21-41,21-39,80,6
random,random_robot_192,10,6,1,SimpleHill,0-0,0,40,21-39,23-39;23-40;29-34;25-44;23-35;21-34,23-39,83,3
random,random_robot_192,10,6,1,SimpleHill,0-0,0,41,23-39,27-42;23-31;14-42;31-36;32-43;14-37,14-42,72,-11
random,random_robot_192,10,6,1,SimpleHill,0-0,0,42,14-42,21-42;6-48;15-43;14-32;23-46;11-48,14-32,67,-5
random,random_robot_192,10,6,1,SimpleHill,0-0,0,43,14-32,14-25;15-25;12-35;8-30;24-32;15-26,24-32,80,13
random,random_robot_192,10,6,1,SimpleHill,0-0,0,44,24-32,27-35;15-29;26-39;17-32;30-24;18-36,15-29,66,-14
random,random_robot_192,10,6,1,SimpleHill,0-0,0,45,15-29,20-36;23-26;12-25;13-22;13-21;7-28,13-22,56,-10
random,random_robot_192,10,6,1,SimpleHill,0-0,0,46,13-22,12-31;21-20;10-23;15-17;19-27;16-16,16-16,53,-3
random,random_robot_192,10,6,1,SimpleHill,0-0,0,47,16-16,21-18;19-24;16-24;22-23;21-20;25-15,21-20,65,12
random,random_robot_192,10,6,1,SimpleHill,0-0,0,48,21-20,29-25;18-22;15-15;20-17;22-21;25-27,18-22,63,-2
random,random_robot_192,10,6,1,SimpleHill,0-0,0,49,18-22,18-12;14-13;24-20;18-26;26-26;12-30,18-26,68,5
random,random_robot_192,10,6,1,SimpleHill,0-0,0,50,18-26,11-26;17-22;13-23;26-22;22-24;26-30,17-22,62,-6
random,random_robot_192,10,6,1,SimpleHill,0-0,0,51,17-22,19-14;10-21;16-27;13-20;26-18;11-24,16-27,66,4
random,random_robot_192,10,6,1,SimpleHill,0-0,0,52,16-27,13-25;23-25;25-31;15-19;11-21;10-34,25-31,80,14
random,random_robot_192,10,6,1,SimpleHill,0-0,0,53,25-31,18-32;31-30;17-31;26-35;20-32;22-27,26-35,83,3
random,random_robot_192,10,6,1,SimpleHill,0-0,0,54,26-35,31-41;29-29;26-37;21-40;26-44;28-37,21-40,81,-2
random,random_robot_192,10,6,1,SimpleHill,0-0,0,55,21-40,15-47;15-33;24-43;29-35;17-49;22-39,15-47,75,-6
random,random_robot_192,10,6,1,SimpleHill,0-0,0,56,15-47,15-39;8-44;16-45;9-51;17-47;14-44,14-44,73,-2
random,random_robot_192,10,6,1,SimpleHill,0-0,0,57,14-44,16-43;24-44;12-39;23-47;20-46;16-38,16-38,74,1
random,random_robot_192,10,6,1,SimpleHill,0-0,0,58,16-38,13-37;22-30;16-44;8-37;12-37;18-32,8-37,61,-13
random,random_robot_192,10,6,1,SimpleHill,0-0,0,59,8-37,18-37;14-40;13-37;3-38;1-31;12-46,18-37,76,15
random,random_robot_192,10,6,1,SimpleHill,0-0,0,60,18-37,18-47;26-31;17-40;16-29;23-42;14-45,18-47,79,3
random,random_robot_192,10,6,1,SimpleHill,0-0,0,61,18-47,25-53;22-55;9-51;17-44;14-54;11-54,17-44,77,-2
random,random_robot_192,10,6,1,SimpleHill,0-0,0,62,17-44,23-37;22-39;20-47;13-47;21-41;17-40,22-39,81,4
random,random_robot_192,10,6,1,SimpleHill,0-0,0,63,22-39,28-44;17-46;22-39;21-42;17-35;30-39,17-35,73,-8
random,random_robot_192,10,6,1,SimpleHill,0-0,0,64,17-35,17-44;8-36;17-34;13-43;13-44;25-29,17-44,77,4
random,random_robot_192,10,6,1,SimpleHill,0-0,0,65,17-44,19-47;25-49;10-49;16-44;14-51;21-46,16-44,76,-1
random,random_robot_192,10,6,1,SimpleHill,0-0,0,66,16-44,24-47;21-48;22-41;22-51;15-45;15-53,15-45,75,-1
random,random_robot_192,10,6,1,SimpleHill,0-0,0,67,15-45,19-37;11-47;19-51;18-36;16-51;18-44,11-47,69,-6
random,random_robot_192,10,6,1,SimpleHill,0-0,0,68,11-47,14-40;2-44;6-54;12-51;19-48;3-48,3-48,55,-14
random,random_robot_192,10,6,1,SimpleHill,0-0,0,69,3-48,4-42;5-45;6-51;8-44;2-45;7-40,6-51,61,6
random,random_robot_192,10,6,1,SimpleHill,0-0,0,70,6-51,1-48;5-60;11-45;10-53;15-50;0-45,1-48,51,-10
random,random_robot_192,10,6,1,SimpleHill,0-0,0,71,1-48,3-43;3-41;9-54;5-41;5-49;1-41,3-43,54,3
random,random_robot_192,10,6,1,SimpleHill,0-0,0,72,3-43,9-39;10-40;6-51;5-48;0-37;11-49,10-40,66,12
random,random_robot_192,10,6,1,SimpleHill,0-0,0,73,10-40,19-43;15-37;9-32;17-34;10-50;5-36,10-50,68,2
random,random_robot_192,10,6,1,SimpleHill,0-0,0,74,10-50,14-47;15-56;9-48;10-57;16-47;19-53,15-56,74,6
random,random_robot_192,10,6,1,SimpleHill,0-0,0,75,15-56,7-61;21-52;15-59;12-55;19-58;16-47,16-47,76,2
random,random_robot_192,10,6,1,SimpleHill,0-0,0,76,16-47,18-52;23-48;14-45;12-47;20-43;16-50,14-45,73,-3
random,random_robot_192,10,6,1,SimpleHill,0-0,0,77,14-45,19-44;13-52;9-51;15-53;8-53;11-46,13-52,72,-1
random,random_robot_192,10,6,1,SimpleHill,0-0,0,78,13-52,22-55;15-49;8-54;12-60;6-58;20-49,6-58,60,-12
random,random_robot_192,10,6,1,SimpleHill,0-0,0,79,6-58,12-60;8-53;10-51;8-59;7-60;8-51,8-59,63,3
