simulation_type,subj_id,sight_radius,n_gabors,block_ix,landscape_name,starting_pos,starting_score,trial,pos,stims,selected,score,delta
random,random_robot_69,10,6,1,SimpleHill,0-0,0,0,0-0,3-0;8-4;7-7;3-8;8-3;5-5,3-8,20,20
random,random_robot_69,10,6,1,SimpleHill,0-0,0,1,3-8,9-10;2-16;6-6;7-0;4-17;9-3,2-16,30,10
random,random_robot_69,10,6,1,SimpleHill,0-0,0,2,2-16,1-7;9-11;0-11;6-9;8-23;5-9,6-9,27,-3
random,random_robot_69,10,6,1,SimpleHill,0-0,0,3,6-9,5-18;7-16;8-14;14-11;2-9;4-15,8-14,38,11
random,random_robot_69,10,6,1,SimpleHill,0-0,0,4,8-14,9-18;4-19;6-14;9-6;16-9;13-12,16-9,43,5
random,random_robot_69,10,6,1,SimpleHill,0-0,0,5,16-9,16-17;23-15;8-9;24-5;19-3;11-3,23-15,60,17
random,random_robot_69,10,6,1,SimpleHill,0-0,0,6,23-15,27-19;25-9;21-23;26-12;23-20;25-10,25-9,53,-7
random,random_robot_69,10,6,1,SimpleHill,0-0,0,7,25-9,23-4;28-5;27-7;29-11;20-17;31-6,23-4,43,-10
random,random_robot_69,10,6,1,SimpleHill,0-0,0,8,23-4,30-9;26-7;15-10;32-4;21-13;23-0,26-7,51,8
random,random_robot_69,10,6,1,SimpleHill,0-0,0,9,26-7,24-5;27-10;25-8;18-12;23-11;32-5,24-5,45,-6
random,random_robot_69,10,6,1,SimpleHill,0-0,0,10,24-5,26-5;33-4;20-5;30-5;32-1;24-10,26-5,47,2
random,random_robot_69,10,6,1,SimpleHill,0-0,0,11,26-5,23-0;22-4;27-3;27-11;21-11;19-2,21-11,52,5
random,random_robot_69,10,6,1,SimpleHill,0-0,0,12,21-11,17-17;28-13;16-14;23-5;25-8;29-11,29-11,60,8
random,random_robot_69,10,6,1,SimpleHill,0-0,0,13,29-11,29-18;28-2;21-9;24-14;23-18;27-4,21-9,49,-11
random,random_robot_69,10,6,1,SimpleHill,0-0,0,14,21-9,13-12;24-4;24-3;24-0;18-16;12-8,18-16,56,7
random,random_robot_69,10,6,1,SimpleHill,0-0,0,15,18-16,17-10;22-7;23-20;25-15;20-10;22-22,25-15,63,7
random,random_robot_69,10,6,1,SimpleHill,0-0,0,16,25-15,25-20;34-12;29-11;29-8;29-20;25-17,25-17,65,2
random,random_robot_69,10,6,1,SimpleHill,0-0,0,17,25-17,33-15;32-14;24-11;31-15;20-19;22-23,31-15,68,3
random,random_robot_69,10,6,1,SimpleHill,0-0,0,18,31-15,33-18;36-17;29-22;41-15;27-7;26-16,33-18,73,5
random,random_robot_69,10,6,1,SimpleHill,0-0,0,19,33-18,40-25;31-9;35-24;32-18;39-25;32-9,40-25,85,12
random,random_robot_69,10,6,1,SimpleHill,0-0,0,20,40-25,42-24;44-32;35-27;32-23;42-26;46-22,35-27,84,-1
random,random_robot_69,10,6,1,SimpleHill,0-0,0,21,35-27,31-23;40-35;34-29;37-33;43-33;28-34,37-33,90,6
random,random_robot_69,10,6,1,SimpleHill,0-0,0,22,37-33,28-30;42-38;33-26;42-39;32-40;34-28,28-30,82,-8
random,random_robot_69,10,6,1,SimpleHill,0-0,0,23,28-30,29-34;36-28;23-29;28-20;24-30;27-32,29-34,86,4
random,random_robot_69,10,6,1,SimpleHill,0-0,0,24,29-34,27-30;22-36;23-28;35-36;25-27;32-36,22-36,80,-6
random,random_robot_69,10,6,1,SimpleHill,0-0,0,25,22-36,23-42;31-38;18-36;24-42;29-38;14-30,18-36,75,-5
random,random_robot_69,10,6,1,SimpleHill,0-0,0,26,18-36,18-43;22-43;13-31;12-41;26-38;24-37,12-41,69,-6
random,random_robot_69,10,6,1,SimpleHill,0-0,0,27,12-41,11-48;4-45;10-50;17-42;14-38;14-32,14-38,71,2
random,random_robot_69,10,6,1,SimpleHill,0-0,0,28,14-38,9-46;17-34;18-33;22-44;14-38;20-36,22-44,83,12
random,random_robot_69,10,6,1,SimpleHill,0-0,0,29,22-44,19-52;24-47;16-36;24-45;18-51;26-37,24-45,85,2
random,random_robot_69,10,6,1,SimpleHill,0-0,0,30,24-45,18-47;18-45;24-50;29-38;17-38;16-44,16-44,76,-9
random,random_robot_69,10,6,1,SimpleHill,0-0,0,31,16-44,20-51;14-39;19-53;18-43;18-45;22-50,14-39,71,-5
random,random_robot_69,10,6,1,SimpleHill,0-0,0,32,14-39,22-43;12-48;12-31;7-33;16-32;5-36,5-36,55,-16
random,random_robot_69,10,6,1,SimpleHill,0-0,0,33,5-36,13-32;13-33;1-31;10-37;0-28;5-34,0-28,40,-15
random,random_robot_69,10,6,1,SimpleHill,0-0,0,34,0-28,5-30;9-31;2-22;7-29;1-23;0-28,1-23,37,-3
random,random_robot_69,10,6,1,SimpleHill,0-0,0,35,1-23,4-16;7-19;1-30;4-26;9-18;6-20,4-26,46,9
random,random_robot_69,10,6,1,SimpleHill,0-0,0,36,4-26,5-25;1-25;4-36;2-31;7-19;4-20,4-20,39,-7
random,random_robot_69,10,6,1,SimpleHill,0-0,0,37,4-20,8-12;4-22;4-30;9-13;5-16;2-25,8-12,35,-4
random,random_robot_69,10,6,1,SimpleHill,0-0,0,38,8-12,6-11;14-10;7-17;9-7;12-4;17-8,17-8,42,7
random,random_robot_69,10,6,1,SimpleHill,0-0,0,39,17-8,17-12;16-8;23-13;12-3;18-6;21-4,17-12,49,7
random,random_robot_69,10,6,1,SimpleHill,0-0,0,40,17-12,19-3;21-6;14-12;24-9;18-11;8-9,8-9,31,-18
random,random_robot_69,10,6,1,SimpleHill,0-0,0,41,8-9,3-16;3-9;1-14;8-7;9-15;13-14,1-14,26,-5
random,random_robot_69,10,6,1,SimpleHill,0-0,0,42,1-14,2-15;1-23;3-10;4-20;7-21;8-17,4-20,39,13
random,random_robot_69,10,6,1,SimpleHill,0-0,0,43,4-20,6-12;1-25;1-28;4-13;10-18;6-11,1-28,42,3
random,random_robot_69,10,6,1,SimpleHill,0-0,0,44,1-28,3-32;10-28;4-20;3-33;0-20;10-27,3-33,50,8
random,random_robot_69,10,6,1,SimpleHill,0-0,0,45,3-33,3-28;0-35;8-30;0-34;3-42;12-34,8-30,56,6
random,random_robot_69,10,6,1,SimpleHill,0-0,0,46,8-30,7-23;6-23;9-39;3-37;5-33;7-39,3-37,52,-4
random,random_robot_69,10,6,1,SimpleHill,0-0,0,47,3-37,5-38;7-39;4-30;4-29;6-39;4-44,7-39,60,8
random,random_robot_69,10,6,1,SimpleHill,0-0,0,48,7-39,8-37;10-46;6-39;4-36;7-43;6-31,6-39,58,-2
random,random_robot_69,10,6,1,SimpleHill,0-0,0,49,6-39,5-48;13-42;6-37;6-35;3-47;3-31,3-31,48,-10
random,random_robot_69,10,6,1,SimpleHill,0-0,0,50,3-31,4-38;10-24;5-34;9-25;4-31;5-37,4-31,50,2
random,random_robot_69,10,6,1,SimpleHill,0-0,0,51,4-31,4-22;9-39;9-38;12-27;9-34;4-31,4-22,42,-8
random,random_robot_69,10,6,1,SimpleHill,0-0,0,52,4-22,9-15;9-19;11-17;11-18;6-19;11-29,11-29,60,18
random,random_robot_69,10,6,1,SimpleHill,0-0,0,53,11-29,15-27;6-30;7-29;16-36;7-20;17-31,15-27,64,4
random,random_robot_69,10,6,1,SimpleHill,0-0,0,54,15-27,19-19;15-25;17-24;15-18;10-35;15-19,15-19,56,-8
random,random_robot_69,10,6,1,SimpleHill,0-0,0,55,15-19,22-16;13-16;20-22;21-27;10-24;14-24,13-16,49,-7
random,random_robot_69,10,6,1,SimpleHill,0-0,0,56,13-16,12-8;12-13;22-17;12-10;12-19;15-25,22-17,62,13
random,random_robot_69,10,6,1,SimpleHill,0-0,0,57,22-17,13-14;15-10;29-18;17-25;24-14;18-23,15-10,43,-19
random,random_robot_69,10,6,1,SimpleHill,0-0,0,58,15-10,17-8;24-7;11-19;11-3;9-2;17-17,11-3,25,-18
random,random_robot_69,10,6,1,SimpleHill,0-0,0,59,11-3,5-1;10-4;13-0;18-6;5-9;13-12,18-6,40,15
random,random_robot_69,10,6,1,SimpleHill,0-0,0,60,18-6,14-8;24-14;12-5;13-2;26-10;15-6,15-6,36,-4
random,random_robot_69,10,6,1,SimpleHill,0-0,0,61,15-6,14-6;15-8;7-7;14-13;13-8;16-10,14-6,35,-1
random,random_robot_69,10,6,1,SimpleHill,0-0,0,62,14-6,20-5;22-7;11-10;7-6;23-2;21-9,20-5,41,6
random,random_robot_69,10,6,1,SimpleHill,0-0,0,63,20-5,14-5;18-10;21-11;10-5;13-8;17-12,18-10,47,6
random,random_robot_69,10,6,1,SimpleHill,0-0,0,64,18-10,14-4;12-17;25-9;21-10;10-10;17-15,14-4,31,-16
random,random_robot_69,10,6,1,SimpleHill,0-0,0,65,14-4,7-9;21-5;22-9;21-6;6-6;16-1,7-9,29,-2
random,random_robot_69,10,6,1,SimpleHill,0-0,0,66,7-9,6-16;16-6;1-7;4-7;11-5;6-18,16-6,38,9
random,random_robot_69,10,6,1,SimpleHill,0-0,0,67,16-6,19-8;12-6;8-11;23-12;13-6;13-1,13-1,24,-14
random,random_robot_69,10,6,1,SimpleHill,0-0,0,68,13-1,4-0;15-1;10-6;18-4;6-3;7-9,6-3,17,-7
random,random_robot_69,10,6,1,SimpleHill,0-0,0,69,6-3,8-2;0-11;12-4;15-0;1-10;1-5,0-11,19,2
random,random_robot_69,10,6,1,SimpleHill,0-0,0,70,0-11,4-10;0-6;8-7;5-9;2-3;6-15,0-6,11,-8
random,random_robot_69,10,6,1,SimpleHill,0-0,0,71,0-6,8-0;0-0;5-12;1-12;4-4;9-6,0-0,0,-11
random,random_robot_69,10,6,1,SimpleHill,0-0,0,72,0-0,4-1;0-3;5-0;0-8;4-2;0-6,5-0,9,9
random,random_robot_69,10,6,1,SimpleHill,0-0,0,73,5-0,4-1;1-9;5-0;8-2;14-2;6-7,1-9,18,9
random,random_robot_69,10,6,1,SimpleHill,0-0,0,74,1-9,1-10;5-13;11-9;0-18;4-10;6-12,6-12,32,14
random,random_robot_69,10,6,1,SimpleHill,0-0,0,75,6-12,10-19;15-10;6-13;2-8;2-7;8-6,8-6,26,-6
random,random_robot_69,10,6,1,SimpleHill,0-0,0,76,8-6,13-7;11-0;16-3;1-4;17-3;2-11,2-11,23,-3
random,random_robot_69,10,6,1,SimpleHill,0-0,0,77,2-11,10-11;5-16;2-21;1-14;2-19;1-15,1-14,26,3
random,random_robot_69,10,6,1,SimpleHill,0-0,0,78,1-14,4-22;6-11;0-8;5-10;5-16;11-14,5-16,36,10
random,random_robot_69,10,6,1,SimpleHill,0-0,0,79,5-16,11-18;9-7;11-15;3-23;3-8;4-17,9-7,29,-7
