simulation_type,subj_id,sight_radius,n_gabors,block_ix,landscape_name,starting_pos,starting_score,trial,pos,stims,selected,score,delta
random,random_robot_144,10,6,1,SimpleHill,0-0,0,0,0-0,2-2;5-5;1-2;1-7;3-6;5-8,3-6,17,17
random,random_robot_144,10,6,1,SimpleHill,0-0,0,1,3-6,2-13;11-11;3-5;10-2;3-13;10-1,3-5,15,-2
random,random_robot_144,10,6,1,SimpleHill,0-0,0,2,3-5,11-9;3-4;0-6;7-4;3-15;11-6,11-9,35,20
random,random_robot_144,10,6,1,SimpleHill,0-0,0,3,11-9,7-1;9-13;6-12;19-14;10-17;11-18,19-14,54,19
random,random_robot_144,10,6,1,SimpleHill,0-0,0,4,19-14,16-14;14-17;12-9;20-23;13-13;16-21,12-9,37,-17
random,random_robot_144,10,6,1,SimpleHill,0-0,0,5,12-9,17-9;8-0;8-5;14-2;11-5;7-3,8-5,24,-13
random,random_robot_144,10,6,1,SimpleHill,0-0,0,6,8-5,17-2;1-5;17-7;0-5;12-4;6-4,17-2,32,8
random,random_robot_144,10,6,1,SimpleHill,0-0,0,7,17-2,25-1;21-11;9-5;17-7;25-7;12-6,12-6,32,0
random,random_robot_144,10,6,1,SimpleHill,0-0,0,8,12-6,9-2;15-13;16-12;12-16;3-3;16-2,15-13,48,16
random,random_robot_144,10,6,1,SimpleHill,0-0,0,9,15-13,15-21;8-12;20-10;9-16;21-21;7-8,7-8,27,-21
random,random_robot_144,10,6,1,SimpleHill,0-0,0,10,7-8,0-9;1-6;15-5;5-16;6-4;10-17,1-6,13,-14
random,random_robot_144,10,6,1,SimpleHill,0-0,0,11,1-6,1-8;7-14;4-6;8-8;4-13;6-4,7-14,37,24
random,random_robot_144,10,6,1,SimpleHill,0-0,0,12,7-14,0-8;0-20;16-15;12-15;7-8;6-6,0-8,14,-23
random,random_robot_144,10,6,1,SimpleHill,0-0,0,13,0-8,3-15;8-13;0-6;9-10;4-15;5-7,0-6,11,-3
random,random_robot_144,10,6,1,SimpleHill,0-0,0,14,0-6,4-15;9-10;5-13;1-15;0-4;3-8,5-13,32,21
random,random_robot_144,10,6,1,SimpleHill,0-0,0,15,5-13,8-18;6-21;14-9;1-20;11-12;6-8,14-9,40,8
random,random_robot_144,10,6,1,SimpleHill,0-0,0,16,14-9,19-2;21-10;13-5;20-14;7-9;8-4,21-10,51,11
random,random_robot_144,10,6,1,SimpleHill,0-0,0,17,21-10,24-7;20-3;20-16;22-8;26-16;16-4,20-3,37,-14
random,random_robot_144,10,6,1,SimpleHill,0-0,0,18,20-3,15-1;17-11;17-8;29-5;20-13;15-8,17-8,42,5
random,random_robot_144,10,6,1,SimpleHill,0-0,0,19,17-8,8-6;21-3;16-3;26-10;10-7;25-4,25-4,45,3
random,random_robot_144,10,6,1,SimpleHill,0-0,0,20,25-4,21-13;33-2;33-5;21-6;34-0;25-8,34-0,44,-1
random,random_robot_144,10,6,1,SimpleHill,0-0,0,21,34-0,44-0;29-6;37-1;36-1;28-5;37-5,28-5,49,5
random,random_robot_144,10,6,1,SimpleHill,0-0,0,22,28-5,25-4;33-5;31-10;26-4;23-2;20-6,31-10,60,11
random,random_robot_144,10,6,1,SimpleHill,0-0,0,23,31-10,33-6;30-13;37-10;32-11;27-11;27-17,37-10,64,4
random,random_robot_144,10,6,1,SimpleHill,0-0,0,24,37-10,37-7;31-12;30-9;34-7;44-13;34-11,30-9,58,-6
random,random_robot_144,10,6,1,SimpleHill,0-0,0,25,30-9,24-5;33-15;23-5;39-5;37-7;38-3,33-15,69,11
random,random_robot_144,10,6,1,SimpleHill,0-0,0,26,33-15,28-7;41-20;29-12;33-23;31-15;32-24,31-15,68,-1
random,random_robot_144,10,6,1,SimpleHill,0-0,0,27,31-15,28-19;27-17;28-11;34-12;37-16;38-20,37-16,73,5
random,random_robot_144,10,6,1,SimpleHill,0-0,0,28,37-16,43-11;44-18;30-23;38-8;43-16;35-11,38-8,61,-12
random,random_robot_144,10,6,1,SimpleHill,0-0,0,29,38-8,43-4;39-12;38-3;36-12;36-13;46-3,38-3,52,-9
random,random_robot_144,10,6,1,SimpleHill,0-0,0,30,38-3,40-7;42-2;42-4;35-5;41-4;30-1,35-5,55,3
random,random_robot_144,10,6,1,SimpleHill,0-0,0,31,35-5,29-11;36-6;30-8;31-4;32-4;44-6,44-6,60,5
random,random_robot_144,10,6,1,SimpleHill,0-0,0,32,44-6,51-1;37-13;48-7;43-10;43-6;39-2,43-6,60,0
random,random_robot_144,10,6,1,SimpleHill,0-0,0,33,43-6,49-10;50-2;46-9;47-4;43-5;41-10,43-5,58,-2
random,random_robot_144,10,6,1,SimpleHill,0-0,0,34,43-5,43-2;34-3;41-5;35-11;49-7;41-6,41-5,57,-1
random,random_robot_144,10,6,1,SimpleHill,0-0,0,35,41-5,43-9;34-9;39-1;42-9;34-7;36-6,43-9,65,8
random,random_robot_144,10,6,1,SimpleHill,0-0,0,36,43-9,52-8;42-17;37-8;39-0;40-13;41-9,52-8,64,-1
random,random_robot_144,10,6,1,SimpleHill,0-0,0,37,52-8,44-7;43-9;44-14;51-12;48-8;46-15,46-15,75,11
random,random_robot_144,10,6,1,SimpleHill,0-0,0,38,46-15,42-24;39-16;37-15;50-22;49-22;45-11,39-16,74,-1
random,random_robot_144,10,6,1,SimpleHill,0-0,0,39,39-16,43-10;40-21;41-17;46-22;42-15;38-25,40-21,81,7
random,random_robot_144,10,6,1,SimpleHill,0-0,0,40,40-21,44-16;35-19;33-26;44-26;45-25;38-23,38-23,82,1
random,random_robot_144,10,6,1,SimpleHill,0-0,0,41,38-23,46-20;37-23;30-25;42-23;38-27;39-30,46-20,81,-1
random,random_robot_144,10,6,1,SimpleHill,0-0,0,42,46-20,47-19;42-15;45-14;39-20;52-24;51-19,52-24,86,5
random,random_robot_144,10,6,1,SimpleHill,0-0,0,43,52-24,50-18;46-25;52-23;50-33;53-19;57-20,52-23,85,-1
random,random_robot_144,10,6,1,SimpleHill,0-0,0,44,52-23,52-16;59-20;55-24;56-24;56-30;48-29,56-30,91,6
random,random_robot_144,10,6,1,SimpleHill,0-0,0,45,56-30,65-34;53-39;62-37;60-35;48-35;54-37,54-37,96,5
random,random_robot_144,10,6,1,SimpleHill,0-0,0,46,54-37,50-45;53-32;45-33;60-33;55-40;54-39,55-40,97,1
random,random_robot_144,10,6,1,SimpleHill,0-0,0,47,55-40,61-41;56-45;52-43;49-47;50-33;57-34,49-47,99,2
random,random_robot_144,10,6,1,SimpleHill,0-0,0,48,49-47,51-50;44-40;51-47;54-41;45-49;58-44,58-44,98,-1
random,random_robot_144,10,6,1,SimpleHill,0-0,0,49,58-44,57-49;66-44;61-36;53-40;63-39;59-49,57-49,99,1
random,random_robot_144,10,6,1,SimpleHill,0-0,0,50,57-49,59-52;49-51;51-41;53-43;60-54;52-53,53-43,98,-1
random,random_robot_144,10,6,1,SimpleHill,0-0,0,51,53-43,43-43;51-45;52-45;45-47;55-44;45-37,51-45,99,1
random,random_robot_144,10,6,1,SimpleHill,0-0,0,52,51-45,58-45;48-36;56-40;55-37;45-50;52-40,55-37,96,-3
random,random_robot_144,10,6,1,SimpleHill,0-0,0,53,55-37,56-43;47-43;51-34;54-45;52-35;47-35,47-43,98,2
random,random_robot_144,10,6,1,SimpleHill,0-0,0,54,47-43,44-50;38-46;40-48;43-43;52-50;52-35,38-46,96,-2
random,random_robot_144,10,6,1,SimpleHill,0-0,0,55,38-46,41-55;41-54;43-51;42-39;30-47;45-40,42-39,96,0
random,random_robot_144,10,6,1,SimpleHill,0-0,0,56,42-39,40-43;39-46;48-43;48-42;41-40;47-39,40-43,97,1
random,random_robot_144,10,6,1,SimpleHill,0-0,0,57,40-43,36-35;43-36;49-46;39-37;31-43;49-47,36-35,91,-6
random,random_robot_144,10,6,1,SimpleHill,0-0,0,58,36-35,36-39;31-41;41-29;41-37;33-39;28-33,28-33,84,-7
random,random_robot_144,10,6,1,SimpleHill,0-0,0,59,28-33,25-25;33-35;20-32;28-42;32-41;29-28,28-42,89,5
random,random_robot_144,10,6,1,SimpleHill,0-0,0,60,28-42,35-38;29-50;28-35;30-48;26-38;20-36,20-36,78,-11
random,random_robot_144,10,6,1,SimpleHill,0-0,0,61,20-36,12-31;19-35;19-37;12-39;28-32;26-44,19-37,77,-1
random,random_robot_144,10,6,1,SimpleHill,0-0,0,62,19-37,24-31;17-34;13-32;15-29;12-43;24-33,13-32,66,-11
random,random_robot_144,10,6,1,SimpleHill,0-0,0,63,13-32,5-36;9-26;8-38;12-41;21-37;17-33,12-41,69,3
random,random_robot_144,10,6,1,SimpleHill,0-0,0,64,12-41,12-42;11-49;7-35;22-41;8-39;19-48,8-39,62,-7
random,random_robot_144,10,6,1,SimpleHill,0-0,0,65,8-39,15-38;6-31;12-45;9-47;17-39;11-44,9-47,66,4
random,random_robot_144,10,6,1,SimpleHill,0-0,0,66,9-47,2-40;16-45;15-45;12-54;2-46;2-53,16-45,76,10
random,random_robot_144,10,6,1,SimpleHill,0-0,0,67,16-45,24-42;10-46;22-50;17-50;8-42;11-40,24-42,85,9
random,random_robot_144,10,6,1,SimpleHill,0-0,0,68,24-42,21-44;30-35;28-48;31-48;23-37;22-47,31-48,92,7
random,random_robot_144,10,6,1,SimpleHill,0-0,0,69,31-48,37-52;28-48;39-42;37-43;37-49;38-53,37-52,96,4
random,random_robot_144,10,6,1,SimpleHill,0-0,0,70,37-52,37-49;47-52;35-45;41-43;35-57;46-51,46-51,99,3
random,random_robot_144,10,6,1,SimpleHill,0-0,0,71,46-51,39-56;39-57;42-45;40-51;54-49;39-51,40-51,97,-2
random,random_robot_144,10,6,1,SimpleHill,0-0,0,72,40-51,33-58;38-58;45-57;36-56;34-43;44-56,38-58,95,-2
random,random_robot_144,10,6,1,SimpleHill,0-0,0,73,38-58,36-51;31-55;44-64;40-56;33-52;44-63,40-56,97,2
random,random_robot_144,10,6,1,SimpleHill,0-0,0,74,40-56,45-58;44-61;46-51;45-53;41-59;42-48,41-59,96,-1
random,random_robot_144,10,6,1,SimpleHill,0-0,0,75,41-59,43-65;36-58;47-62;49-64;36-64;41-65,36-64,92,-4
random,random_robot_144,10,6,1,SimpleHill,0-0,0,76,36-64,37-61;31-64;28-58;28-66;39-64;37-59,31-64,88,-4
random,random_robot_144,10,6,1,SimpleHill,0-0,0,77,31-64,35-60;31-57;22-65;40-62;22-68;31-64,22-65,79,-9
random,random_robot_144,10,6,1,SimpleHill,0-0,0,78,22-65,31-64;27-61;29-58;31-69;31-67;15-58,31-69,85,6
random,random_robot_144,10,6,1,SimpleHill,0-0,0,79,31-69,40-65;25-66;26-65;23-65;30-67;25-64,25-64,83,-2
