simulation_type,subj_id,sight_radius,n_gabors,block_ix,landscape_name,starting_pos,starting_score,trial,pos,stims,selected,score,delta
random,random_robot_102,10,6,1,SimpleHill,0-0,0,0,0-0,8-2;8-1;4-1;4-2;5-0;6-0,8-2,18,18
random,random_robot_102,10,6,1,SimpleHill,0-0,0,1,8-2,11-11;1-1;6-3;8-7;12-4;8-5,8-7,27,9
random,random_robot_102,10,6,1,SimpleHill,0-0,0,2,8-7,16-12;6-3;13-15;3-6;13-11;6-12,13-15,48,21
random,random_robot_102,10,6,1,SimpleHill,0-0,0,3,13-15,12-17;5-21;22-17;15-14;13-21;7-12,22-17,62,14
random,random_robot_102,10,6,1,SimpleHill,0-0,0,4,22-17,13-19;26-12;14-11;26-9;18-10;29-17,14-11,43,-19
random,random_robot_102,10,6,1,SimpleHill,0-0,0,5,14-11,15-6;15-14;21-7;15-5;17-5;12-19,15-5,35,-8
random,random_robot_102,10,6,1,SimpleHill,0-0,0,6,15-5,5-5;25-5;14-2;24-2;24-4;15-0,25-5,47,12
random,random_robot_102,10,6,1,SimpleHill,0-0,0,7,25-5,30-8;22-10;19-8;23-3;20-11;18-0,30-8,56,9
random,random_robot_102,10,6,1,SimpleHill,0-0,0,8,30-8,31-13;36-3;29-3;30-9;23-15;37-11,37-11,66,10
random,random_robot_102,10,6,1,SimpleHill,0-0,0,9,37-11,34-6;37-13;38-19;33-13;37-1;39-3,34-6,56,-10
random,random_robot_102,10,6,1,SimpleHill,0-0,0,10,34-6,27-7;37-4;29-1;30-6;36-10;36-8,37-4,54,-2
random,random_robot_102,10,6,1,SimpleHill,0-0,0,11,37-4,37-9;40-4;39-11;45-7;45-9;34-9,45-9,65,11
random,random_robot_102,10,6,1,SimpleHill,0-0,0,12,45-9,53-9;38-8;42-18;45-0;54-6;48-18,53-9,66,1
random,random_robot_102,10,6,1,SimpleHill,0-0,0,13,53-9,56-13;50-10;46-10;45-5;46-3;46-8,46-10,67,1
random,random_robot_102,10,6,1,SimpleHill,0-0,0,14,46-10,54-5;38-9;54-14;51-18;50-17;42-7,51-18,79,12
random,random_robot_102,10,6,1,SimpleHill,0-0,0,15,51-18,53-11;48-16;46-25;48-15;55-26;51-15,53-11,69,-10
random,random_robot_102,10,6,1,SimpleHill,0-0,0,16,53-11,53-14;49-8;50-2;54-19;61-8;60-9,53-14,73,4
random,random_robot_102,10,6,1,SimpleHill,0-0,0,17,53-14,54-20;56-22;57-12;47-22;47-18;49-17,54-20,81,8
random,random_robot_102,10,6,1,SimpleHill,0-0,0,18,54-20,62-15;48-25;53-20;55-24;59-26;63-22,48-25,87,6
random,random_robot_102,10,6,1,SimpleHill,0-0,0,19,48-25,55-27;50-34;46-26;50-31;53-27;46-29,53-27,89,2
random,random_robot_102,10,6,1,SimpleHill,0-0,0,20,53-27,47-25;51-25;44-28;62-26;59-32;45-23,62-26,85,-4
random,random_robot_102,10,6,1,SimpleHill,0-0,0,21,62-26,70-29;55-26;70-30;57-33;62-26;55-28,62-26,85,0
random,random_robot_102,10,6,1,SimpleHill,0-0,0,22,62-26,63-20;68-33;70-20;60-26;59-25;55-33,68-33,87,2
random,random_robot_102,10,6,1,SimpleHill,0-0,0,23,68-33,61-32;65-41;67-34;60-31;69-37;65-30,60-31,90,3
random,random_robot_102,10,6,1,SimpleHill,0-0,0,24,60-31,64-33;55-37;67-32;57-34;58-26;52-29,67-32,87,-3
random,random_robot_102,10,6,1,SimpleHill,0-0,0,25,67-32,59-30;66-35;70-25;62-35;59-27;69-26,62-35,92,5
random,random_robot_102,10,6,1,SimpleHill,0-0,0,26,62-35,61-26;58-31;58-41;70-29;57-36;60-44,70-29,83,-9
random,random_robot_102,10,6,1,SimpleHill,0-0,0,27,70-29,67-27;66-25;63-26;70-19;70-33;70-32,70-32,85,2
random,random_robot_102,10,6,1,SimpleHill,0-0,0,28,70-32,69-24;65-25;68-34;69-33;63-33;65-33,69-24,79,-6
random,random_robot_102,10,6,1,SimpleHill,0-0,0,29,69-24,61-21;64-28;61-28;65-17;68-26;66-30,68-26,82,3
random,random_robot_102,10,6,1,SimpleHill,0-0,0,30,68-26,63-31;65-23;59-26;68-34;66-28;66-31,59-26,86,4
random,random_robot_102,10,6,1,SimpleHill,0-0,0,31,59-26,60-29;55-22;65-29;63-19;68-23;59-32,63-19,77,-9
random,random_robot_102,10,6,1,SimpleHill,0-0,0,32,63-19,70-12;59-13;57-18;63-23;56-22;69-13,69-13,65,-12
random,random_robot_102,10,6,1,SimpleHill,0-0,0,33,69-13,64-16;65-13;67-9;64-6;60-13;68-15,68-15,69,4
random,random_robot_102,10,6,1,SimpleHill,0-0,0,34,68-15,70-22;67-11;66-23;64-22;66-7;68-7,66-7,57,-12
random,random_robot_102,10,6,1,SimpleHill,0-0,0,35,66-7,62-13;69-6;67-1;57-3;62-3;62-0,69-6,54,-3
random,random_robot_102,10,6,1,SimpleHill,0-0,0,36,69-6,66-4;66-8;66-13;62-11;61-6;68-10,66-4,52,-2
random,random_robot_102,10,6,1,SimpleHill,0-0,0,37,66-4,64-3;68-3;58-9;58-0;68-13;60-7,58-0,48,-4
random,random_robot_102,10,6,1,SimpleHill,0-0,0,38,58-0,54-2;58-10;58-8;53-4;54-8;54-6,58-10,66,18
random,random_robot_102,10,6,1,SimpleHill,0-0,0,39,58-10,65-14;51-11;63-13;59-9;51-10;62-13,51-11,69,3
random,random_robot_102,10,6,1,SimpleHill,0-0,0,40,51-11,43-8;60-8;51-18;47-5;54-9;49-16,49-16,76,7
random,random_robot_102,10,6,1,SimpleHill,0-0,0,41,49-16,46-23;47-22;46-7;49-9;41-14;42-15,42-15,74,-2
random,random_robot_102,10,6,1,SimpleHill,0-0,0,42,42-15,48-7;34-10;43-9;48-8;47-8;42-21,48-7,62,-12
random,random_robot_102,10,6,1,SimpleHill,0-0,0,43,48-7,48-12;57-6;56-9;41-8;43-4;40-2,57-6,60,-2
random,random_robot_102,10,6,1,SimpleHill,0-0,0,44,57-6,50-10;66-9;63-2;53-12;67-6;58-9,53-12,70,10
random,random_robot_102,10,6,1,SimpleHill,0-0,0,45,53-12,61-16;55-4;55-3;59-11;55-12;54-12,55-3,55,-15
random,random_robot_102,10,6,1,SimpleHill,0-0,0,46,55-3,47-1;48-6;52-5;56-8;60-11;58-8,60-11,67,12
random,random_robot_102,10,6,1,SimpleHill,0-0,0,47,60-11,67-7;64-18;56-7;59-14;63-4;58-12,58-12,69,2
random,random_robot_102,10,6,1,SimpleHill,0-0,0,48,58-12,65-15;52-19;67-10;65-7;56-18;57-20,56-18,78,9
random,random_robot_102,10,6,1,SimpleHill,0-0,0,49,56-18,60-25;51-18;56-20;54-15;63-18;59-18,60-25,85,7
random,random_robot_102,10,6,1,SimpleHill,0-0,0,50,60-25,55-28;67-20;55-32;56-30;66-28;64-32,56-30,91,6
random,random_robot_102,10,6,1,SimpleHill,0-0,0,51,56-30,56-35;61-28;55-24;63-32;61-32;65-29,63-32,90,-1
random,random_robot_102,10,6,1,SimpleHill,0-0,0,52,63-32,66-29;70-26;55-34;61-35;58-27;63-32,61-35,93,3
random,random_robot_102,10,6,1,SimpleHill,0-0,0,53,61-35,60-40;66-28;61-39;58-43;62-28;60-27,58-43,97,4
random,random_robot_102,10,6,1,SimpleHill,0-0,0,54,58-43,51-41;62-41;60-49;57-36;60-50;64-41,60-49,97,0
random,random_robot_102,10,6,1,SimpleHill,0-0,0,55,60-49,56-52;64-52;62-48;69-49;56-55;61-45,62-48,97,0
random,random_robot_102,10,6,1,SimpleHill,0-0,0,56,62-48,68-50;59-50;63-40;69-43;64-44;60-56,59-50,98,1
random,random_robot_102,10,6,1,SimpleHill,0-0,0,57,59-50,53-44;58-45;53-54;66-47;65-46;57-54,66-47,94,-4
random,random_robot_102,10,6,1,SimpleHill,0-0,0,58,66-47,61-50;66-42;66-51;62-50;68-50;63-49,61-50,97,3
random,random_robot_102,10,6,1,SimpleHill,0-0,0,59,61-50,63-42;67-53;60-55;61-44;55-50;64-51,64-51,96,-1
random,random_robot_102,10,6,1,SimpleHill,0-0,0,60,64-51,62-60;69-56;66-45;60-45;63-60;67-44,63-60,94,-2
random,random_robot_102,10,6,1,SimpleHill,0-0,0,61,63-60,63-63;60-63;64-69;56-60;59-69;54-57,54-57,98,4
random,random_robot_102,10,6,1,SimpleHill,0-0,0,62,54-57,61-64;49-63;60-59;48-57;62-58;54-60,62-58,95,-3
random,random_robot_102,10,6,1,SimpleHill,0-0,0,63,62-58,54-57;68-51;68-60;61-49;58-63;65-67,61-49,97,2
random,random_robot_102,10,6,1,SimpleHill,0-0,0,64,61-49,65-54;70-45;52-52;55-41;59-50;54-46,59-50,98,1
random,random_robot_102,10,6,1,SimpleHill,0-0,0,65,59-50,57-46;56-59;67-48;67-53;51-53;63-42,51-53,99,1
random,random_robot_102,10,6,1,SimpleHill,0-0,0,66,51-53,42-50;60-54;44-50;43-59;52-57;44-49,42-50,98,-1
random,random_robot_102,10,6,1,SimpleHill,0-0,0,67,42-50,47-52;34-55;33-47;43-55;34-49;46-41,33-47,94,-4
random,random_robot_102,10,6,1,SimpleHill,0-0,0,68,33-47,39-45;37-47;33-37;36-43;29-38;35-55,36-43,95,1
random,random_robot_102,10,6,1,SimpleHill,0-0,0,69,36-43,33-52;37-42;37-48;30-43;36-52;30-38,36-52,96,1
random,random_robot_102,10,6,1,SimpleHill,0-0,0,70,36-52,33-50;41-57;32-47;38-55;44-49;27-54,44-49,99,3
random,random_robot_102,10,6,1,SimpleHill,0-0,0,71,44-49,42-58;36-48;37-42;41-44;50-43;45-41,37-42,95,-4
random,random_robot_102,10,6,1,SimpleHill,0-0,0,72,37-42,35-39;40-47;40-50;29-38;43-41;40-46,35-39,93,-2
random,random_robot_102,10,6,1,SimpleHill,0-0,0,73,35-39,37-44;32-42;31-44;28-37;39-33;34-37,31-44,92,-1
random,random_robot_102,10,6,1,SimpleHill,0-0,0,74,31-44,29-51;27-36;35-48;35-37;40-44;29-40,27-36,85,-7
random,random_robot_102,10,6,1,SimpleHill,0-0,0,75,27-36,34-36;24-41;20-29;20-39;30-33;33-42,34-36,90,5
random,random_robot_102,10,6,1,SimpleHill,0-0,0,76,34-36,35-31;32-27;36-42;33-41;38-36;37-34,33-41,92,2
random,random_robot_102,10,6,1,SimpleHill,0-0,0,77,33-41,36-42;41-39;40-46;40-40;40-36;28-33,36-42,94,2
random,random_robot_102,10,6,1,SimpleHill,0-0,0,78,36-42,30-42;40-33;34-35;30-41;34-41;30-38,30-38,89,-5
random,random_robot_102,10,6,1,SimpleHill,0-0,0,79,30-38,23-34;34-29;32-39;23-41;38-39;24-33,23-34,80,-9
