simulation_type,subj_id,sight_radius,n_gabors,block_ix,landscape_name,starting_pos,starting_score,trial,pos,stims,selected,score,delta
random,random_robot_189,10,6,1,SimpleHill,0-0,0,0,0-0,3-3;2-8;5-2;8-1;9-2;3-1,3-3,11,11
random,random_robot_189,10,6,1,SimpleHill,0-0,0,1,3-3,0-7;10-8;11-7;6-2;1-12;8-9,8-9,31,20
random,random_robot_189,10,6,1,SimpleHill,0-0,0,2,8-9,8-4;16-6;6-15;17-8;6-16;11-9,17-8,42,11
random,random_robot_189,10,6,1,SimpleHill,0-0,0,3,17-8,19-17;23-4;25-11;10-15;10-4;14-7,10-15,43,1
random,random_robot_189,10,6,1,SimpleHill,0-0,0,4,10-15,9-14;7-18;13-21;10-14;13-7;7-15,13-7,35,-8
random,random_robot_189,10,6,1,SimpleHill,0-0,0,5,13-7,22-3;19-9;8-9;13-4;12-6;18-6,13-4,30,-5
random,random_robot_189,10,6,1,SimpleHill,0-0,0,6,13-4,11-7;13-8;15-7;9-10;12-0;13-4,15-7,38,8
random,random_robot_189,10,6,1,SimpleHill,0-0,0,7,15-7,10-13;13-2;15-14;13-3;9-11;19-16,13-2,26,-12
random,random_robot_189,10,6,1,SimpleHill,0-0,0,8,13-2,10-4;14-5;21-5;21-3;17-11;10-2,21-3,39,13
random,random_robot_189,10,6,1,SimpleHill,0-0,0,9,21-3,22-2;30-0;20-1;16-1;23-0;29-6,20-1,33,-6
random,random_robot_189,10,6,1,SimpleHill,0-0,0,10,20-1,17-8;20-10;15-5;17-10;24-3;22-7,20-10,50,17
random,random_robot_189,10,6,1,SimpleHill,0-0,0,11,20-10,12-9;21-19;26-11;28-5;13-10;17-18,28-5,49,-1
random,random_robot_189,10,6,1,SimpleHill,0-0,0,12,28-5,26-1;20-6;24-9;19-2;37-7;32-8,19-2,34,-15
random,random_robot_189,10,6,1,SimpleHill,0-0,0,13,19-2,10-3;22-3;18-7;21-10;23-7;21-5,22-3,40,6
random,random_robot_189,10,6,1,SimpleHill,0-0,0,14,22-3,25-8;31-5;25-9;17-0;19-5;25-2,25-8,52,12
random,random_robot_189,10,6,1,SimpleHill,0-0,0,15,25-8,25-15;20-12;21-16;26-17;34-6;26-6,25-15,63,11
random,random_robot_189,10,6,1,SimpleHill,0-0,0,16,25-15,30-11;17-21;27-10;17-14;32-21;21-17,27-10,57,-6
random,random_robot_189,10,6,1,SimpleHill,0-0,0,17,27-10,33-12;26-18;28-6;30-15;33-15;26-4,33-15,69,12
random,random_robot_189,10,6,1,SimpleHill,0-0,0,18,33-15,35-21;32-18;41-19;42-17;33-6;30-13,41-19,79,10
random,random_robot_189,10,6,1,SimpleHill,0-0,0,19,41-19,42-18;43-11;45-17;45-11;39-12;39-10,43-11,68,-11
random,random_robot_189,10,6,1,SimpleHill,0-0,0,20,43-11,40-8;48-15;35-12;47-15;35-5;50-17,40-8,62,-6
random,random_robot_189,10,6,1,SimpleHill,0-0,0,21,40-8,40-9;42-7;43-17;35-0;46-14;44-4,46-14,73,11
random,random_robot_189,10,6,1,SimpleHill,0-0,0,22,46-14,53-16;39-20;46-7;53-21;51-20;38-10,38-10,65,-8
random,random_robot_189,10,6,1,SimpleHill,0-0,0,23,38-10,32-6;42-17;34-13;43-2;37-8;37-11,37-8,61,-4
random,random_robot_189,10,6,1,SimpleHill,0-0,0,24,37-8,40-13;32-12;34-4;38-6;39-14;31-15,31-15,68,7
random,random_robot_189,10,6,1,SimpleHill,0-0,0,25,31-15,37-21;22-12;33-21;24-19;26-7;37-22,37-22,80,12
random,random_robot_189,10,6,1,SimpleHill,0-0,0,26,37-22,31-19;42-14;36-13;41-23;37-29;37-26,37-29,87,7
random,random_robot_189,10,6,1,SimpleHill,0-0,0,27,37-29,28-31;36-26;38-22;32-37;35-34;36-38,36-26,84,-3
random,random_robot_189,10,6,1,SimpleHill,0-0,0,28,36-26,45-24;45-29;42-22;34-33;40-22;29-33,29-33,85,1
random,random_robot_189,10,6,1,SimpleHill,0-0,0,29,29-33,32-34;38-31;25-42;29-29;26-30;24-39,38-31,89,4
random,random_robot_189,10,6,1,SimpleHill,0-0,0,30,38-31,38-36;39-27;44-35;41-29;33-28;37-34,37-34,91,2
random,random_robot_189,10,6,1,SimpleHill,0-0,0,31,37-34,43-34;32-29;32-30;37-27;28-30;41-40,37-27,86,-5
random,random_robot_189,10,6,1,SimpleHill,0-0,0,32,37-27,40-19;29-22;43-26;40-20;44-31;36-31,43-26,87,1
random,random_robot_189,10,6,1,SimpleHill,0-0,0,33,43-26,47-34;35-30;50-26;39-35;42-30;33-26,42-30,90,3
random,random_robot_189,10,6,1,SimpleHill,0-0,0,34,42-30,45-30;44-33;42-40;46-23;37-23;41-21,45-30,91,1
random,random_robot_189,10,6,1,SimpleHill,0-0,0,35,45-30,43-30;41-25;52-26;45-28;54-26;45-25,43-30,91,0
random,random_robot_189,10,6,1,SimpleHill,0-0,0,36,43-30,42-28;46-29;42-24;46-28;45-23;47-34,42-28,89,-2
random,random_robot_189,10,6,1,SimpleHill,0-0,0,37,42-28,46-34;50-32;43-22;41-26;44-26;44-23,43-22,83,-6
random,random_robot_189,10,6,1,SimpleHill,0-0,0,38,43-22,36-27;48-27;36-25;40-31;39-27;41-22,48-27,89,6
random,random_robot_189,10,6,1,SimpleHill,0-0,0,39,48-27,43-27;51-29;50-28;44-18;52-25;55-31,51-29,91,2
random,random_robot_189,10,6,1,SimpleHill,0-0,0,40,51-29,48-28;54-33;59-33;55-37;48-32;53-38,55-37,96,5
random,random_robot_189,10,6,1,SimpleHill,0-0,0,41,55-37,58-45;50-42;47-39;62-39;48-38;59-28,58-45,98,2
random,random_robot_189,10,6,1,SimpleHill,0-0,0,42,58-45,58-49;54-52;52-42;65-50;58-42;54-51,54-52,99,1
random,random_robot_189,10,6,1,SimpleHill,0-0,0,43,54-52,52-45;53-57;53-51;61-46;45-54;56-60,61-46,97,-2
random,random_robot_189,10,6,1,SimpleHill,0-0,0,44,61-46,62-49;55-47;58-45;61-47;55-39;60-38,60-38,95,-2
random,random_robot_189,10,6,1,SimpleHill,0-0,0,45,60-38,69-40;61-47;59-41;57-31;62-35;63-44,69-40,90,-5
random,random_robot_189,10,6,1,SimpleHill,0-0,0,46,69-40,62-40;70-31;62-39;64-34;65-45;66-43,62-40,95,5
random,random_robot_189,10,6,1,SimpleHill,0-0,0,47,62-40,54-37;55-45;64-49;61-37;67-46;70-44,70-44,91,-4
random,random_robot_189,10,6,1,SimpleHill,0-0,0,48,70-44,65-36;68-37;67-47;65-51;69-50;64-36,65-51,95,4
random,random_robot_189,10,6,1,SimpleHill,0-0,0,49,65-51,57-52;61-46;67-57;68-60;69-43;64-52,67-57,93,-2
random,random_robot_189,10,6,1,SimpleHill,0-0,0,50,67-57,63-49;68-53;68-52;59-53;70-66;67-64,59-53,98,5
random,random_robot_189,10,6,1,SimpleHill,0-0,0,51,59-53,54-47;51-58;64-60;64-45;58-45;63-61,51-58,98,0
random,random_robot_189,10,6,1,SimpleHill,0-0,0,52,51-58,49-66;53-65;50-57;53-59;59-61;55-62,53-59,98,0
random,random_robot_189,10,6,1,SimpleHill,0-0,0,53,53-59,50-55;57-64;54-55;44-62;54-51;57-55,54-55,99,1
random,random_robot_189,10,6,1,SimpleHill,0-0,0,54,54-55,62-61;57-46;52-61;56-50;50-51;51-53,57-46,98,-1
random,random_robot_189,10,6,1,SimpleHill,0-0,0,55,57-46,60-44;54-51;64-44;63-43;61-55;52-47,52-47,99,1
random,random_robot_189,10,6,1,SimpleHill,0-0,0,56,52-47,55-54;45-43;57-51;46-40;56-52;60-43,46-40,97,-2
random,random_robot_189,10,6,1,SimpleHill,0-0,0,57,46-40,39-46;54-41;45-37;50-31;49-33;42-31,49-33,94,-3
random,random_robot_189,10,6,1,SimpleHill,0-0,0,58,49-33,57-39;55-28;53-30;43-40;50-27;55-33,55-33,93,-1
random,random_robot_189,10,6,1,SimpleHill,0-0,0,59,55-33,57-30;57-32;48-31;60-36;51-32;62-27,48-31,92,-1
random,random_robot_189,10,6,1,SimpleHill,0-0,0,60,48-31,49-27;51-37;54-35;46-40;52-26;54-36,49-27,89,-3
random,random_robot_189,10,6,1,SimpleHill,0-0,0,61,49-27,48-31;52-26;47-27;52-27;53-27;47-29,48-31,92,3
random,random_robot_189,10,6,1,SimpleHill,0-0,0,62,48-31,47-39;54-35;50-32;56-36;45-27;41-29,56-36,95,3
random,random_robot_189,10,6,1,SimpleHill,0-0,0,63,56-36,51-39;52-28;59-35;55-42;52-27;57-32,59-35,93,-2
random,random_robot_189,10,6,1,SimpleHill,0-0,0,64,59-35,53-34;54-34;57-34;67-40;53-27;59-26,59-26,86,-7
random,random_robot_189,10,6,1,SimpleHill,0-0,0,65,59-26,56-32;64-29;55-28;57-26;51-22;61-27,55-28,89,3
random,random_robot_189,10,6,1,SimpleHill,0-0,0,66,55-28,63-32;57-35;63-34;56-34;54-23;48-29,57-35,94,5
random,random_robot_189,10,6,1,SimpleHill,0-0,0,67,57-35,50-41;55-38;65-39;59-40;59-43;61-39,65-39,93,-1
random,random_robot_189,10,6,1,SimpleHill,0-0,0,68,65-39,64-34;64-39;69-48;61-44;67-48;69-35,69-35,88,-5
random,random_robot_189,10,6,1,SimpleHill,0-0,0,69,69-35,61-38;65-31;64-27;66-33;66-32;69-40,69-40,90,2
random,random_robot_189,10,6,1,SimpleHill,0-0,0,70,69-40,61-43;66-48;62-37;66-49;68-38;68-46,66-48,94,4
random,random_robot_189,10,6,1,SimpleHill,0-0,0,71,66-48,59-42;61-48;61-45;62-55;64-44;70-50,61-48,97,3
random,random_robot_189,10,6,1,SimpleHill,0-0,0,72,61-48,65-43;54-44;53-51;59-47;55-40;69-50,55-40,97,0
random,random_robot_189,10,6,1,SimpleHill,0-0,0,73,55-40,46-40;62-35;53-43;56-35;48-33;48-42,48-33,94,-3
random,random_robot_189,10,6,1,SimpleHill,0-0,0,74,48-33,52-32;57-33;57-31;41-27;41-30;54-25,54-25,87,-7
random,random_robot_189,10,6,1,SimpleHill,0-0,0,75,54-25,58-18;62-20;50-32;60-26;59-31;53-34,59-31,91,4
random,random_robot_189,10,6,1,SimpleHill,0-0,0,76,59-31,54-27;53-28;60-40;53-32;59-39;56-26,54-27,89,-2
random,random_robot_189,10,6,1,SimpleHill,0-0,0,77,54-27,53-27;61-21;52-31;63-29;59-27;60-34,52-31,92,3
random,random_robot_189,10,6,1,SimpleHill,0-0,0,78,52-31,58-26;57-35;52-24;53-32;53-25;61-34,61-34,92,0
random,random_robot_189,10,6,1,SimpleHill,0-0,0,79,61-34,61-36;70-33;64-35;58-34;67-40;61-43,61-36,93,1
