simulation_type,subj_id,sight_radius,n_gabors,block_ix,landscape_name,starting_pos,starting_score,trial,pos,stims,selected,score,delta
random,random_robot_76,10,6,1,SimpleHill,0-0,0,0,0-0,9-2;6-1;1-7;0-0;2-9;2-0,6-1,13,13
random,random_robot_76,10,6,1,SimpleHill,0-0,0,1,6-1,3-4;4-7;11-7;2-4;5-8;8-4,3-4,13,0
random,random_robot_76,10,6,1,SimpleHill,0-0,0,2,3-4,12-8;5-13;7-9;5-9;4-12;8-5,7-9,29,16
random,random_robot_76,10,6,1,SimpleHill,0-0,0,3,7-9,7-1;11-5;9-18;7-4;1-14;15-10,9-18,45,16
random,random_robot_76,10,6,1,SimpleHill,0-0,0,4,9-18,15-13;4-17;3-18;4-20;11-27;16-16,4-17,35,-10
random,random_robot_76,10,6,1,SimpleHill,0-0,0,5,4-17,1-11;12-20;2-18;9-13;12-19;7-24,2-18,33,-2
random,random_robot_76,10,6,1,SimpleHill,0-0,0,6,2-18,5-18;6-18;6-27;0-12;6-23;4-13,4-13,30,-3
random,random_robot_76,10,6,1,SimpleHill,0-0,0,7,4-13,2-17;4-12;1-22;10-18;9-10;4-22,2-17,32,2
random,random_robot_76,10,6,1,SimpleHill,0-0,0,8,2-17,6-14;5-15;1-9;7-19;9-19;9-22,9-19,47,15
random,random_robot_76,10,6,1,SimpleHill,0-0,0,9,9-19,7-22;2-16;5-28;11-12;5-13;10-11,5-28,49,2
random,random_robot_76,10,6,1,SimpleHill,0-0,0,10,5-28,3-33;12-32;4-32;3-35;6-20;13-34,6-20,43,-6
random,random_robot_76,10,6,1,SimpleHill,0-0,0,11,6-20,12-21;3-22;9-22;13-15;1-18;15-16,12-21,54,11
random,random_robot_76,10,6,1,SimpleHill,0-0,0,12,12-21,11-25;19-26;11-30;7-14;5-28;11-28,5-28,49,-5
random,random_robot_76,10,6,1,SimpleHill,0-0,0,13,5-28,12-28;9-30;12-21;2-28;3-24;8-34,3-24,42,-7
random,random_robot_76,10,6,1,SimpleHill,0-0,0,14,3-24,3-17;11-24;0-28;8-29;5-16;5-23,5-23,44,2
random,random_robot_76,10,6,1,SimpleHill,0-0,0,15,5-23,9-15;2-19;14-19;0-18;5-31;4-30,9-15,41,-3
random,random_robot_76,10,6,1,SimpleHill,0-0,0,16,9-15,10-9;11-6;7-17;8-20;12-21;3-20,8-20,46,5
random,random_robot_76,10,6,1,SimpleHill,0-0,0,17,8-20,4-12;11-21;1-27;2-20;4-24;4-29,11-21,52,6
random,random_robot_76,10,6,1,SimpleHill,0-0,0,18,11-21,11-23;9-23;6-21;18-26;7-23;15-28,7-23,48,-4
random,random_robot_76,10,6,1,SimpleHill,0-0,0,19,7-23,6-20;4-24;10-18;9-16;0-22;12-25,10-18,47,-1
random,random_robot_76,10,6,1,SimpleHill,0-0,0,20,10-18,7-19;16-11;12-23;12-27;3-21;4-23,16-11,46,-1
random,random_robot_76,10,6,1,SimpleHill,0-0,0,21,16-11,13-20;21-17;13-8;14-10;20-7;15-5,13-8,37,-9
random,random_robot_76,10,6,1,SimpleHill,0-0,0,22,13-8,5-9;16-3;20-4;19-4;6-7;10-9,19-4,38,1
random,random_robot_76,10,6,1,SimpleHill,0-0,0,23,19-4,13-6;17-11;26-10;16-9;14-1;26-11,26-10,56,18
random,random_robot_76,10,6,1,SimpleHill,0-0,0,24,26-10,20-17;18-11;18-9;23-2;32-5;22-12,22-12,55,-1
random,random_robot_76,10,6,1,SimpleHill,0-0,0,25,22-12,26-9;13-9;18-3;30-7;30-13;19-6,19-6,42,-13
random,random_robot_76,10,6,1,SimpleHill,0-0,0,26,19-6,26-2;14-13;21-12;24-8;17-10;18-3,24-8,51,9
random,random_robot_76,10,6,1,SimpleHill,0-0,0,27,24-8,24-1;30-11;17-9;24-13;28-5;17-7,17-9,44,-7
random,random_robot_76,10,6,1,SimpleHill,0-0,0,28,17-9,18-11;15-0;16-0;25-11;20-3;13-9,20-3,37,-7
random,random_robot_76,10,6,1,SimpleHill,0-0,0,29,20-3,12-4;15-11;15-8;18-8;15-9;27-4,15-9,41,4
random,random_robot_76,10,6,1,SimpleHill,0-0,0,30,15-9,13-8;24-6;7-12;16-15;22-9;24-7,24-7,49,8
random,random_robot_76,10,6,1,SimpleHill,0-0,0,31,24-7,25-0;17-7;20-13;25-12;24-9;22-16,25-12,58,9
random,random_robot_76,10,6,1,SimpleHill,0-0,0,32,25-12,18-14;16-15;28-17;18-16;32-17;21-19,18-14,53,-5
random,random_robot_76,10,6,1,SimpleHill,0-0,0,33,18-14,17-11;18-5;26-13;16-12;12-8;21-10,12-8,35,-18
random,random_robot_76,10,6,1,SimpleHill,0-0,0,34,12-8,18-14;18-1;21-12;16-17;16-8;10-2,18-14,53,18
random,random_robot_76,10,6,1,SimpleHill,0-0,0,35,18-14,24-21;11-9;12-13;17-16;13-22;10-18,13-22,56,3
random,random_robot_76,10,6,1,SimpleHill,0-0,0,36,13-22,7-21;15-26;17-14;14-15;18-18;20-24,18-18,59,3
random,random_robot_76,10,6,1,SimpleHill,0-0,0,37,18-18,18-20;15-25;14-10;25-16;12-11;13-20,12-11,40,-19
random,random_robot_76,10,6,1,SimpleHill,0-0,0,38,12-11,7-18;5-14;17-13;7-8;5-11;8-10,17-13,50,10
random,random_robot_76,10,6,1,SimpleHill,0-0,0,39,17-13,11-6;26-14;20-12;22-19;19-20;10-7,20-12,53,3
random,random_robot_76,10,6,1,SimpleHill,0-0,0,40,20-12,14-4;20-7;27-9;24-14;21-8;17-12,24-14,60,7
random,random_robot_76,10,6,1,SimpleHill,0-0,0,41,24-14,24-21;23-19;23-6;21-16;26-10;21-12,26-10,56,-4
random,random_robot_76,10,6,1,SimpleHill,0-0,0,42,26-10,21-7;35-14;22-10;26-2;35-7;22-5,21-7,46,-10
random,random_robot_76,10,6,1,SimpleHill,0-0,0,43,21-7,14-6;16-7;27-9;14-11;15-5;12-5,12-5,30,-16
random,random_robot_76,10,6,1,SimpleHill,0-0,0,44,12-5,6-1;13-3;12-4;11-4;18-3;16-13,11-4,27,-3
random,random_robot_76,10,6,1,SimpleHill,0-0,0,45,11-4,7-2;14-13;1-4;13-5;15-13;18-10,13-5,32,5
random,random_robot_76,10,6,1,SimpleHill,0-0,0,46,13-5,12-10;8-12;13-14;15-0;20-4;7-11,7-11,32,0
random,random_robot_76,10,6,1,SimpleHill,0-0,0,47,7-11,5-4;15-16;7-6;1-18;6-2;7-15,5-4,17,-15
random,random_robot_76,10,6,1,SimpleHill,0-0,0,48,5-4,2-12;12-6;6-11;13-5;13-8;8-9,2-12,25,8
random,random_robot_76,10,6,1,SimpleHill,0-0,0,49,2-12,7-14;0-8;6-11;8-16;4-10;10-17,8-16,41,16
random,random_robot_76,10,6,1,SimpleHill,0-0,0,50,8-16,4-16;12-11;0-10;12-19;13-22;7-16,0-10,18,-23
random,random_robot_76,10,6,1,SimpleHill,0-0,0,51,0-10,7-11;7-9;0-0;0-14;1-13;4-13,4-13,30,12
random,random_robot_76,10,6,1,SimpleHill,0-0,0,52,4-13,10-5;3-5;7-6;3-9;2-14;3-11,2-14,28,-2
random,random_robot_76,10,6,1,SimpleHill,0-0,0,53,2-14,10-15;9-18;9-20;5-8;3-23;7-14,9-18,45,17
random,random_robot_76,10,6,1,SimpleHill,0-0,0,54,9-18,7-27;16-20;4-18;14-13;13-17;11-18,16-20,58,13
random,random_robot_76,10,6,1,SimpleHill,0-0,0,55,16-20,20-24;20-17;11-17;23-19;23-22;14-25,20-17,60,2
random,random_robot_76,10,6,1,SimpleHill,0-0,0,56,20-17,15-14;19-17;21-9;15-20;25-24;13-19,21-9,49,-11
random,random_robot_76,10,6,1,SimpleHill,0-0,0,57,21-9,28-14;25-16;30-7;14-7;21-19;13-12,13-12,43,-6
random,random_robot_76,10,6,1,SimpleHill,0-0,0,58,13-12,11-18;11-3;21-12;18-5;9-6;20-9,11-18,49,6
random,random_robot_76,10,6,1,SimpleHill,0-0,0,59,11-18,17-19;5-15;14-15;20-19;17-12;18-18,20-19,62,13
random,random_robot_76,10,6,1,SimpleHill,0-0,0,60,20-19,20-10;29-20;11-15;24-18;14-20;21-27,21-27,72,10
random,random_robot_76,10,6,1,SimpleHill,0-0,0,61,21-27,17-22;22-34;26-24;20-32;20-29;28-33,20-32,75,3
random,random_robot_76,10,6,1,SimpleHill,0-0,0,62,20-32,15-33;25-24;18-37;21-28;22-24;11-30,15-33,69,-6
random,random_robot_76,10,6,1,SimpleHill,0-0,0,63,15-33,13-31;20-28;8-26;22-35;13-25;16-38,16-38,74,5
random,random_robot_76,10,6,1,SimpleHill,0-0,0,64,16-38,8-33;15-43;17-37;14-33;20-38;10-38,15-43,74,0
random,random_robot_76,10,6,1,SimpleHill,0-0,0,65,15-43,19-42;11-41;14-52;14-41;14-35;8-47,14-35,69,-5
random,random_robot_76,10,6,1,SimpleHill,0-0,0,66,14-35,17-35;6-40;11-27;11-43;6-34;13-44,17-35,73,4
random,random_robot_76,10,6,1,SimpleHill,0-0,0,67,17-35,15-39;23-29;24-38;17-45;23-43;25-30,15-39,73,0
random,random_robot_76,10,6,1,SimpleHill,0-0,0,68,15-39,15-37;23-40;23-43;22-41;15-46;23-35,22-41,82,9
random,random_robot_76,10,6,1,SimpleHill,0-0,0,69,22-41,20-42;18-47;23-45;25-38;19-50;27-39,23-45,84,2
random,random_robot_76,10,6,1,SimpleHill,0-0,0,70,23-45,30-49;29-37;16-42;17-51;29-42;14-41,30-49,91,7
random,random_robot_76,10,6,1,SimpleHill,0-0,0,71,30-49,30-55;27-43;29-40;38-47;38-43;32-56,29-40,89,-2
random,random_robot_76,10,6,1,SimpleHill,0-0,0,72,29-40,36-39;33-31;32-37;23-48;23-47;27-40,23-48,85,-4
random,random_robot_76,10,6,1,SimpleHill,0-0,0,73,23-48,26-52;29-50;27-57;24-43;15-43;18-42,29-50,91,6
random,random_robot_76,10,6,1,SimpleHill,0-0,0,74,29-50,29-59;25-50;32-47;24-45;35-54;35-45,29-59,89,-2
random,random_robot_76,10,6,1,SimpleHill,0-0,0,75,29-59,23-64;29-51;37-62;31-63;26-61;34-52,37-62,93,4
random,random_robot_76,10,6,1,SimpleHill,0-0,0,76,37-62,43-56;35-54;35-58;43-63;42-59;39-54,35-58,94,1
random,random_robot_76,10,6,1,SimpleHill,0-0,0,77,35-58,38-64;32-52;31-63;28-64;44-58;36-53,36-53,95,1
random,random_robot_76,10,6,1,SimpleHill,0-0,0,78,36-53,45-50;32-45;39-45;36-51;34-59;34-60,36-51,96,1
random,random_robot_76,10,6,1,SimpleHill,0-0,0,79,36-51,26-51;41-59;39-47;45-53;41-53;37-51,45-53,99,3
