simulation_type,subj_id,sight_radius,n_gabors,block_ix,landscape_name,starting_pos,starting_score,trial,pos,stims,selected,score,delta
random,random_robot_83,10,6,1,SimpleHill,0-0,0,0,0-0,7-0;2-8;6-7;0-6;7-6;1-6,6-7,24,24
random,random_robot_83,10,6,1,SimpleHill,0-0,0,1,6-7,11-0;4-3;1-13;14-8;6-17;11-1,11-0,19,-5
random,random_robot_83,10,6,1,SimpleHill,0-0,0,2,11-0,1-0;14-2;8-7;3-4;20-3;4-2,1-0,1,-18
random,random_robot_83,10,6,1,SimpleHill,0-0,0,3,1-0,2-7;2-6;11-0;0-2;3-1;6-0,2-7,16,15
random,random_robot_83,10,6,1,SimpleHill,0-0,0,4,2-7,4-0;7-14;1-15;1-2;8-4;9-8,4-0,7,-9
random,random_robot_83,10,6,1,SimpleHill,0-0,0,5,4-0,2-4;2-5;6-3;13-4;8-5;0-9,13-4,30,23
random,random_robot_83,10,6,1,SimpleHill,0-0,0,6,13-4,19-10;23-4;13-11;12-8;20-4;4-5,20-4,39,9
random,random_robot_83,10,6,1,SimpleHill,0-0,0,7,20-4,25-4;15-1;23-3;25-1;28-7;26-9,23-3,41,2
random,random_robot_83,10,6,1,SimpleHill,0-0,0,8,23-3,24-12;25-7;27-7;27-3;28-6;22-3,28-6,51,10
random,random_robot_83,10,6,1,SimpleHill,0-0,0,9,28-6,24-13;32-5;28-9;24-10;22-2;32-2,24-13,59,8
random,random_robot_83,10,6,1,SimpleHill,0-0,0,10,24-13,31-13;30-21;18-17;23-4;18-14;31-16,18-14,53,-6
random,random_robot_83,10,6,1,SimpleHill,0-0,0,11,18-14,16-5;21-13;9-13;25-12;25-19;14-11,16-5,36,-17
random,random_robot_83,10,6,1,SimpleHill,0-0,0,12,16-5,13-6;16-5;13-5;17-10;19-14;19-1,19-1,32,-4
random,random_robot_83,10,6,1,SimpleHill,0-0,0,13,19-1,21-2;11-7;20-7;18-5;20-8;12-0,21-2,37,5
random,random_robot_83,10,6,1,SimpleHill,0-0,0,14,21-2,27-0;19-0;23-7;20-3;13-4;17-0,23-7,48,11
random,random_robot_83,10,6,1,SimpleHill,0-0,0,15,23-7,20-5;17-2;30-11;25-15;17-9;19-11,17-9,44,-4
random,random_robot_83,10,6,1,SimpleHill,0-0,0,16,17-9,25-14;13-6;17-4;20-16;16-3;17-9,17-9,44,0
random,random_robot_83,10,6,1,SimpleHill,0-0,0,17,17-9,9-13;20-10;17-4;12-7;11-13;8-9,8-9,31,-13
random,random_robot_83,10,6,1,SimpleHill,0-0,0,18,8-9,3-4;12-7;2-15;16-6;10-4;15-13,3-4,13,-18
random,random_robot_83,10,6,1,SimpleHill,0-0,0,19,3-4,12-5;10-8;3-0;13-4;11-6;6-9,13-4,30,17
random,random_robot_83,10,6,1,SimpleHill,0-0,0,20,13-4,13-6;11-2;14-1;7-9;11-5;7-3,11-2,23,-7
random,random_robot_83,10,6,1,SimpleHill,0-0,0,21,11-2,9-6;9-0;8-0;7-10;9-3;4-9,9-0,16,-7
random,random_robot_83,10,6,1,SimpleHill,0-0,0,22,9-0,17-2;4-8;6-3;3-1;16-1;7-1,7-1,15,-1
random,random_robot_83,10,6,1,SimpleHill,0-0,0,23,7-1,2-4;6-2;6-9;12-9;1-2;14-1,6-2,15,0
random,random_robot_83,10,6,1,SimpleHill,0-0,0,24,6-2,5-11;15-6;12-6;10-9;10-7;3-8,5-11,29,14
random,random_robot_83,10,6,1,SimpleHill,0-0,0,25,5-11,10-3;9-20;13-15;14-15;0-6;9-13,0-6,11,-18
random,random_robot_83,10,6,1,SimpleHill,0-0,0,26,0-6,0-7;6-9;2-11;3-13;5-11;8-7,5-11,29,18
random,random_robot_83,10,6,1,SimpleHill,0-0,0,27,5-11,11-6;8-10;4-4;5-5;3-17;0-7,4-4,15,-14
random,random_robot_83,10,6,1,SimpleHill,0-0,0,28,4-4,4-7;4-0;0-3;8-7;12-9;0-9,4-7,20,5
random,random_robot_83,10,6,1,SimpleHill,0-0,0,29,4-7,9-6;11-1;5-9;0-4;6-7;3-9,9-6,27,7
random,random_robot_83,10,6,1,SimpleHill,0-0,0,30,9-6,5-10;18-10;17-8;15-13;15-1;2-2,17-8,42,15
random,random_robot_83,10,6,1,SimpleHill,0-0,0,31,17-8,19-13;19-7;12-4;25-14;9-7;24-4,25-14,61,19
random,random_robot_83,10,6,1,SimpleHill,0-0,0,32,25-14,17-15;33-19;24-12;19-15;20-20;21-17,19-15,56,-5
random,random_robot_83,10,6,1,SimpleHill,0-0,0,33,19-15,25-11;16-23;21-16;24-15;23-23;21-21,25-11,57,1
random,random_robot_83,10,6,1,SimpleHill,0-0,0,34,25-11,28-6;20-13;34-11;25-12;21-5;17-12,28-6,51,-6
random,random_robot_83,10,6,1,SimpleHill,0-0,0,35,28-6,23-1;36-2;29-15;25-1;22-7;23-7,29-15,66,15
random,random_robot_83,10,6,1,SimpleHill,0-0,0,36,29-15,29-20;24-14;32-20;34-20;26-8;21-10,26-8,53,-13
random,random_robot_83,10,6,1,SimpleHill,0-0,0,37,26-8,19-12;30-10;22-2;31-13;23-6;29-17,30-10,60,7
random,random_robot_83,10,6,1,SimpleHill,0-0,0,38,30-10,22-15;24-6;39-7;36-13;34-17;37-4,24-6,47,-13
random,random_robot_83,10,6,1,SimpleHill,0-0,0,39,24-6,19-7;20-1;30-2;28-4;17-4;21-5,17-4,35,-12
random,random_robot_83,10,6,1,SimpleHill,0-0,0,40,17-4,10-11;15-13;13-0;23-11;10-1;23-6,15-13,48,13
random,random_robot_83,10,6,1,SimpleHill,0-0,0,41,15-13,10-5;10-6;17-4;15-22;19-9;7-12,19-9,47,-1
random,random_robot_83,10,6,1,SimpleHill,0-0,0,42,19-9,14-4;20-4;19-11;16-17;22-5;27-14,27-14,63,16
random,random_robot_83,10,6,1,SimpleHill,0-0,0,43,27-14,31-11;34-16;24-12;24-8;33-18;32-21,24-8,51,-12
random,random_robot_83,10,6,1,SimpleHill,0-0,0,44,24-8,30-10;26-12;27-12;33-8;31-1;23-14,26-12,59,8
random,random_robot_83,10,6,1,SimpleHill,0-0,0,45,26-12,20-11;29-20;29-3;32-8;27-6;33-18,33-18,73,14
random,random_robot_83,10,6,1,SimpleHill,0-0,0,46,33-18,35-15;24-19;30-24;32-13;40-14;43-18,32-13,66,-7
random,random_robot_83,10,6,1,SimpleHill,0-0,0,47,32-13,39-7;34-18;33-18;36-21;38-10;23-17,23-17,63,-3
random,random_robot_83,10,6,1,SimpleHill,0-0,0,48,23-17,19-11;18-15;31-22;26-9;16-22;27-21,18-15,55,-8
random,random_robot_83,10,6,1,SimpleHill,0-0,0,49,18-15,10-17;18-15;14-18;12-13;22-17;14-24,14-24,60,5
random,random_robot_83,10,6,1,SimpleHill,0-0,0,50,14-24,6-23;6-28;21-31;22-21;13-25;14-28,22-21,67,7
random,random_robot_83,10,6,1,SimpleHill,0-0,0,51,22-21,12-21;27-13;17-19;29-17;20-14;30-27,17-19,59,-8
random,random_robot_83,10,6,1,SimpleHill,0-0,0,52,17-19,13-10;19-20;11-26;24-16;14-23;13-15,19-20,62,3
random,random_robot_83,10,6,1,SimpleHill,0-0,0,53,19-20,23-13;19-25;17-11;21-20;18-28;19-17,21-20,65,3
random,random_robot_83,10,6,1,SimpleHill,0-0,0,54,21-20,28-17;14-24;18-23;24-12;19-25;22-26,19-25,68,3
random,random_robot_83,10,6,1,SimpleHill,0-0,0,55,19-25,13-24;19-20;16-18;14-17;16-29;18-31,18-31,72,4
random,random_robot_83,10,6,1,SimpleHill,0-0,0,56,18-31,16-37;22-40;18-34;15-23;19-24;26-35,18-34,74,2
random,random_robot_83,10,6,1,SimpleHill,0-0,0,57,18-34,13-36;19-37;20-25;14-39;12-32;11-35,11-35,65,-9
random,random_robot_83,10,6,1,SimpleHill,0-0,0,58,11-35,4-31;12-32;9-26;11-39;17-28;7-37,7-37,59,-6
random,random_robot_83,10,6,1,SimpleHill,0-0,0,59,7-37,13-32;9-44;0-40;12-30;9-39;11-28,13-32,66,7
random,random_robot_83,10,6,1,SimpleHill,0-0,0,60,13-32,20-37;17-30;21-38;15-40;8-24;13-25,13-25,60,-6
random,random_robot_83,10,6,1,SimpleHill,0-0,0,61,13-25,12-22;11-19;14-17;18-28;16-32;7-21,16-32,70,10
random,random_robot_83,10,6,1,SimpleHill,0-0,0,62,16-32,18-34;17-23;16-23;22-32;23-25;21-24,22-32,77,7
random,random_robot_83,10,6,1,SimpleHill,0-0,0,63,22-32,14-30;24-39;27-32;30-37;16-27;19-27,30-37,88,11
random,random_robot_83,10,6,1,SimpleHill,0-0,0,64,30-37,36-34;31-35;33-29;23-44;32-40;30-44,30-44,91,3
random,random_robot_83,10,6,1,SimpleHill,0-0,0,65,30-44,32-53;37-50;31-42;27-45;32-40;30-54,31-42,91,0
random,random_robot_83,10,6,1,SimpleHill,0-0,0,66,31-42,35-45;29-36;29-35;23-48;22-41;29-38,29-35,86,-5
random,random_robot_83,10,6,1,SimpleHill,0-0,0,67,29-35,24-35;37-34;35-29;22-39;23-36;24-41,37-34,91,5
random,random_robot_83,10,6,1,SimpleHill,0-0,0,68,37-34,31-30;29-33;41-34;41-32;29-30;41-38,41-38,95,4
random,random_robot_83,10,6,1,SimpleHill,0-0,0,69,41-38,48-41;35-38;47-38;35-37;38-39;38-35,38-35,92,-3
random,random_robot_83,10,6,1,SimpleHill,0-0,0,70,38-35,42-44;37-33;39-36;46-31;40-37;44-39,40-37,94,2
random,random_robot_83,10,6,1,SimpleHill,0-0,0,71,40-37,49-33;33-36;34-38;49-37;44-39;46-41,44-39,96,2
random,random_robot_83,10,6,1,SimpleHill,0-0,0,72,44-39,46-31;48-43;40-42;38-41;41-35;50-45,50-45,99,3
random,random_robot_83,10,6,1,SimpleHill,0-0,0,73,50-45,58-41;48-43;51-51;44-47;53-53;52-49,48-43,98,-1
random,random_robot_83,10,6,1,SimpleHill,0-0,0,74,48-43,54-40;45-36;46-34;55-39;46-46;48-34,45-36,95,-3
random,random_robot_83,10,6,1,SimpleHill,0-0,0,75,45-36,41-41;39-43;52-36;49-32;48-45;50-39,52-36,96,1
random,random_robot_83,10,6,1,SimpleHill,0-0,0,76,52-36,54-41;44-36;50-38;52-40;57-38;47-36,54-41,98,2
random,random_robot_83,10,6,1,SimpleHill,0-0,0,77,54-41,58-40;52-42;54-43;50-39;49-43;55-45,50-39,97,-1
random,random_robot_83,10,6,1,SimpleHill,0-0,0,78,50-39,47-31;49-48;51-34;45-34;47-38;58-41,47-38,96,-1
random,random_robot_83,10,6,1,SimpleHill,0-0,0,79,47-38,51-33;42-46;43-41;52-42;53-33;42-45,43-41,97,1
