simulation_type,subj_id,sight_radius,n_gabors,block_ix,landscape_name,starting_pos,starting_score,trial,pos,stims,selected,score,delta
random,random_robot_149,10,6,1,SimpleHill,0-0,0,0,0-0,3-4;3-8;5-1;3-9;7-7;1-7,3-8,20,20
random,random_robot_149,10,6,1,SimpleHill,0-0,0,1,3-8,1-13;12-6;8-0;3-0;0-11;1-2,0-11,19,-1
random,random_robot_149,10,6,1,SimpleHill,0-0,0,2,0-11,9-9;0-18;5-13;0-13;9-13;2-6,2-6,15,-4
random,random_robot_149,10,6,1,SimpleHill,0-0,0,3,2-6,9-3;9-11;4-5;8-4;9-5;3-3,8-4,22,7
random,random_robot_149,10,6,1,SimpleHill,0-0,0,4,8-4,16-9;10-0;2-9;7-0;3-6;4-13,10-0,18,-4
random,random_robot_149,10,6,1,SimpleHill,0-0,0,5,10-0,3-3;8-0;1-3;4-8;6-1;12-8,1-3,7,-11
random,random_robot_149,10,6,1,SimpleHill,0-0,0,6,1-3,0-8;1-13;0-4;3-2;1-5;4-6,4-6,18,11
random,random_robot_149,10,6,1,SimpleHill,0-0,0,7,4-6,6-2;11-0;5-10;9-14;0-2;3-7,0-2,3,-15
random,random_robot_149,10,6,1,SimpleHill,0-0,0,8,0-2,2-8;4-10;8-6;4-6;2-7;0-8,4-10,25,22
random,random_robot_149,10,6,1,SimpleHill,0-0,0,9,4-10,12-8;1-10;0-10;10-5;5-3;6-3,12-8,35,10
random,random_robot_149,10,6,1,SimpleHill,0-0,0,10,12-8,13-13;5-5;17-1;8-10;17-9;8-13,17-1,30,-5
random,random_robot_149,10,6,1,SimpleHill,0-0,0,11,17-1,13-2;16-5;26-5;10-8;19-8;21-4,16-5,36,6
random,random_robot_149,10,6,1,SimpleHill,0-0,0,12,16-5,20-9;20-3;10-13;23-8;9-9;19-6,20-3,37,1
random,random_robot_149,10,6,1,SimpleHill,0-0,0,13,20-3,17-3;16-2;12-8;12-7;22-2;19-8,12-7,34,-3
random,random_robot_149,10,6,1,SimpleHill,0-0,0,14,12-7,5-11;16-2;16-10;16-8;7-2;19-2,16-8,41,7
random,random_robot_149,10,6,1,SimpleHill,0-0,0,15,16-8,13-3;10-5;12-14;8-13;19-0;18-5,10-5,27,-14
random,random_robot_149,10,6,1,SimpleHill,0-0,0,16,10-5,9-0;1-5;5-7;1-7;14-13;7-4,1-5,11,-16
random,random_robot_149,10,6,1,SimpleHill,0-0,0,17,1-5,4-11;7-0;6-12;5-1;9-4;7-7,6-12,32,21
random,random_robot_149,10,6,1,SimpleHill,0-0,0,18,6-12,0-16;5-4;7-13;10-5;9-13;11-18,7-13,35,3
random,random_robot_149,10,6,1,SimpleHill,0-0,0,19,7-13,10-15;7-17;12-7;11-22;16-15;11-7,16-15,52,17
random,random_robot_149,10,6,1,SimpleHill,0-0,0,20,16-15,20-16;13-18;8-11;17-15;7-18;18-11,7-18,42,-10
random,random_robot_149,10,6,1,SimpleHill,0-0,0,21,7-18,11-24;11-25;13-15;12-23;4-10;4-21,11-24,56,14
random,random_robot_149,10,6,1,SimpleHill,0-0,0,22,11-24,10-21;14-33;16-20;13-25;15-30;4-24,16-20,58,2
random,random_robot_149,10,6,1,SimpleHill,0-0,0,23,16-20,15-17;24-25;8-16;11-24;9-27;21-18,8-16,41,-17
random,random_robot_149,10,6,1,SimpleHill,0-0,0,24,8-16,2-22;0-20;14-9;7-8;3-23;11-18,7-8,27,-14
random,random_robot_149,10,6,1,SimpleHill,0-0,0,25,7-8,14-10;13-3;3-6;12-14;5-5;16-6,14-10,42,15
random,random_robot_149,10,6,1,SimpleHill,0-0,0,26,14-10,20-4;19-2;12-11;7-12;9-13;21-9,21-9,49,7
random,random_robot_149,10,6,1,SimpleHill,0-0,0,27,21-9,28-9;24-12;18-1;14-6;25-13;25-18,24-12,57,8
random,random_robot_149,10,6,1,SimpleHill,0-0,0,28,24-12,32-7;26-12;15-14;26-13;24-20;18-13,24-20,68,11
random,random_robot_149,10,6,1,SimpleHill,0-0,0,29,24-20,31-20;26-11;29-28;26-26;27-15;21-20,27-15,64,-4
random,random_robot_149,10,6,1,SimpleHill,0-0,0,30,27-15,23-21;34-22;30-9;32-13;24-14;22-17,22-17,62,-2
random,random_robot_149,10,6,1,SimpleHill,0-0,0,31,22-17,26-25;15-16;24-15;29-16;24-21;16-16,16-16,53,-9
random,random_robot_149,10,6,1,SimpleHill,0-0,0,32,16-16,9-13;24-11;25-18;9-20;20-18;20-19,9-20,48,-5
random,random_robot_149,10,6,1,SimpleHill,0-0,0,33,9-20,2-25;8-27;14-28;4-26;4-28;17-26,17-26,66,18
random,random_robot_149,10,6,1,SimpleHill,0-0,0,34,17-26,10-19;8-29;16-29;21-25;20-35;16-22,21-25,70,4
random,random_robot_149,10,6,1,SimpleHill,0-0,0,35,21-25,23-23;15-24;16-22;16-27;13-27;24-31,15-24,61,-9
random,random_robot_149,10,6,1,SimpleHill,0-0,0,36,15-24,8-22;24-20;21-24;10-20;12-24;16-26,21-24,69,8
random,random_robot_149,10,6,1,SimpleHill,0-0,0,37,21-24,17-20;23-17;14-22;26-21;15-32;22-17,17-20,60,-9
random,random_robot_149,10,6,1,SimpleHill,0-0,0,38,17-20,13-21;21-25;14-15;23-17;10-19;20-27,20-27,71,11
random,random_robot_149,10,6,1,SimpleHill,0-0,0,39,20-27,25-33;26-35;26-22;27-31;29-30;19-20,25-33,81,10
random,random_robot_149,10,6,1,SimpleHill,0-0,0,40,25-33,25-37;26-25;20-27;15-33;26-35;29-33,26-35,83,2
random,random_robot_149,10,6,1,SimpleHill,0-0,0,41,26-35,24-27;34-33;27-27;20-34;26-44;32-42,34-33,89,6
random,random_robot_149,10,6,1,SimpleHill,0-0,0,42,34-33,31-34;40-27;35-28;27-26;34-23;41-38,35-28,85,-4
random,random_robot_149,10,6,1,SimpleHill,0-0,0,43,35-28,34-35;28-25;27-27;37-36;28-32;41-20,37-36,92,7
random,random_robot_149,10,6,1,SimpleHill,0-0,0,44,37-36,36-42;46-32;35-31;35-45;31-29;28-37,46-32,93,1
random,random_robot_149,10,6,1,SimpleHill,0-0,0,45,46-32,55-35;38-28;51-40;45-31;53-36;43-36,55-35,95,2
random,random_robot_149,10,6,1,SimpleHill,0-0,0,46,55-35,47-35;54-28;54-44;60-30;53-43;51-36,54-44,98,3
random,random_robot_149,10,6,1,SimpleHill,0-0,0,47,54-44,47-45;53-53;58-41;61-39;53-37;62-39,61-39,95,-3
random,random_robot_149,10,6,1,SimpleHill,0-0,0,48,61-39,62-42;67-38;69-42;59-36;58-47;53-40,59-36,94,-1
random,random_robot_149,10,6,1,SimpleHill,0-0,0,49,59-36,65-31;55-39;57-30;57-31;53-33;62-40,57-31,91,-3
random,random_robot_149,10,6,1,SimpleHill,0-0,0,50,57-31,62-39;59-35;58-32;55-38;52-32;49-28,55-38,96,5
random,random_robot_149,10,6,1,SimpleHill,0-0,0,51,55-38,63-44;62-36;63-36;53-41;62-35;61-41,62-36,93,-3
random,random_robot_149,10,6,1,SimpleHill,0-0,0,52,62-36,53-38;58-31;66-27;59-45;60-44;64-33,66-27,84,-9
random,random_robot_149,10,6,1,SimpleHill,0-0,0,53,66-27,57-27;58-27;63-24;58-24;64-32;65-23,65-23,80,-4
random,random_robot_149,10,6,1,SimpleHill,0-0,0,54,65-23,69-29;63-27;69-30;65-20;65-28;69-16,65-28,85,5
random,random_robot_149,10,6,1,SimpleHill,0-0,0,55,65-28,56-31;61-33;60-21;64-32;67-28;66-36,61-33,91,6
random,random_robot_149,10,6,1,SimpleHill,0-0,0,56,61-33,67-39;63-35;62-41;58-41;66-33;67-34,63-35,92,1
random,random_robot_149,10,6,1,SimpleHill,0-0,0,57,63-35,69-42;57-34;67-37;60-40;57-30;68-38,67-37,90,-2
random,random_robot_149,10,6,1,SimpleHill,0-0,0,58,67-37,70-35;68-37;67-40;58-39;67-38;61-37,70-35,87,-3
random,random_robot_149,10,6,1,SimpleHill,0-0,0,59,70-35,69-27;70-27;69-39;62-39;70-29;66-28,70-29,83,-4
random,random_robot_149,10,6,1,SimpleHill,0-0,0,60,70-29,65-27;68-26;65-21;68-37;70-31;66-21,68-37,90,7
random,random_robot_149,10,6,1,SimpleHill,0-0,0,61,68-37,67-44;61-33;68-42;62-37;61-35;70-40,61-35,93,3
random,random_robot_149,10,6,1,SimpleHill,0-0,0,62,61-35,58-33;65-34;58-39;61-26;53-38;64-30,53-38,96,3
random,random_robot_149,10,6,1,SimpleHill,0-0,0,63,53-38,53-48;61-42;46-43;54-39;54-38;48-39,53-48,99,3
random,random_robot_149,10,6,1,SimpleHill,0-0,0,64,53-48,49-40;47-44;44-44;46-51;46-55;57-57,47-44,99,0
random,random_robot_149,10,6,1,SimpleHill,0-0,0,65,47-44,39-44;45-46;55-47;51-39;45-49;46-48,45-46,99,0
random,random_robot_149,10,6,1,SimpleHill,0-0,0,66,45-46,40-54;51-41;35-46;49-55;44-45;49-49,49-49,99,0
random,random_robot_149,10,6,1,SimpleHill,0-0,0,67,49-49,48-52;54-57;44-52;39-49;55-47;58-51,55-47,99,0
random,random_robot_149,10,6,1,SimpleHill,0-0,0,68,55-47,59-47;51-53;47-44;57-39;54-51;55-38,51-53,99,0
random,random_robot_149,10,6,1,SimpleHill,0-0,0,69,51-53,44-56;47-59;53-52;43-50;59-52;58-58,43-50,99,0
random,random_robot_149,10,6,1,SimpleHill,0-0,0,70,43-50,40-51;48-56;38-42;46-48;51-46;45-47,38-42,95,-4
random,random_robot_149,10,6,1,SimpleHill,0-0,0,71,38-42,40-41;46-45;31-43;29-39;41-50;33-50,41-50,98,3
random,random_robot_149,10,6,1,SimpleHill,0-0,0,72,41-50,43-46;43-55;42-55;37-54;46-53;34-48,46-53,99,1
random,random_robot_149,10,6,1,SimpleHill,0-0,0,73,46-53,37-57;53-54;51-52;53-52;48-48;49-57,49-57,99,0
random,random_robot_149,10,6,1,SimpleHill,0-0,0,74,49-57,43-63;52-55;43-57;41-54;55-56;41-52,55-56,98,-1
random,random_robot_149,10,6,1,SimpleHill,0-0,0,75,55-56,54-58;64-58;58-49;49-56;48-58;46-56,49-56,99,1
random,random_robot_149,10,6,1,SimpleHill,0-0,0,76,49-56,55-54;48-65;40-56;55-61;50-51;55-53,40-56,97,-2
random,random_robot_149,10,6,1,SimpleHill,0-0,0,77,40-56,44-64;42-65;34-55;42-50;35-60;38-47,42-50,98,1
random,random_robot_149,10,6,1,SimpleHill,0-0,0,78,42-50,50-46;45-45;44-48;33-52;38-44;50-54,38-44,96,-2
random,random_robot_149,10,6,1,SimpleHill,0-0,0,79,38-44,39-35;46-41;40-36;40-53;45-44;29-46,39-35,93,-3
