simulation_type,subj_id,sight_radius,n_gabors,block_ix,landscape_name,starting_pos,starting_score,trial,pos,stims,selected,score,delta
random,random_robot_143,10,6,1,SimpleHill,0-0,0,0,0-0,1-7;0-0;3-0;8-6;0-4;2-9,0-0,0,0
random,random_robot_143,10,6,1,SimpleHill,0-0,0,1,0-0,0-3;3-9;5-0;4-5;3-3;3-0,3-9,22,22
random,random_robot_143,10,6,1,SimpleHill,0-0,0,2,3-9,11-8;7-15;7-0;0-9;9-5;10-11,7-15,38,16
random,random_robot_143,10,6,1,SimpleHill,0-0,0,3,7-15,0-11;10-21;11-21;2-7;5-6;8-24,11-21,52,14
random,random_robot_143,10,6,1,SimpleHill,0-0,0,4,11-21,16-19;13-12;16-14;11-14;3-16;5-27,16-14,50,-2
random,random_robot_143,10,6,1,SimpleHill,0-0,0,5,16-14,22-9;20-10;14-9;23-13;23-17;16-15,14-9,40,-10
random,random_robot_143,10,6,1,SimpleHill,0-0,0,6,14-9,15-6;19-14;14-9;6-3;23-12;5-12,14-9,40,0
random,random_robot_143,10,6,1,SimpleHill,0-0,0,7,14-9,17-7;10-13;8-8;21-13;8-2;5-6,5-6,20,-20
random,random_robot_143,10,6,1,SimpleHill,0-0,0,8,5-6,6-15;1-12;14-2;13-10;10-2;0-7,0-7,13,-7
random,random_robot_143,10,6,1,SimpleHill,0-0,0,9,0-7,0-9;5-4;1-6;9-10;3-9;2-0,1-6,13,0
random,random_robot_143,10,6,1,SimpleHill,0-0,0,10,1-6,10-9;7-11;0-12;7-13;10-8;5-10,5-10,27,14
random,random_robot_143,10,6,1,SimpleHill,0-0,0,11,5-10,14-6;1-12;4-2;9-8;6-19;10-6,1-12,23,-4
random,random_robot_143,10,6,1,SimpleHill,0-0,0,12,1-12,2-19;3-12;4-21;4-7;9-14;7-7,3-12,26,3
random,random_robot_143,10,6,1,SimpleHill,0-0,0,13,3-12,8-11;12-15;1-12;7-14;10-15;7-11,7-11,32,6
random,random_robot_143,10,6,1,SimpleHill,0-0,0,14,7-11,13-12;2-11;10-9;8-20;12-6;14-7,13-12,43,11
random,random_robot_143,10,6,1,SimpleHill,0-0,0,15,13-12,10-15;8-12;22-12;7-7;9-21;6-6,7-7,26,-17
random,random_robot_143,10,6,1,SimpleHill,0-0,0,16,7-7,10-1;14-1;13-11;15-3;14-3;5-1,13-11,42,16
random,random_robot_143,10,6,1,SimpleHill,0-0,0,17,13-11,14-4;12-9;18-14;16-13;9-9;20-6,14-4,31,-11
random,random_robot_143,10,6,1,SimpleHill,0-0,0,18,14-4,7-8;9-6;4-4;6-4;15-8;13-6,13-6,33,2
random,random_robot_143,10,6,1,SimpleHill,0-0,0,19,13-6,18-8;19-7;19-8;16-9;6-1;20-12,19-7,43,10
random,random_robot_143,10,6,1,SimpleHill,0-0,0,20,19-7,13-15;21-3;20-0;23-0;19-17;22-16,20-0,32,-11
random,random_robot_143,10,6,1,SimpleHill,0-0,0,21,20-0,21-9;28-3;14-1;20-10;16-1;11-2,16-1,28,-4
random,random_robot_143,10,6,1,SimpleHill,0-0,0,22,16-1,12-1;14-1;11-4;10-5;14-4;18-8,18-8,44,16
random,random_robot_143,10,6,1,SimpleHill,0-0,0,23,18-8,25-7;10-8;22-15;12-0;15-6;23-15,23-15,60,16
random,random_robot_143,10,6,1,SimpleHill,0-0,0,24,23-15,16-15;24-17;28-20;21-21;18-7;20-21,18-7,42,-18
random,random_robot_143,10,6,1,SimpleHill,0-0,0,25,18-7,10-7;23-0;25-8;13-13;14-11;10-2,10-2,21,-21
random,random_robot_143,10,6,1,SimpleHill,0-0,0,26,10-2,14-7;5-10;19-2;13-1;4-4;4-3,4-4,15,-6
random,random_robot_143,10,6,1,SimpleHill,0-0,0,27,4-4,6-4;7-5;6-3;8-5;6-2;9-0,6-2,15,0
random,random_robot_143,10,6,1,SimpleHill,0-0,0,28,6-2,2-2;13-0;2-6;9-3;5-3;4-1,2-2,7,-8
random,random_robot_143,10,6,1,SimpleHill,0-0,0,29,2-2,2-0;5-6;8-1;6-10;0-1;1-10,6-10,29,22
random,random_robot_143,10,6,1,SimpleHill,0-0,0,30,6-10,4-7;7-17;8-9;5-2;12-15;7-6,7-6,24,-5
random,random_robot_143,10,6,1,SimpleHill,0-0,0,31,7-6,10-5;3-8;12-6;1-10;4-6;9-1,12-6,32,8
random,random_robot_143,10,6,1,SimpleHill,0-0,0,32,12-6,16-15;13-3;14-5;4-1;17-0;9-3,14-5,33,1
random,random_robot_143,10,6,1,SimpleHill,0-0,0,33,14-5,5-3;23-4;19-8;19-1;12-6;17-5,23-4,43,10
random,random_robot_143,10,6,1,SimpleHill,0-0,0,34,23-4,29-9;27-11;27-1;21-3;16-0;31-1,27-1,41,-2
random,random_robot_143,10,6,1,SimpleHill,0-0,0,35,27-1,30-1;34-2;20-2;31-5;35-1;25-1,20-2,35,-6
random,random_robot_143,10,6,1,SimpleHill,0-0,0,36,20-2,13-9;20-10;15-3;22-0;29-6;14-1,22-0,34,-1
random,random_robot_143,10,6,1,SimpleHill,0-0,0,37,22-0,16-3;20-0;24-5;27-8;16-1;30-6,24-5,45,11
random,random_robot_143,10,6,1,SimpleHill,0-0,0,38,24-5,33-7;20-14;27-8;17-11;20-7;29-6,29-6,52,7
random,random_robot_143,10,6,1,SimpleHill,0-0,0,39,29-6,22-6;25-1;36-0;20-3;34-9;21-12,22-6,45,-7
random,random_robot_143,10,6,1,SimpleHill,0-0,0,40,22-6,14-6;30-1;29-5;25-10;28-7;19-15,19-15,56,11
random,random_robot_143,10,6,1,SimpleHill,0-0,0,41,19-15,15-23;24-14;25-21;21-9;23-12;21-8,21-9,49,-7
random,random_robot_143,10,6,1,SimpleHill,0-0,0,42,21-9,23-5;16-1;21-14;30-13;22-14;28-11,22-14,58,9
random,random_robot_143,10,6,1,SimpleHill,0-0,0,43,22-14,26-23;21-18;18-19;22-17;24-11;26-14,24-11,56,-2
random,random_robot_143,10,6,1,SimpleHill,0-0,0,44,24-11,27-17;22-16;15-7;17-11;21-3;32-13,15-7,38,-18
random,random_robot_143,10,6,1,SimpleHill,0-0,0,45,15-7,23-8;24-4;15-9;9-0;16-8;22-12,24-4,44,6
random,random_robot_143,10,6,1,SimpleHill,0-0,0,46,24-4,32-5;20-13;33-1;22-12;33-5;27-13,20-13,54,10
random,random_robot_143,10,6,1,SimpleHill,0-0,0,47,20-13,17-7;25-20;14-10;20-19;28-15;27-7,14-10,42,-12
random,random_robot_143,10,6,1,SimpleHill,0-0,0,48,14-10,8-4;21-6;5-6;9-12;22-7;23-6,8-4,22,-20
random,random_robot_143,10,6,1,SimpleHill,0-0,0,49,8-4,10-12;2-6;16-4;13-12;2-12;3-6,13-12,43,21
random,random_robot_143,10,6,1,SimpleHill,0-0,0,50,13-12,4-10;22-9;15-18;19-10;4-8;14-3,15-18,55,12
random,random_robot_143,10,6,1,SimpleHill,0-0,0,51,15-18,9-23;15-18;16-18;14-20;16-26;11-10,16-26,65,10
random,random_robot_143,10,6,1,SimpleHill,0-0,0,52,16-26,10-23;21-27;13-25;18-29;26-26;15-35,13-25,60,-5
random,random_robot_143,10,6,1,SimpleHill,0-0,0,53,13-25,6-31;11-19;17-34;13-19;4-22;9-33,9-33,60,0
random,random_robot_143,10,6,1,SimpleHill,0-0,0,54,9-33,6-36;19-33;3-40;15-26;15-40;3-28,15-40,73,13
random,random_robot_143,10,6,1,SimpleHill,0-0,0,55,15-40,15-44;15-35;13-36;19-46;8-35;23-37,23-37,82,9
random,random_robot_143,10,6,1,SimpleHill,0-0,0,56,23-37,19-38;25-38;24-33;29-40;20-41;20-37,20-37,78,-4
random,random_robot_143,10,6,1,SimpleHill,0-0,0,57,20-37,14-36;12-35;16-46;15-37;19-43;13-41,19-43,79,1
random,random_robot_143,10,6,1,SimpleHill,0-0,0,58,19-43,19-45;21-47;26-37;24-44;20-49;28-45,28-45,89,10
random,random_robot_143,10,6,1,SimpleHill,0-0,0,59,28-45,25-51;21-42;24-45;20-46;27-48;33-40,24-45,85,-4
random,random_robot_143,10,6,1,SimpleHill,0-0,0,60,24-45,29-47;17-43;16-49;33-47;24-50;19-49,19-49,80,-5
random,random_robot_143,10,6,1,SimpleHill,0-0,0,61,19-49,17-47;27-49;22-46;20-57;14-45;12-54,27-49,89,9
random,random_robot_143,10,6,1,SimpleHill,0-0,0,62,27-49,36-48;27-56;36-49;22-41;29-47;36-47,36-49,96,7
random,random_robot_143,10,6,1,SimpleHill,0-0,0,63,36-49,43-50;37-47;43-45;31-55;40-46;28-46,43-45,98,2
random,random_robot_143,10,6,1,SimpleHill,0-0,0,64,43-45,50-46;37-51;48-49;51-40;39-44;42-44,50-46,99,1
random,random_robot_143,10,6,1,SimpleHill,0-0,0,65,50-46,49-44;53-55;55-49;43-53;55-54;41-50,43-53,98,-1
random,random_robot_143,10,6,1,SimpleHill,0-0,0,66,43-53,45-49;48-61;40-55;44-60;44-52;52-52,40-55,97,-1
random,random_robot_143,10,6,1,SimpleHill,0-0,0,67,40-55,42-47;43-52;36-60;40-45;37-48;43-47,42-47,98,1
random,random_robot_143,10,6,1,SimpleHill,0-0,0,68,42-47,38-39;35-48;49-45;37-39;36-39;40-38,37-39,94,-4
random,random_robot_143,10,6,1,SimpleHill,0-0,0,69,37-39,39-34;36-39;36-32;42-32;40-45;41-42,36-32,89,-5
random,random_robot_143,10,6,1,SimpleHill,0-0,0,70,36-32,40-27;41-38;33-34;34-40;27-36;42-37,27-36,85,-4
random,random_robot_143,10,6,1,SimpleHill,0-0,0,71,27-36,22-44;35-42;27-30;22-34;29-36;25-38,22-44,83,-2
random,random_robot_143,10,6,1,SimpleHill,0-0,0,72,22-44,16-37;15-44;28-44;30-38;25-43;18-39,18-39,77,-6
random,random_robot_143,10,6,1,SimpleHill,0-0,0,73,18-39,15-32;20-44;20-40;22-48;20-47;11-43,20-47,81,4
random,random_robot_143,10,6,1,SimpleHill,0-0,0,74,20-47,13-42;15-49;18-52;29-50;21-50;17-48,29-50,91,10
random,random_robot_143,10,6,1,SimpleHill,0-0,0,75,29-50,38-46;37-49;29-41;23-54;26-57;33-44,37-49,96,5
random,random_robot_143,10,6,1,SimpleHill,0-0,0,76,37-49,40-53;42-44;35-45;37-57;40-43;33-54,42-44,98,2
random,random_robot_143,10,6,1,SimpleHill,0-0,0,77,42-44,40-41;34-43;42-51;46-46;36-44;44-39,34-43,93,-5
random,random_robot_143,10,6,1,SimpleHill,0-0,0,78,34-43,30-49;33-41;36-36;37-42;43-40;25-46,30-49,91,-2
random,random_robot_143,10,6,1,SimpleHill,0-0,0,79,30-49,30-43;27-41;29-56;26-53;30-57;22-50,27-41,87,-4
