simulation_type,subj_id,sight_radius,n_gabors,block_ix,landscape_name,starting_pos,starting_score,trial,pos,stims,selected,score,delta
random,random_robot_28,10,6,1,SimpleHill,0-0,0,0,0-0,5-1;4-7;7-5;2-1;6-1;3-8,4-7,20,20
random,random_robot_28,10,6,1,SimpleHill,0-0,0,1,4-7,13-4;2-6;5-13;9-1;13-9;8-0,2-6,15,-5
random,random_robot_28,10,6,1,SimpleHill,0-0,0,2,2-6,6-8;9-0;8-7;4-5;1-14;6-4,6-4,18,3
random,random_robot_28,10,6,1,SimpleHill,0-0,0,3,6-4,14-1;11-9;12-10;1-12;12-7;14-8,12-7,34,16
random,random_robot_28,10,6,1,SimpleHill,0-0,0,4,12-7,11-6;20-1;6-8;4-12;14-14;8-8,11-6,30,-4
random,random_robot_28,10,6,1,SimpleHill,0-0,0,5,11-6,5-8;13-15;11-15;14-9;7-13;7-7,14-9,40,10
random,random_robot_28,10,6,1,SimpleHill,0-0,0,6,14-9,20-13;8-5;14-7;6-10;16-6;16-14,16-6,38,-2
random,random_robot_28,10,6,1,SimpleHill,0-0,0,7,16-6,22-11;17-11;20-12;18-4;24-12;16-0,22-11,53,15
random,random_robot_28,10,6,1,SimpleHill,0-0,0,8,22-11,29-9;13-15;24-4;31-15;17-19;19-5,31-15,68,15
random,random_robot_28,10,6,1,SimpleHill,0-0,0,9,31-15,35-20;32-7;25-9;24-22;35-6;28-22,35-6,56,-12
random,random_robot_28,10,6,1,SimpleHill,0-0,0,10,35-6,38-0;39-6;36-6;35-10;36-8;30-6,36-8,60,4
random,random_robot_28,10,6,1,SimpleHill,0-0,0,11,36-8,40-11;28-8;32-9;40-2;42-4;41-12,41-12,69,9
random,random_robot_28,10,6,1,SimpleHill,0-0,0,12,41-12,36-20;49-12;38-10;38-3;36-15;42-15,36-20,78,9
random,random_robot_28,10,6,1,SimpleHill,0-0,0,13,36-20,33-15;36-25;28-17;32-19;36-11;38-17,33-15,69,-9
random,random_robot_28,10,6,1,SimpleHill,0-0,0,14,33-15,25-13;32-21;29-12;30-20;30-6;33-8,29-12,62,-7
random,random_robot_28,10,6,1,SimpleHill,0-0,0,15,29-12,24-18;35-10;29-9;26-14;37-6;25-16,26-14,62,0
random,random_robot_28,10,6,1,SimpleHill,0-0,0,16,26-14,26-13;31-7;20-21;22-10;27-8;25-18,27-8,54,-8
random,random_robot_28,10,6,1,SimpleHill,0-0,0,17,27-8,28-11;20-4;29-1;28-8;35-3;32-10,28-11,59,5
random,random_robot_28,10,6,1,SimpleHill,0-0,0,18,28-11,30-17;27-10;24-16;26-16;37-12;27-9,27-10,57,-2
random,random_robot_28,10,6,1,SimpleHill,0-0,0,19,27-10,30-14;27-11;17-10;34-17;24-8;26-6,26-6,49,-8
random,random_robot_28,10,6,1,SimpleHill,0-0,0,20,26-6,29-8;33-5;22-14;27-1;29-11;21-3,29-11,60,11
random,random_robot_28,10,6,1,SimpleHill,0-0,0,21,29-11,34-19;26-19;29-13;34-6;34-16;22-10,29-13,63,3
random,random_robot_28,10,6,1,SimpleHill,0-0,0,22,29-13,22-13;36-10;38-14;31-17;28-8;37-7,31-17,71,8
random,random_robot_28,10,6,1,SimpleHill,0-0,0,23,31-17,28-22;30-19;26-18;32-24;37-9;29-20,28-22,74,3
random,random_robot_28,10,6,1,SimpleHill,0-0,0,24,28-22,24-18;34-24;28-21;36-19;31-22;19-26,31-22,77,3
random,random_robot_28,10,6,1,SimpleHill,0-0,0,25,31-22,39-23;38-25;37-23;28-15;25-26;33-13,39-23,83,6
random,random_robot_28,10,6,1,SimpleHill,0-0,0,26,39-23,31-22;46-27;35-23;48-23;33-22;47-29,47-29,91,8
random,random_robot_28,10,6,1,SimpleHill,0-0,0,27,47-29,50-24;56-26;43-23;51-24;52-34;46-32,52-34,94,3
random,random_robot_28,10,6,1,SimpleHill,0-0,0,28,52-34,61-33;46-29;53-32;60-30;53-30;61-36,61-33,91,-3
random,random_robot_28,10,6,1,SimpleHill,0-0,0,29,61-33,67-30;52-29;56-37;62-34;59-29;52-36,59-29,89,-2
random,random_robot_28,10,6,1,SimpleHill,0-0,0,30,59-29,67-35;63-30;58-25;53-32;62-35;60-28,60-28,88,-1
random,random_robot_28,10,6,1,SimpleHill,0-0,0,31,60-28,59-35;58-36;53-21;66-33;57-25;56-33,53-21,83,-5
random,random_robot_28,10,6,1,SimpleHill,0-0,0,32,53-21,55-23;60-25;51-30;49-20;52-24;51-19,52-24,86,3
random,random_robot_28,10,6,1,SimpleHill,0-0,0,33,52-24,49-32;52-25;51-31;44-25;53-32;54-28,53-32,93,7
random,random_robot_28,10,6,1,SimpleHill,0-0,0,34,53-32,55-36;49-41;54-27;44-34;50-23;44-33,50-23,85,-8
random,random_robot_28,10,6,1,SimpleHill,0-0,0,35,50-23,54-18;56-25;43-30;50-13;57-26;51-18,57-26,87,2
random,random_robot_28,10,6,1,SimpleHill,0-0,0,36,57-26,49-28;56-17;64-29;53-18;64-21;54-23,56-17,77,-10
random,random_robot_28,10,6,1,SimpleHill,0-0,0,37,56-17,63-22;51-23;54-26;61-11;51-24;59-25,59-25,85,8
random,random_robot_28,10,6,1,SimpleHill,0-0,0,38,59-25,67-26;62-30;55-21;62-25;58-26;66-30,67-26,82,-3
random,random_robot_28,10,6,1,SimpleHill,0-0,0,39,67-26,61-25;69-30;67-18;63-33;67-32;58-23,63-33,90,8
random,random_robot_28,10,6,1,SimpleHill,0-0,0,40,63-33,64-34;68-37;57-37;70-31;61-38;64-25,61-38,94,4
random,random_robot_28,10,6,1,SimpleHill,0-0,0,41,61-38,63-44;60-38;53-42;66-30;58-39;60-34,60-38,95,1
random,random_robot_28,10,6,1,SimpleHill,0-0,0,42,60-38,53-32;65-31;65-36;55-46;56-42;55-39,56-42,98,3
random,random_robot_28,10,6,1,SimpleHill,0-0,0,43,56-42,52-40;48-36;50-34;54-39;59-39;52-42,52-40,97,-1
random,random_robot_28,10,6,1,SimpleHill,0-0,0,44,52-40,54-38;45-44;47-44;56-47;49-37;50-37,45-44,98,1
random,random_robot_28,10,6,1,SimpleHill,0-0,0,45,45-44,45-49;47-39;46-41;37-41;52-38;37-50,52-38,97,-1
random,random_robot_28,10,6,1,SimpleHill,0-0,0,46,52-38,51-47;54-30;49-40;56-29;59-31;47-44,49-40,97,0
random,random_robot_28,10,6,1,SimpleHill,0-0,0,47,49-40,51-45;51-43;41-44;51-35;46-32;49-46,51-43,99,2
random,random_robot_28,10,6,1,SimpleHill,0-0,0,48,51-43,53-39;52-45;52-50;44-50;55-50;57-44,52-45,99,0
random,random_robot_28,10,6,1,SimpleHill,0-0,0,49,52-45,53-49;47-53;51-50;56-52;51-48;51-43,51-50,99,0
random,random_robot_28,10,6,1,SimpleHill,0-0,0,50,51-50,51-52;47-48;50-59;42-51;54-46;57-44,47-48,99,0
random,random_robot_28,10,6,1,SimpleHill,0-0,0,51,47-48,46-49;45-43;51-48;56-50;55-45;51-43,51-48,99,0
random,random_robot_28,10,6,1,SimpleHill,0-0,0,52,51-48,47-52;53-39;54-48;57-51;56-47;58-47,53-39,97,-2
random,random_robot_28,10,6,1,SimpleHill,0-0,0,53,53-39,60-42;48-39;48-43;48-33;46-34;46-38,48-43,98,1
random,random_robot_28,10,6,1,SimpleHill,0-0,0,54,48-43,46-47;55-40;49-44;47-52;48-34;50-37,49-44,99,1
random,random_robot_28,10,6,1,SimpleHill,0-0,0,55,49-44,49-51;57-47;41-42;48-46;57-38;46-35,41-42,97,-2
random,random_robot_28,10,6,1,SimpleHill,0-0,0,56,41-42,38-37;38-41;48-42;37-42;41-51;45-40,38-41,95,-2
random,random_robot_28,10,6,1,SimpleHill,0-0,0,57,38-41,29-43;33-43;39-42;33-49;45-38;46-36,45-38,96,1
random,random_robot_28,10,6,1,SimpleHill,0-0,0,58,45-38,39-45;44-46;51-44;42-29;47-45;45-30,45-30,91,-5
random,random_robot_28,10,6,1,SimpleHill,0-0,0,59,45-30,51-33;47-21;47-26;51-29;46-22;53-25,47-26,88,-3
random,random_robot_28,10,6,1,SimpleHill,0-0,0,60,47-26,55-26;51-21;50-26;53-22;40-21;49-21,55-26,87,-1
random,random_robot_28,10,6,1,SimpleHill,0-0,0,61,55-26,54-19;58-22;49-29;49-30;59-31;47-26,59-31,91,4
random,random_robot_28,10,6,1,SimpleHill,0-0,0,62,59-31,64-39;56-26;64-26;62-28;50-31;62-27,62-28,87,-4
random,random_robot_28,10,6,1,SimpleHill,0-0,0,63,62-28,66-27;69-31;64-25;64-21;69-26;62-26,64-25,83,-4
random,random_robot_28,10,6,1,SimpleHill,0-0,0,64,64-25,67-30;69-27;68-23;55-23;70-21;68-22,68-22,77,-6
random,random_robot_28,10,6,1,SimpleHill,0-0,0,65,68-22,66-22;70-29;69-26;67-31;70-21;70-16,67-31,87,10
random,random_robot_28,10,6,1,SimpleHill,0-0,0,66,67-31,59-25;62-28;63-24;65-26;69-28;59-36,62-28,87,0
random,random_robot_28,10,6,1,SimpleHill,0-0,0,67,62-28,70-26;65-26;67-35;67-33;55-34;56-27,55-34,94,7
random,random_robot_28,10,6,1,SimpleHill,0-0,0,68,55-34,49-33;57-28;50-34;56-35;55-43;58-31,50-34,94,0
random,random_robot_28,10,6,1,SimpleHill,0-0,0,69,50-34,43-28;43-29;50-36;53-28;51-32;57-32,50-36,96,2
random,random_robot_28,10,6,1,SimpleHill,0-0,0,70,50-36,53-32;57-39;41-38;52-29;57-43;52-34,52-29,91,-5
random,random_robot_28,10,6,1,SimpleHill,0-0,0,71,52-29,59-28;44-29;49-38;52-27;60-29;47-33,59-28,88,-3
random,random_robot_28,10,6,1,SimpleHill,0-0,0,72,59-28,55-28;68-28;61-33;65-22;62-34;68-27,62-34,92,4
random,random_robot_28,10,6,1,SimpleHill,0-0,0,73,62-34,53-35;56-38;54-38;64-28;58-31;58-36,64-28,86,-6
random,random_robot_28,10,6,1,SimpleHill,0-0,0,74,64-28,70-36;58-31;63-23;66-36;57-29;66-24,66-36,90,4
random,random_robot_28,10,6,1,SimpleHill,0-0,0,75,66-36,64-29;68-44;62-35;56-36;61-40;67-42,56-36,95,5
random,random_robot_28,10,6,1,SimpleHill,0-0,0,76,56-36,57-32;58-43;58-41;60-38;54-43;52-35,58-43,97,2
random,random_robot_28,10,6,1,SimpleHill,0-0,0,77,58-43,65-48;64-39;64-45;53-40;54-46;67-44,53-40,97,0
random,random_robot_28,10,6,1,SimpleHill,0-0,0,78,53-40,49-38;54-31;55-31;48-36;46-45;59-40,46-45,99,2
random,random_robot_28,10,6,1,SimpleHill,0-0,0,79,46-45,48-42;52-40;42-42;40-52;55-44;38-43,52-40,97,-2
