simulation_type,subj_id,sight_radius,n_gabors,block_ix,landscape_name,starting_pos,starting_score,trial,pos,stims,selected,score,delta
random,random_robot_6,10,6,1,SimpleHill,0-0,0,0,0-0,8-2;7-2;3-3;0-2;2-1;0-1,3-3,11,11
random,random_robot_6,10,6,1,SimpleHill,0-0,0,1,3-3,12-6;5-3;0-3;9-3;10-5;5-1,5-3,15,4
random,random_robot_6,10,6,1,SimpleHill,0-0,0,2,5-3,10-8;2-1;1-8;3-4;8-0;12-7,3-4,13,-2
random,random_robot_6,10,6,1,SimpleHill,0-0,0,3,3-4,0-1;11-8;2-2;8-7;6-3;4-1,6-3,17,4
random,random_robot_6,10,6,1,SimpleHill,0-0,0,4,6-3,7-0;5-4;0-0;4-3;13-5;9-8,0-0,0,-17
random,random_robot_6,10,6,1,SimpleHill,0-0,0,5,0-0,4-8;0-8;5-3;8-3;7-2;0-10,0-10,18,18
random,random_robot_6,10,6,1,SimpleHill,0-0,0,6,0-10,0-19;4-17;4-15;7-7;8-14;2-13,4-15,33,15
random,random_robot_6,10,6,1,SimpleHill,0-0,0,7,4-15,0-15;6-10;6-18;7-13;2-10;3-23,0-15,25,-8
random,random_robot_6,10,6,1,SimpleHill,0-0,0,8,0-15,1-9;4-16;1-24;1-7;0-11;0-7,4-16,34,9
random,random_robot_6,10,6,1,SimpleHill,0-0,0,9,4-16,5-16;5-21;8-12;13-17;4-11;3-14,5-21,42,8
random,random_robot_6,10,6,1,SimpleHill,0-0,0,10,5-21,12-25;8-15;5-23;3-13;4-28;8-19,3-13,28,-14
random,random_robot_6,10,6,1,SimpleHill,0-0,0,11,3-13,7-18;5-14;7-4;7-9;2-9;2-4,2-4,11,-17
random,random_robot_6,10,6,1,SimpleHill,0-0,0,12,2-4,7-8;7-9;11-5;6-6;8-6;6-4,7-9,29,18
random,random_robot_6,10,6,1,SimpleHill,0-0,0,13,7-9,12-2;6-14;7-2;5-5;12-10;0-16,7-2,16,-13
random,random_robot_6,10,6,1,SimpleHill,0-0,0,14,7-2,14-6;6-5;8-2;6-7;5-6;9-3,6-5,20,4
random,random_robot_6,10,6,1,SimpleHill,0-0,0,15,6-5,12-11;1-7;10-13;2-8;2-10;3-5,2-10,21,1
random,random_robot_6,10,6,1,SimpleHill,0-0,0,16,2-10,1-11;3-7;10-7;7-11;6-10;4-15,6-10,29,8
random,random_robot_6,10,6,1,SimpleHill,0-0,0,17,6-10,13-12;10-3;6-18;6-3;13-7;11-5,10-3,23,-6
random,random_robot_6,10,6,1,SimpleHill,0-0,0,18,10-3,8-8;8-6;17-5;17-0;7-5;9-11,8-8,29,6
random,random_robot_6,10,6,1,SimpleHill,0-0,0,19,8-8,16-12;8-15;7-13;0-12;4-13;2-12,7-13,35,6
random,random_robot_6,10,6,1,SimpleHill,0-0,0,20,7-13,1-20;8-12;7-16;5-14;1-5;3-9,1-5,11,-24
random,random_robot_6,10,6,1,SimpleHill,0-0,0,21,1-5,6-8;2-8;2-5;6-1;5-7;9-6,5-7,22,11
random,random_robot_6,10,6,1,SimpleHill,0-0,0,22,5-7,5-13;3-6;1-2;13-4;1-1;2-9,13-4,30,8
random,random_robot_6,10,6,1,SimpleHill,0-0,0,23,13-4,9-2;12-3;13-4;21-10;18-3;20-2,13-4,30,0
random,random_robot_6,10,6,1,SimpleHill,0-0,0,24,13-4,4-5;22-4;8-4;20-10;17-1;11-7,11-7,32,2
random,random_robot_6,10,6,1,SimpleHill,0-0,0,25,11-7,18-1;8-16;18-13;8-1;5-1;16-11,16-11,46,14
random,random_robot_6,10,6,1,SimpleHill,0-0,0,26,16-11,11-8;20-5;15-19;10-6;14-14;18-16,15-19,56,10
random,random_robot_6,10,6,1,SimpleHill,0-0,0,27,15-19,15-20;11-20;19-19;20-13;14-26;16-22,11-20,51,-5
random,random_robot_6,10,6,1,SimpleHill,0-0,0,28,11-20,15-24;6-18;9-29;19-21;10-15;8-21,9-29,57,6
random,random_robot_6,10,6,1,SimpleHill,0-0,0,29,9-29,10-28;11-35;15-24;5-32;14-22;15-33,5-32,53,-4
random,random_robot_6,10,6,1,SimpleHill,0-0,0,30,5-32,5-24;6-39;5-30;10-38;4-41;6-27,6-27,50,-3
random,random_robot_6,10,6,1,SimpleHill,0-0,0,31,6-27,9-35;9-26;12-20;6-21;11-28;4-20,4-20,39,-11
random,random_robot_6,10,6,1,SimpleHill,0-0,0,32,4-20,7-11;8-11;1-14;8-20;2-22;1-28,8-11,34,-5
random,random_robot_6,10,6,1,SimpleHill,0-0,0,33,8-11,14-8;10-12;11-5;16-15;2-16;16-17,2-16,30,-4
random,random_robot_6,10,6,1,SimpleHill,0-0,0,34,2-16,9-23;7-15;10-15;4-22;5-12;2-18,2-18,33,3
random,random_robot_6,10,6,1,SimpleHill,0-0,0,35,2-18,9-18;5-19;6-24;0-10;8-26;2-12,9-18,45,12
random,random_robot_6,10,6,1,SimpleHill,0-0,0,36,9-18,15-25;9-19;6-16;0-14;5-23;10-20,6-16,38,-7
random,random_robot_6,10,6,1,SimpleHill,0-0,0,37,6-16,8-22;14-19;10-14;12-24;9-22;6-20,10-14,42,4
random,random_robot_6,10,6,1,SimpleHill,0-0,0,38,10-14,10-12;15-10;4-8;11-19;11-7;15-14,11-19,50,8
random,random_robot_6,10,6,1,SimpleHill,0-0,0,39,11-19,16-26;11-24;3-21;10-19;7-18;10-23,10-23,53,3
random,random_robot_6,10,6,1,SimpleHill,0-0,0,40,10-23,9-16;6-30;7-18;6-23;9-30;7-22,9-30,58,5
random,random_robot_6,10,6,1,SimpleHill,0-0,0,41,9-30,3-34;5-39;15-35;18-29;13-30;14-30,13-30,64,6
random,random_robot_6,10,6,1,SimpleHill,0-0,0,42,13-30,13-27;7-26;12-28;20-35;4-27;22-34,20-35,77,13
random,random_robot_6,10,6,1,SimpleHill,0-0,0,43,20-35,26-28;15-37;15-27;21-37;27-39;24-30,15-37,72,-5
random,random_robot_6,10,6,1,SimpleHill,0-0,0,44,15-37,17-43;14-37;16-43;8-39;14-40;12-35,12-35,66,-6
random,random_robot_6,10,6,1,SimpleHill,0-0,0,45,12-35,10-29;16-37;14-33;21-36;18-28;4-40,14-33,68,2
random,random_robot_6,10,6,1,SimpleHill,0-0,0,46,14-33,10-39;20-33;8-31;18-39;9-29;18-37,8-31,57,-11
random,random_robot_6,10,6,1,SimpleHill,0-0,0,47,8-31,8-25;15-25;15-27;8-30;12-23;3-24,8-25,52,-5
random,random_robot_6,10,6,1,SimpleHill,0-0,0,48,8-25,10-32;4-24;17-27;2-33;7-25;4-28,4-28,48,-4
random,random_robot_6,10,6,1,SimpleHill,0-0,0,49,4-28,3-33;5-28;4-19;11-25;9-24;9-30,4-19,38,-10
random,random_robot_6,10,6,1,SimpleHill,0-0,0,50,4-19,4-19;0-18;13-23;7-28;10-24;3-12,13-23,58,20
random,random_robot_6,10,6,1,SimpleHill,0-0,0,51,13-23,17-17;18-31;22-24;6-30;12-30;21-23,22-24,70,12
random,random_robot_6,10,6,1,SimpleHill,0-0,0,52,22-24,22-15;20-21;14-27;28-23;18-28;19-23,28-23,75,5
random,random_robot_6,10,6,1,SimpleHill,0-0,0,53,28-23,31-25;36-24;27-31;24-31;24-32;27-16,27-16,66,-9
random,random_robot_6,10,6,1,SimpleHill,0-0,0,54,27-16,18-14;23-20;27-10;22-10;24-8;30-21,22-10,52,-14
random,random_robot_6,10,6,1,SimpleHill,0-0,0,55,22-10,25-6;22-0;27-7;28-13;14-16;20-11,22-0,34,-18
random,random_robot_6,10,6,1,SimpleHill,0-0,0,56,22-0,24-6;16-5;29-0;19-6;25-0;30-1,29-0,41,7
random,random_robot_6,10,6,1,SimpleHill,0-0,0,57,29-0,38-3;35-4;25-6;31-7;26-0;24-8,31-7,55,14
random,random_robot_6,10,6,1,SimpleHill,0-0,0,58,31-7,37-4;34-13;24-3;38-3;29-12;30-12,34-13,67,12
random,random_robot_6,10,6,1,SimpleHill,0-0,0,59,34-13,35-15;29-10;30-20;39-11;28-18;42-19,39-11,67,0
random,random_robot_6,10,6,1,SimpleHill,0-0,0,60,39-11,48-11;31-13;32-13;43-9;39-9;42-7,31-13,65,-2
random,random_robot_6,10,6,1,SimpleHill,0-0,0,61,31-13,32-9;23-13;30-13;25-16;25-11;38-8,32-9,59,-6
random,random_robot_6,10,6,1,SimpleHill,0-0,0,62,32-9,23-6;32-16;34-0;36-1;30-6;38-3,23-6,46,-13
random,random_robot_6,10,6,1,SimpleHill,0-0,0,63,23-6,23-0;27-15;23-10;24-12;29-9;25-2,23-10,53,7
random,random_robot_6,10,6,1,SimpleHill,0-0,0,64,23-10,18-15;23-7;28-14;15-7;21-13;17-3,15-7,38,-15
random,random_robot_6,10,6,1,SimpleHill,0-0,0,65,15-7,12-14;18-10;17-12;19-11;8-9;17-5,8-9,31,-7
random,random_robot_6,10,6,1,SimpleHill,0-0,0,66,8-9,12-6;6-15;1-6;17-11;16-8;8-8,17-11,47,16
random,random_robot_6,10,6,1,SimpleHill,0-0,0,67,17-11,23-3;12-7;13-15;20-16;18-14;11-3,23-3,41,-6
random,random_robot_6,10,6,1,SimpleHill,0-0,0,68,23-3,23-8;18-7;28-6;29-5;23-9;26-4,18-7,42,1
random,random_robot_6,10,6,1,SimpleHill,0-0,0,69,18-7,10-9;14-14;17-13;24-1;23-6;16-10,23-6,46,4
random,random_robot_6,10,6,1,SimpleHill,0-0,0,70,23-6,19-15;32-9;17-1;20-14;28-8;22-9,17-1,30,-16
random,random_robot_6,10,6,1,SimpleHill,0-0,0,71,17-1,19-1;17-8;23-8;10-0;24-3;23-6,24-3,42,12
random,random_robot_6,10,6,1,SimpleHill,0-0,0,72,24-3,21-12;28-0;22-11;23-6;16-9;19-4,28-0,40,-2
random,random_robot_6,10,6,1,SimpleHill,0-0,0,73,28-0,22-6;34-1;36-5;34-0;22-7;32-6,32-6,54,14
random,random_robot_6,10,6,1,SimpleHill,0-0,0,74,32-6,35-9;29-9;30-3;39-5;31-11;37-3,37-3,52,-2
random,random_robot_6,10,6,1,SimpleHill,0-0,0,75,37-3,30-8;46-6;41-1;30-9;46-7;33-2,33-2,48,-4
random,random_robot_6,10,6,1,SimpleHill,0-0,0,76,33-2,25-5;42-5;36-10;34-11;29-10;38-10,34-11,64,16
random,random_robot_6,10,6,1,SimpleHill,0-0,0,77,34-11,40-7;28-7;41-11;28-4;34-13;29-12,28-7,53,-11
random,random_robot_6,10,6,1,SimpleHill,0-0,0,78,28-7,26-6;35-1;27-5;21-8;27-4;35-8,35-1,47,-6
random,random_robot_6,10,6,1,SimpleHill,0-0,0,79,35-1,29-4;34-4;44-1;27-1;32-5;37-8,32-5,53,6
