simulation_type,subj_id,sight_radius,n_gabors,block_ix,landscape_name,starting_pos,starting_score,trial,pos,stims,selected,score,delta
random,random_robot_51,10,6,1,SimpleHill,0-0,0,0,0-0,9-3;7-6;3-9;6-6;1-0;6-5,7-6,24,24
random,random_robot_51,10,6,1,SimpleHill,0-0,0,1,7-6,3-5;10-0;10-8;8-5;8-4;0-7,0-7,13,-11
random,random_robot_51,10,6,1,SimpleHill,0-0,0,2,0-7,6-0;4-15;9-3;4-12;1-12;7-7,6-0,11,-2
random,random_robot_51,10,6,1,SimpleHill,0-0,0,3,6-0,15-3;12-0;0-1;1-1;2-4;7-5,12-0,21,10
random,random_robot_51,10,6,1,SimpleHill,0-0,0,4,12-0,6-5;14-7;9-2;15-6;16-4;7-7,7-7,26,5
random,random_robot_51,10,6,1,SimpleHill,0-0,0,5,7-7,7-9;11-0;0-12;2-2;10-2;1-6,7-9,29,3
random,random_robot_51,10,6,1,SimpleHill,0-0,0,6,7-9,4-7;4-1;9-13;16-13;13-15;13-16,13-16,49,20
random,random_robot_51,10,6,1,SimpleHill,0-0,0,7,13-16,20-14;5-17;11-9;10-15;18-17;22-14,18-17,57,8
random,random_robot_51,10,6,1,SimpleHill,0-0,0,8,18-17,17-16;10-20;25-22;16-10;24-15;18-11,10-20,50,-7
random,random_robot_51,10,6,1,SimpleHill,0-0,0,9,10-20,15-25;10-26;15-16;9-24;19-24;4-27,4-27,47,-3
random,random_robot_51,10,6,1,SimpleHill,0-0,0,10,4-27,7-23;12-26;3-31;6-20;10-26;6-31,3-31,48,1
random,random_robot_51,10,6,1,SimpleHill,0-0,0,11,3-31,6-32;9-32;11-34;11-37;8-31;3-30,3-30,47,-1
random,random_robot_51,10,6,1,SimpleHill,0-0,0,12,3-30,1-35;11-33;0-35;0-22;6-34;1-32,6-34,56,9
random,random_robot_51,10,6,1,SimpleHill,0-0,0,13,6-34,3-40;10-30;1-31;7-31;9-41;8-34,9-41,64,8
random,random_robot_51,10,6,1,SimpleHill,0-0,0,14,9-41,9-46;6-40;5-47;12-36;14-48;8-37,14-48,74,10
random,random_robot_51,10,6,1,SimpleHill,0-0,0,15,14-48,15-43;8-54;5-45;19-43;7-47;8-50,7-47,62,-12
random,random_robot_51,10,6,1,SimpleHill,0-0,0,16,7-47,7-49;9-52;7-54;4-54;14-41;9-46,4-54,57,-5
random,random_robot_51,10,6,1,SimpleHill,0-0,0,17,4-54,1-62;5-50;7-52;4-50;12-48;10-51,4-50,57,0
random,random_robot_51,10,6,1,SimpleHill,0-0,0,18,4-50,4-59;4-53;3-45;1-58;1-47;0-58,1-47,51,-6
random,random_robot_51,10,6,1,SimpleHill,0-0,0,19,1-47,1-48;0-45;0-41;0-39;4-52;5-51,0-41,48,-3
random,random_robot_51,10,6,1,SimpleHill,0-0,0,20,0-41,4-50;9-38;4-43;3-37;7-34;1-40,7-34,57,9
random,random_robot_51,10,6,1,SimpleHill,0-0,0,21,7-34,2-26;1-32;14-41;9-36;12-30;10-41,14-41,72,15
random,random_robot_51,10,6,1,SimpleHill,0-0,0,22,14-41,16-39;10-43;21-46;7-34;12-39;11-43,10-43,67,-5
random,random_robot_51,10,6,1,SimpleHill,0-0,0,23,10-43,13-50;9-46;14-44;8-49;12-42;20-43,9-46,66,-1
random,random_robot_51,10,6,1,SimpleHill,0-0,0,24,9-46,11-43;18-50;18-42;13-47;9-53;5-41,5-41,57,-9
random,random_robot_51,10,6,1,SimpleHill,0-0,0,25,5-41,4-41;12-36;9-38;14-43;6-47;1-33,6-47,61,4
random,random_robot_51,10,6,1,SimpleHill,0-0,0,26,6-47,13-51;13-40;6-50;3-46;0-42;10-44,13-51,72,11
random,random_robot_51,10,6,1,SimpleHill,0-0,0,27,13-51,6-53;17-56;16-46;15-50;12-58;17-51,6-53,61,-11
random,random_robot_51,10,6,1,SimpleHill,0-0,0,28,6-53,3-59;13-50;8-47;2-61;9-51;8-56,3-59,54,-7
random,random_robot_51,10,6,1,SimpleHill,0-0,0,29,3-59,9-54;5-62;1-54;4-67;4-63;6-65,6-65,56,2
random,random_robot_51,10,6,1,SimpleHill,0-0,0,30,6-65,8-67;9-68;3-65;1-61;5-66;10-65,5-66,54,-2
random,random_robot_51,10,6,1,SimpleHill,0-0,0,31,5-66,2-63;12-60;5-66;9-65;5-62;0-70,5-62,56,2
random,random_robot_51,10,6,1,SimpleHill,0-0,0,32,5-62,7-67;11-61;6-59;0-56;10-57;8-64,8-64,60,4
random,random_robot_51,10,6,1,SimpleHill,0-0,0,33,8-64,4-69;11-62;5-67;0-64;3-64;4-70,11-62,66,6
random,random_robot_51,10,6,1,SimpleHill,0-0,0,34,11-62,19-60;9-55;4-66;9-59;12-63;14-66,4-66,52,-14
random,random_robot_51,10,6,1,SimpleHill,0-0,0,35,4-66,10-66;5-63;6-64;5-64;8-68;11-60,5-64,55,3
random,random_robot_51,10,6,1,SimpleHill,0-0,0,36,5-64,4-62;11-68;5-56;8-59;0-66;4-60,8-59,63,8
random,random_robot_51,10,6,1,SimpleHill,0-0,0,37,8-59,12-58;17-59;1-59;4-50;5-65;5-54,5-65,55,-8
random,random_robot_51,10,6,1,SimpleHill,0-0,0,38,5-65,6-63;3-68;11-58;7-63;0-70;3-58,3-58,54,-1
random,random_robot_51,10,6,1,SimpleHill,0-0,0,39,3-58,2-63;4-61;9-56;9-66;9-57;6-57,9-66,61,7
random,random_robot_51,10,6,1,SimpleHill,0-0,0,40,9-66,15-60;0-62;6-68;10-60;12-64;1-64,10-60,66,5
random,random_robot_51,10,6,1,SimpleHill,0-0,0,41,10-60,10-65;5-56;1-64;20-60;3-53;15-52,15-52,75,9
random,random_robot_51,10,6,1,SimpleHill,0-0,0,42,15-52,18-59;16-57;8-57;17-53;21-44;16-43,18-59,77,2
random,random_robot_51,10,6,1,SimpleHill,0-0,0,43,18-59,20-66;17-53;20-61;23-62;18-56;10-60,20-61,79,2
random,random_robot_51,10,6,1,SimpleHill,0-0,0,44,20-61,23-62;12-63;14-54;13-58;16-59;16-69,16-69,69,-10
random,random_robot_51,10,6,1,SimpleHill,0-0,0,45,16-69,20-67;7-65;22-66;18-68;11-67;17-60,7-65,58,-11
random,random_robot_51,10,6,1,SimpleHill,0-0,0,46,7-65,8-69;13-67;16-64;5-65;9-70;9-58,5-65,55,-3
random,random_robot_51,10,6,1,SimpleHill,0-0,0,47,5-65,10-63;3-62;9-68;5-56;10-62;6-58,6-58,60,5
random,random_robot_51,10,6,1,SimpleHill,0-0,0,48,6-58,9-63;7-60;9-65;11-65;12-55;0-50,0-50,50,-10
random,random_robot_51,10,6,1,SimpleHill,0-0,0,49,0-50,1-55;0-59;8-52;0-49;8-46;7-45,1-55,51,1
random,random_robot_51,10,6,1,SimpleHill,0-0,0,50,1-55,0-52;2-49;1-62;1-46;0-60;4-48,2-49,53,2
random,random_robot_51,10,6,1,SimpleHill,0-0,0,51,2-49,6-56;2-45;5-53;9-45;4-55;1-55,1-55,51,-2
random,random_robot_51,10,6,1,SimpleHill,0-0,0,52,1-55,0-60;9-58;4-46;9-60;4-54;1-53,1-53,51,0
random,random_robot_51,10,6,1,SimpleHill,0-0,0,53,1-53,0-50;1-59;4-59;0-61;9-54;1-58,1-58,50,-1
random,random_robot_51,10,6,1,SimpleHill,0-0,0,54,1-58,0-61;4-57;2-62;6-57;0-54;3-65,4-57,56,6
random,random_robot_51,10,6,1,SimpleHill,0-0,0,55,4-57,10-64;2-64;2-48;6-51;7-65;1-59,7-65,58,2
random,random_robot_51,10,6,1,SimpleHill,0-0,0,56,7-65,12-63;6-64;5-70;9-61;10-57;16-69,6-64,57,-1
random,random_robot_51,10,6,1,SimpleHill,0-0,0,57,6-64,11-61;13-70;11-57;8-70;3-68;14-64,13-70,64,7
random,random_robot_51,10,6,1,SimpleHill,0-0,0,58,13-70,19-62;22-66;19-68;11-61;15-67;7-67,11-61,67,3
random,random_robot_51,10,6,1,SimpleHill,0-0,0,59,11-61,8-61;16-69;8-59;20-61;8-63;13-65,20-61,79,12
random,random_robot_51,10,6,1,SimpleHill,0-0,0,60,20-61,17-60;27-57;22-53;27-56;23-55;18-52,22-53,84,5
random,random_robot_51,10,6,1,SimpleHill,0-0,0,61,22-53,17-55;22-49;21-51;19-47;17-47;28-60,19-47,80,-4
random,random_robot_51,10,6,1,SimpleHill,0-0,0,62,19-47,21-53;19-44;28-50;17-42;17-51;21-51,21-51,83,3
random,random_robot_51,10,6,1,SimpleHill,0-0,0,63,21-51,16-50;23-54;18-44;12-48;24-48;27-54,24-48,86,3
random,random_robot_51,10,6,1,SimpleHill,0-0,0,64,24-48,29-47;16-43;22-39;25-48;22-40;20-56,16-43,75,-11
random,random_robot_51,10,6,1,SimpleHill,0-0,0,65,16-43,25-42;20-52;11-48;25-44;22-38;20-43,20-52,81,6
random,random_robot_51,10,6,1,SimpleHill,0-0,0,66,20-52,15-46;19-45;14-51;22-46;18-46;22-47,15-46,75,-6
random,random_robot_51,10,6,1,SimpleHill,0-0,0,67,15-46,12-37;22-48;13-37;13-48;15-41;20-54,13-48,72,-3
random,random_robot_51,10,6,1,SimpleHill,0-0,0,68,13-48,11-57;9-48;13-57;15-54;4-51;5-53,15-54,75,3
random,random_robot_51,10,6,1,SimpleHill,0-0,0,69,15-54,15-50;9-62;7-52;18-48;10-52;10-54,18-48,79,4
random,random_robot_51,10,6,1,SimpleHill,0-0,0,70,18-48,23-52;22-44;14-51;21-46;13-45;9-44,9-44,65,-14
random,random_robot_51,10,6,1,SimpleHill,0-0,0,71,9-44,9-38;9-44;3-40;9-36;4-44;11-44,4-44,56,-9
random,random_robot_51,10,6,1,SimpleHill,0-0,0,72,4-44,2-49;8-50;3-43;2-44;13-44;13-48,13-44,71,15
random,random_robot_51,10,6,1,SimpleHill,0-0,0,73,13-44,7-47;11-41;8-41;23-44;14-50;10-46,10-46,67,-4
random,random_robot_51,10,6,1,SimpleHill,0-0,0,74,10-46,10-45;3-40;9-37;17-46;14-48;15-50,9-37,63,-4
random,random_robot_51,10,6,1,SimpleHill,0-0,0,75,9-37,5-39;14-38;16-40;7-31;2-38;11-29,2-38,51,-12
random,random_robot_51,10,6,1,SimpleHill,0-0,0,76,2-38,2-47;0-34;2-48;2-46;0-31;3-31,3-31,48,-3
random,random_robot_51,10,6,1,SimpleHill,0-0,0,77,3-31,2-28;4-24;5-34;9-34;8-34;8-23,2-28,44,-4
random,random_robot_51,10,6,1,SimpleHill,0-0,0,78,2-28,0-36;2-28;9-30;6-21;5-28;1-26,0-36,46,2
random,random_robot_51,10,6,1,SimpleHill,0-0,0,79,0-36,1-30;3-44;4-38;1-32;3-42;0-32,1-32,45,-1
