simulation_type,subj_id,sight_radius,n_gabors,block_ix,landscape_name,starting_pos,starting_score,trial,pos,stims,selected,score,delta
random,random_robot_54,10,6,1,SimpleHill,0-0,0,0,0-0,4-6;0-9;7-5;6-4;6-7;9-2,9-2,20,20
random,random_robot_54,10,6,1,SimpleHill,0-0,0,1,9-2,18-1;10-5;2-2;12-1;15-3;15-10,2-2,7,-13
random,random_robot_54,10,6,1,SimpleHill,0-0,0,2,2-2,4-7;10-4;4-8;4-0;2-6;1-5,10-4,25,18
random,random_robot_54,10,6,1,SimpleHill,0-0,0,3,10-4,2-9;18-9;11-0;2-5;13-8;8-13,2-9,20,-5
random,random_robot_54,10,6,1,SimpleHill,0-0,0,4,2-9,4-17;9-13;1-5;3-17;2-1;0-6,4-17,35,15
random,random_robot_54,10,6,1,SimpleHill,0-0,0,5,4-17,3-22;10-17;1-15;6-22;7-16;8-18,10-17,46,11
random,random_robot_54,10,6,1,SimpleHill,0-0,0,6,10-17,18-14;17-17;8-26;8-22;15-11;4-16,17-17,56,10
random,random_robot_54,10,6,1,SimpleHill,0-0,0,7,17-17,13-24;20-18;22-9;15-13;12-11;16-13,20-18,61,5
random,random_robot_54,10,6,1,SimpleHill,0-0,0,8,20-18,20-13;11-15;22-12;26-18;19-14;22-21,19-14,54,-7
random,random_robot_54,10,6,1,SimpleHill,0-0,0,9,19-14,21-13;19-11;11-20;24-21;11-16;22-21,11-16,46,-8
random,random_robot_54,10,6,1,SimpleHill,0-0,0,10,11-16,6-9;13-19;2-20;9-21;10-9;4-22,10-9,34,-12
random,random_robot_54,10,6,1,SimpleHill,0-0,0,11,10-9,7-5;19-10;10-3;5-3;11-10;6-9,6-9,27,-7
random,random_robot_54,10,6,1,SimpleHill,0-0,0,12,6-9,15-6;9-4;6-5;10-17;4-11;9-9,4-11,27,0
random,random_robot_54,10,6,1,SimpleHill,0-0,0,13,4-11,3-13;13-9;5-19;8-19;2-19;6-3,3-13,28,1
random,random_robot_54,10,6,1,SimpleHill,0-0,0,14,3-13,7-12;2-6;9-13;6-5;11-15;6-22,7-12,34,6
random,random_robot_54,10,6,1,SimpleHill,0-0,0,15,7-12,11-10;3-12;9-4;2-6;16-13;5-4,3-12,26,-8
random,random_robot_54,10,6,1,SimpleHill,0-0,0,16,3-12,1-18;11-12;2-7;7-17;6-13;6-8,7-17,41,15
random,random_robot_54,10,6,1,SimpleHill,0-0,0,17,7-17,7-25;14-19;2-15;11-23;5-8;14-15,2-15,29,-12
random,random_robot_54,10,6,1,SimpleHill,0-0,0,18,2-15,6-23;0-18;8-9;9-22;9-19;0-6,0-18,29,0
random,random_robot_54,10,6,1,SimpleHill,0-0,0,19,0-18,2-12;5-15;5-26;1-19;6-10;6-19,5-26,47,18
random,random_robot_54,10,6,1,SimpleHill,0-0,0,20,5-26,2-30;9-29;7-27;2-19;5-27;6-34,5-27,48,1
random,random_robot_54,10,6,1,SimpleHill,0-0,0,21,5-27,10-29;0-19;7-25;10-28;13-30;1-19,0-19,30,-18
random,random_robot_54,10,6,1,SimpleHill,0-0,0,22,0-19,7-17;6-26;7-16;4-25;2-22;3-20,4-25,45,15
random,random_robot_54,10,6,1,SimpleHill,0-0,0,23,4-25,2-34;4-34;4-15;7-22;3-21;8-30,4-15,33,-12
random,random_robot_54,10,6,1,SimpleHill,0-0,0,24,4-15,1-16;3-19;4-25;1-22;8-9;6-20,1-16,28,-5
random,random_robot_54,10,6,1,SimpleHill,0-0,0,25,1-16,2-16;6-18;0-8;2-25;3-17;4-25,6-18,40,12
random,random_robot_54,10,6,1,SimpleHill,0-0,0,26,6-18,12-19;8-16;6-16;12-24;4-18;3-10,4-18,37,-3
random,random_robot_54,10,6,1,SimpleHill,0-0,0,27,4-18,4-22;1-27;9-12;2-20;5-13;7-10,9-12,37,0
random,random_robot_54,10,6,1,SimpleHill,0-0,0,28,9-12,13-15;1-18;9-10;15-8;9-21;13-6,13-15,48,11
random,random_robot_54,10,6,1,SimpleHill,0-0,0,29,13-15,15-23;11-24;17-15;13-16;7-19;22-12,13-16,49,1
random,random_robot_54,10,6,1,SimpleHill,0-0,0,30,13-16,12-15;11-24;17-17;20-18;17-21;13-26,20-18,61,12
random,random_robot_54,10,6,1,SimpleHill,0-0,0,31,20-18,26-21;21-25;16-11;26-23;24-22;18-22,18-22,63,2
random,random_robot_54,10,6,1,SimpleHill,0-0,0,32,18-22,17-24;19-26;11-18;24-21;17-23;26-22,17-24,64,1
random,random_robot_54,10,6,1,SimpleHill,0-0,0,33,17-24,24-27;15-28;15-30;17-26;17-14;18-29,17-26,66,2
random,random_robot_54,10,6,1,SimpleHill,0-0,0,34,17-26,14-29;14-23;19-30;8-23;18-35;17-25,17-25,65,-1
random,random_robot_54,10,6,1,SimpleHill,0-0,0,35,17-25,21-27;23-17;24-24;15-30;24-31;17-32,21-27,72,7
random,random_robot_54,10,6,1,SimpleHill,0-0,0,36,21-27,22-25;20-18;24-33;16-31;18-21;22-22,20-18,61,-11
random,random_robot_54,10,6,1,SimpleHill,0-0,0,37,20-18,28-24;23-16;26-22;26-17;26-26;22-21,26-17,66,5
random,random_robot_54,10,6,1,SimpleHill,0-0,0,38,26-17,22-8;32-25;31-17;21-9;25-12;25-20,25-20,69,3
random,random_robot_54,10,6,1,SimpleHill,0-0,0,39,25-20,31-26;28-18;23-27;25-14;19-27;19-15,19-27,70,1
random,random_robot_54,10,6,1,SimpleHill,0-0,0,40,19-27,23-31;28-27;23-18;12-24;16-30;21-32,21-32,76,6
random,random_robot_54,10,6,1,SimpleHill,0-0,0,41,21-32,23-29;21-41;19-41;13-27;14-33;22-23,13-27,62,-14
random,random_robot_54,10,6,1,SimpleHill,0-0,0,42,13-27,4-29;16-29;16-18;12-33;17-23;9-25,12-33,65,3
random,random_robot_54,10,6,1,SimpleHill,0-0,0,43,12-33,9-33;13-25;18-40;15-27;15-24;12-34,15-24,61,-4
random,random_robot_54,10,6,1,SimpleHill,0-0,0,44,15-24,20-21;11-22;24-27;20-27;18-21;9-26,24-27,75,14
random,random_robot_54,10,6,1,SimpleHill,0-0,0,45,24-27,23-32;26-28;22-23;18-25;30-20;19-20,22-23,69,-6
random,random_robot_54,10,6,1,SimpleHill,0-0,0,46,22-23,18-18;19-26;18-14;20-32;15-28;29-17,29-17,69,0
random,random_robot_54,10,6,1,SimpleHill,0-0,0,47,29-17,35-22;23-12;34-10;32-18;24-22;32-21,35-22,79,10
random,random_robot_54,10,6,1,SimpleHill,0-0,0,48,35-22,34-29;28-19;38-23;30-25;44-20;30-26,38-23,82,3
random,random_robot_54,10,6,1,SimpleHill,0-0,0,49,38-23,34-21;45-16;33-21;37-26;30-23;41-23,37-26,85,3
random,random_robot_54,10,6,1,SimpleHill,0-0,0,50,37-26,39-20;40-24;31-22;34-31;33-29;38-24,34-31,87,2
random,random_robot_54,10,6,1,SimpleHill,0-0,0,51,34-31,36-27;34-40;43-35;35-27;35-25;36-31,34-40,92,5
random,random_robot_54,10,6,1,SimpleHill,0-0,0,52,34-40,27-41;30-40;38-49;35-46;27-46;32-48,27-46,89,-3
random,random_robot_54,10,6,1,SimpleHill,0-0,0,53,27-46,27-55;21-46;28-39;32-40;36-45;22-39,21-46,82,-7
random,random_robot_54,10,6,1,SimpleHill,0-0,0,54,21-46,24-41;26-48;31-46;19-46;24-54;24-42,26-48,88,6
random,random_robot_54,10,6,1,SimpleHill,0-0,0,55,26-48,27-51;19-47;18-52;20-54;32-56;28-51,19-47,80,-8
random,random_robot_54,10,6,1,SimpleHill,0-0,0,56,19-47,13-47;17-44;19-39;26-46;14-46;11-47,26-46,88,8
random,random_robot_54,10,6,1,SimpleHill,0-0,0,57,26-46,24-38;27-52;25-47;18-51;33-53;19-53,33-53,94,6
random,random_robot_54,10,6,1,SimpleHill,0-0,0,58,33-53,35-51;35-54;24-53;34-51;32-60;33-46,33-46,93,-1
random,random_robot_54,10,6,1,SimpleHill,0-0,0,59,33-46,32-50;39-51;27-40;24-48;31-55;35-43,31-55,92,-1
random,random_robot_54,10,6,1,SimpleHill,0-0,0,60,31-55,27-52;38-51;22-51;37-59;25-51;33-48,37-59,95,3
random,random_robot_54,10,6,1,SimpleHill,0-0,0,61,37-59,31-51;36-55;34-59;41-62;38-60;31-54,31-54,92,-3
random,random_robot_54,10,6,1,SimpleHill,0-0,0,62,31-54,25-49;41-54;33-61;23-56;34-57;34-48,34-57,93,1
random,random_robot_54,10,6,1,SimpleHill,0-0,0,63,34-57,27-51;32-52;39-55;41-62;40-62;36-49,40-62,95,2
random,random_robot_54,10,6,1,SimpleHill,0-0,0,64,40-62,37-60;48-62;43-66;37-55;31-58;34-55,31-58,91,-4
random,random_robot_54,10,6,1,SimpleHill,0-0,0,65,31-58,28-50;34-65;26-57;39-61;37-64;27-53,28-50,90,-1
random,random_robot_54,10,6,1,SimpleHill,0-0,0,66,28-50,26-44;21-46;37-49;28-45;27-41;37-47,28-45,89,-1
random,random_robot_54,10,6,1,SimpleHill,0-0,0,67,28-45,33-48;27-53;28-49;34-39;29-45;35-38,34-39,92,3
random,random_robot_54,10,6,1,SimpleHill,0-0,0,68,34-39,32-39;31-36;42-43;33-47;29-44;26-42,33-47,94,2
random,random_robot_54,10,6,1,SimpleHill,0-0,0,69,33-47,41-53;27-44;34-44;26-43;40-52;40-41,41-53,98,4
random,random_robot_54,10,6,1,SimpleHill,0-0,0,70,41-53,50-56;39-56;47-49;47-54;47-48;46-48,47-48,99,1
random,random_robot_54,10,6,1,SimpleHill,0-0,0,71,47-48,45-51;49-50;55-51;50-43;45-53;52-41,55-51,99,0
random,random_robot_54,10,6,1,SimpleHill,0-0,0,72,55-51,60-59;53-56;60-53;53-52;57-42;55-60,60-59,96,-3
random,random_robot_54,10,6,1,SimpleHill,0-0,0,73,60-59,57-56;62-66;62-62;65-55;66-59;69-56,62-66,92,-4
random,random_robot_54,10,6,1,SimpleHill,0-0,0,74,62-66,69-67;66-69;67-60;61-64;59-69;55-66,59-69,91,-1
random,random_robot_54,10,6,1,SimpleHill,0-0,0,75,59-69,60-65;54-61;57-64;66-70;52-65;59-64,52-65,95,4
random,random_robot_54,10,6,1,SimpleHill,0-0,0,76,52-65,47-57;48-66;57-66;57-70;57-64;51-67,57-70,91,-4
random,random_robot_54,10,6,1,SimpleHill,0-0,0,77,57-70,62-69;64-65;60-62;60-67;49-69;57-62,57-62,96,5
random,random_robot_54,10,6,1,SimpleHill,0-0,0,78,57-62,60-59;61-66;51-61;50-57;67-62;55-63,51-61,97,1
random,random_robot_54,10,6,1,SimpleHill,0-0,0,79,51-61,56-68;58-58;48-53;53-57;54-52;53-53,56-68,92,-5
