simulation_type,subj_id,sight_radius,n_gabors,block_ix,landscape_name,starting_pos,starting_score,trial,pos,stims,selected,score,delta
random,random_robot_95,10,6,1,SimpleHill,0-0,0,0,0-0,3-9;3-5;5-1;5-0;5-4;4-2,3-5,15,15
random,random_robot_95,10,6,1,SimpleHill,0-0,0,1,3-5,2-5;3-10;8-0;10-0;0-0;1-3,10-0,18,3
random,random_robot_95,10,6,1,SimpleHill,0-0,0,2,10-0,14-1;16-8;10-5;12-7;13-0;17-4,17-4,35,17
random,random_robot_95,10,6,1,SimpleHill,0-0,0,3,17-4,20-8;21-2;24-5;17-6;16-4;17-0,24-5,45,10
random,random_robot_95,10,6,1,SimpleHill,0-0,0,4,24-5,16-7;16-6;33-8;20-7;17-7;29-2,17-7,41,-4
random,random_robot_95,10,6,1,SimpleHill,0-0,0,5,17-7,11-15;15-6;12-13;23-11;10-11;18-12,12-13,43,2
random,random_robot_95,10,6,1,SimpleHill,0-0,0,6,12-13,7-10;7-12;20-18;20-9;9-13;14-14,7-12,34,-9
random,random_robot_95,10,6,1,SimpleHill,0-0,0,7,7-12,11-6;12-7;5-5;10-10;5-13;3-12,11-6,30,-4
random,random_robot_95,10,6,1,SimpleHill,0-0,0,8,11-6,14-10;6-4;20-10;8-15;17-14;3-8,17-14,52,22
random,random_robot_95,10,6,1,SimpleHill,0-0,0,9,17-14,22-19;22-8;23-10;23-17;13-15;13-5,23-10,53,1
random,random_robot_95,10,6,1,SimpleHill,0-0,0,10,23-10,15-15;17-17;17-3;21-9;26-9;29-10,15-15,51,-2
random,random_robot_95,10,6,1,SimpleHill,0-0,0,11,15-15,9-15;7-18;7-17;19-21;18-24;15-6,7-18,42,-9
random,random_robot_95,10,6,1,SimpleHill,0-0,0,12,7-18,2-12;8-19;5-10;6-12;10-9;5-27,10-9,34,-8
random,random_robot_95,10,6,1,SimpleHill,0-0,0,13,10-9,8-8;6-9;2-7;3-11;6-3;2-10,3-11,25,-9
random,random_robot_95,10,6,1,SimpleHill,0-0,0,14,3-11,2-3;2-13;0-4;0-6;12-11;2-20,0-6,11,-14
random,random_robot_95,10,6,1,SimpleHill,0-0,0,15,0-6,2-7;2-2;5-13;0-15;1-11;3-9,0-15,25,14
random,random_robot_95,10,6,1,SimpleHill,0-0,0,16,0-15,1-6;6-13;7-16;3-9;2-19;6-11,3-9,22,-3
random,random_robot_95,10,6,1,SimpleHill,0-0,0,17,3-9,3-4;8-13;4-0;4-5;2-7;6-8,2-7,16,-6
random,random_robot_95,10,6,1,SimpleHill,0-0,0,18,2-7,1-5;9-6;0-5;9-9;4-11;4-9,9-9,32,16
random,random_robot_95,10,6,1,SimpleHill,0-0,0,19,9-9,15-6;10-18;11-10;15-4;13-18;2-2,13-18,52,20
random,random_robot_95,10,6,1,SimpleHill,0-0,0,20,13-18,8-26;22-20;7-15;17-11;11-14;20-11,20-11,51,-1
random,random_robot_95,10,6,1,SimpleHill,0-0,0,21,20-11,19-3;20-18;16-19;23-7;15-4;11-14,16-19,57,6
random,random_robot_95,10,6,1,SimpleHill,0-0,0,22,16-19,21-22;16-25;10-19;15-16;23-15;23-17,23-17,63,6
random,random_robot_95,10,6,1,SimpleHill,0-0,0,23,23-17,25-20;16-19;28-23;28-22;21-14;29-24,21-14,57,-6
random,random_robot_95,10,6,1,SimpleHill,0-0,0,24,21-14,19-15;15-11;20-21;16-19;28-15;13-17,15-11,45,-12
random,random_robot_95,10,6,1,SimpleHill,0-0,0,25,15-11,11-13;6-12;12-16;19-9;19-15;6-8,11-13,42,-3
random,random_robot_95,10,6,1,SimpleHill,0-0,0,26,11-13,6-8;10-12;9-15;6-6;13-21;12-10,13-21,55,13
random,random_robot_95,10,6,1,SimpleHill,0-0,0,27,13-21,15-22;21-23;12-24;5-18;12-26;6-15,5-18,39,-16
random,random_robot_95,10,6,1,SimpleHill,0-0,0,28,5-18,1-14;7-19;5-22;13-12;12-20;9-24,5-22,43,4
random,random_robot_95,10,6,1,SimpleHill,0-0,0,29,5-22,11-16;0-16;6-14;6-28;2-21;12-19,2-21,37,-6
random,random_robot_95,10,6,1,SimpleHill,0-0,0,30,2-21,11-24;11-19;11-25;5-23;1-13;0-17,11-19,50,13
random,random_robot_95,10,6,1,SimpleHill,0-0,0,31,11-19,11-20;8-24;5-12;14-17;18-25;15-10,18-25,67,17
random,random_robot_95,10,6,1,SimpleHill,0-0,0,32,18-25,19-28;22-22;24-28;11-27;18-17;17-23,11-27,59,-8
random,random_robot_95,10,6,1,SimpleHill,0-0,0,33,11-27,17-30;11-37;14-20;10-18;7-33;9-35,9-35,61,2
random,random_robot_95,10,6,1,SimpleHill,0-0,0,34,9-35,10-29;13-42;10-31;7-32;14-33;15-32,7-32,56,-5
random,random_robot_95,10,6,1,SimpleHill,0-0,0,35,7-32,13-38;16-31;15-26;10-37;3-34;4-30,10-37,64,8
random,random_robot_95,10,6,1,SimpleHill,0-0,0,36,10-37,4-39;20-37;7-41;15-40;12-45;11-40,15-40,73,9
random,random_robot_95,10,6,1,SimpleHill,0-0,0,37,15-40,17-32;14-32;20-39;24-37;8-46;21-41,14-32,67,-6
random,random_robot_95,10,6,1,SimpleHill,0-0,0,38,14-32,12-40;20-28;9-32;5-33;10-34;11-35,12-40,69,2
random,random_robot_95,10,6,1,SimpleHill,0-0,0,39,12-40,19-46;9-32;18-48;14-48;15-36;18-34,14-48,74,5
random,random_robot_95,10,6,1,SimpleHill,0-0,0,40,14-48,16-57;8-40;10-47;11-53;21-49;9-46,21-49,83,9
random,random_robot_95,10,6,1,SimpleHill,0-0,0,41,21-49,21-53;25-44;21-49;29-51;23-51;24-47,25-44,86,3
random,random_robot_95,10,6,1,SimpleHill,0-0,0,42,25-44,30-46;27-40;25-43;27-46;27-49;25-44,27-46,89,3
random,random_robot_95,10,6,1,SimpleHill,0-0,0,43,27-46,33-54;34-40;28-54;26-50;28-40;25-55,26-50,88,-1
random,random_robot_95,10,6,1,SimpleHill,0-0,0,44,26-50,22-54;25-46;23-58;35-52;19-44;33-46,33-46,93,5
random,random_robot_95,10,6,1,SimpleHill,0-0,0,45,33-46,28-39;32-54;27-54;31-49;31-40;31-54,27-54,89,-4
random,random_robot_95,10,6,1,SimpleHill,0-0,0,46,27-54,27-64;34-55;33-54;36-55;21-61;32-54,27-64,85,-4
random,random_robot_95,10,6,1,SimpleHill,0-0,0,47,27-64,36-63;34-60;28-64;28-65;33-67;34-62,36-63,92,7
random,random_robot_95,10,6,1,SimpleHill,0-0,0,48,36-63,40-70;44-62;33-69;32-55;42-63;38-55,32-55,93,1
random,random_robot_95,10,6,1,SimpleHill,0-0,0,49,32-55,25-61;27-52;31-49;26-51;31-58;30-54,26-51,88,-5
random,random_robot_95,10,6,1,SimpleHill,0-0,0,50,26-51,25-43;23-55;28-56;35-52;29-48;34-50,35-52,95,7
random,random_robot_95,10,6,1,SimpleHill,0-0,0,51,35-52,40-45;28-53;33-53;29-47;29-46;29-60,28-53,90,-5
random,random_robot_95,10,6,1,SimpleHill,0-0,0,52,28-53,32-49;30-57;32-47;22-48;27-58;33-48,33-48,94,4
random,random_robot_95,10,6,1,SimpleHill,0-0,0,53,33-48,41-51;31-54;33-58;35-48;40-49;28-47,31-54,92,-2
random,random_robot_95,10,6,1,SimpleHill,0-0,0,54,31-54,23-51;32-51;34-58;33-48;30-61;26-58,30-61,89,-3
random,random_robot_95,10,6,1,SimpleHill,0-0,0,55,30-61,31-60;30-68;31-55;27-59;33-69;26-63,27-59,87,-2
random,random_robot_95,10,6,1,SimpleHill,0-0,0,56,27-59,31-53;34-65;28-57;26-50;23-51;30-64,31-53,92,5
random,random_robot_95,10,6,1,SimpleHill,0-0,0,57,31-53,37-46;25-53;35-44;33-62;36-55;38-52,36-55,95,3
random,random_robot_95,10,6,1,SimpleHill,0-0,0,58,36-55,32-46;45-57;32-59;45-53;33-51;36-45,33-51,94,-1
random,random_robot_95,10,6,1,SimpleHill,0-0,0,59,33-51,31-46;34-43;31-52;26-50;42-53;33-45,33-45,93,-1
random,random_robot_95,10,6,1,SimpleHill,0-0,0,60,33-45,28-38;28-53;30-49;31-54;37-52;34-44,37-52,96,3
random,random_robot_95,10,6,1,SimpleHill,0-0,0,61,37-52,31-57;44-51;42-50;45-56;28-55;33-56,45-56,98,2
random,random_robot_95,10,6,1,SimpleHill,0-0,0,62,45-56,36-56;47-49;40-62;52-62;41-50;42-56,40-62,95,-3
random,random_robot_95,10,6,1,SimpleHill,0-0,0,63,40-62,37-55;47-55;47-67;34-69;39-63;34-61,47-55,99,4
random,random_robot_95,10,6,1,SimpleHill,0-0,0,64,47-55,50-62;45-57;46-46;52-63;37-55;52-54,37-55,96,-3
random,random_robot_95,10,6,1,SimpleHill,0-0,0,65,37-55,38-57;43-62;35-57;39-49;44-50;37-60,44-50,99,3
random,random_robot_95,10,6,1,SimpleHill,0-0,0,66,44-50,45-58;47-58;39-52;39-43;45-44;47-53,45-58,98,-1
random,random_robot_95,10,6,1,SimpleHill,0-0,0,67,45-58,36-61;38-59;50-52;51-62;50-60;46-61,50-52,99,1
random,random_robot_95,10,6,1,SimpleHill,0-0,0,68,50-52,56-52;57-53;55-50;47-61;44-50;51-49,47-61,97,-2
random,random_robot_95,10,6,1,SimpleHill,0-0,0,69,47-61,44-57;44-60;43-69;40-65;41-59;52-67,44-57,98,1
random,random_robot_95,10,6,1,SimpleHill,0-0,0,70,44-57,45-57;40-59;42-61;48-63;41-53;42-48,40-59,96,-2
random,random_robot_95,10,6,1,SimpleHill,0-0,0,71,40-59,33-62;45-52;42-63;46-63;37-59;42-56,46-63,96,0
random,random_robot_95,10,6,1,SimpleHill,0-0,0,72,46-63,43-61;46-60;49-59;40-69;55-64;46-59,43-61,96,0
random,random_robot_95,10,6,1,SimpleHill,0-0,0,73,43-61,51-65;44-56;34-62;44-65;38-54;43-58,44-56,98,2
random,random_robot_95,10,6,1,SimpleHill,0-0,0,74,44-56,40-49;45-47;46-53;45-52;37-53;50-59,50-59,98,0
random,random_robot_95,10,6,1,SimpleHill,0-0,0,75,50-59,52-64;44-53;58-61;47-58;59-56;42-62,47-58,98,0
random,random_robot_95,10,6,1,SimpleHill,0-0,0,76,47-58,47-60;49-53;51-62;42-58;44-61;50-51,47-60,97,-1
random,random_robot_95,10,6,1,SimpleHill,0-0,0,77,47-60,43-64;50-69;49-54;41-61;41-63;57-60,49-54,99,2
random,random_robot_95,10,6,1,SimpleHill,0-0,0,78,49-54,46-59;56-57;54-48;55-57;56-49;47-52,56-49,99,0
random,random_robot_95,10,6,1,SimpleHill,0-0,0,79,56-49,55-43;64-43;58-40;50-57;55-40;49-56,50-57,99,0
