simulation_type,subj_id,sight_radius,n_gabors,block_ix,landscape_name,starting_pos,starting_score,trial,pos,stims,selected,score,delta
random,random_robot_152,10,6,1,SimpleHill,0-0,0,0,0-0,8-6;3-3;6-8;0-6;3-8;6-1,3-8,20,20
random,random_robot_152,10,6,1,SimpleHill,0-0,0,1,3-8,3-3;0-10;13-8;2-2;11-6;8-1,2-2,7,-13
random,random_robot_152,10,6,1,SimpleHill,0-0,0,2,2-2,9-1;1-10;0-4;5-9;4-2;5-2,5-2,13,6
random,random_robot_152,10,6,1,SimpleHill,0-0,0,3,5-2,6-4;13-2;12-9;5-7;6-9;8-2,5-7,22,9
random,random_robot_152,10,6,1,SimpleHill,0-0,0,4,5-7,3-2;9-8;0-13;0-9;1-16;3-8,1-16,28,6
random,random_robot_152,10,6,1,SimpleHill,0-0,0,5,1-16,4-15;6-8;0-18;4-13;4-22;0-12,4-15,33,5
random,random_robot_152,10,6,1,SimpleHill,0-0,0,6,4-15,3-22;13-18;2-14;10-9;10-21;13-16,10-9,34,1
random,random_robot_152,10,6,1,SimpleHill,0-0,0,7,10-9,11-10;10-14;12-1;5-17;18-6;6-16,5-17,37,3
random,random_robot_152,10,6,1,SimpleHill,0-0,0,8,5-17,13-17;12-14;3-17;0-21;3-22;8-19,12-14,45,8
random,random_robot_152,10,6,1,SimpleHill,0-0,0,9,12-14,10-5;12-22;9-23;14-7;17-15;9-10,9-10,34,-11
random,random_robot_152,10,6,1,SimpleHill,0-0,0,10,9-10,14-13;2-9;13-11;3-13;1-12;6-2,2-9,20,-14
random,random_robot_152,10,6,1,SimpleHill,0-0,0,11,2-9,4-1;11-13;6-15;9-11;11-5;6-9,6-9,27,7
random,random_robot_152,10,6,1,SimpleHill,0-0,0,12,6-9,15-8;4-1;11-6;11-17;0-5;9-18,15-8,40,13
random,random_robot_152,10,6,1,SimpleHill,0-0,0,13,15-8,11-4;11-2;22-15;18-3;9-12;19-4,9-12,37,-3
random,random_robot_152,10,6,1,SimpleHill,0-0,0,14,9-12,11-17;10-17;14-4;18-16;4-7;9-12,10-17,46,9
random,random_robot_152,10,6,1,SimpleHill,0-0,0,15,10-17,11-17;8-9;6-19;12-17;10-21;10-17,10-21,51,5
random,random_robot_152,10,6,1,SimpleHill,0-0,0,16,10-21,3-21;2-25;11-29;14-24;13-22;3-14,2-25,41,-10
random,random_robot_152,10,6,1,SimpleHill,0-0,0,17,2-25,9-32;7-17;9-26;3-24;10-28;5-32,10-28,58,17
random,random_robot_152,10,6,1,SimpleHill,0-0,0,18,10-28,13-20;9-30;16-26;6-31;2-25;7-36,13-20,54,-4
random,random_robot_152,10,6,1,SimpleHill,0-0,0,19,13-20,10-15;15-19;19-16;18-16;11-26;22-18,11-26,58,4
random,random_robot_152,10,6,1,SimpleHill,0-0,0,20,11-26,7-35;18-22;8-25;14-34;6-32;10-28,18-22,63,5
random,random_robot_152,10,6,1,SimpleHill,0-0,0,21,18-22,9-22;19-15;20-24;17-16;17-21;18-30,20-24,68,5
random,random_robot_152,10,6,1,SimpleHill,0-0,0,22,20-24,29-28;23-31;23-15;20-27;26-21;26-16,26-21,71,3
random,random_robot_152,10,6,1,SimpleHill,0-0,0,23,26-21,30-27;33-18;26-27;23-18;27-27;32-14,30-27,81,10
random,random_robot_152,10,6,1,SimpleHill,0-0,0,24,30-27,25-26;23-31;34-18;32-30;35-32;27-25,35-32,89,8
random,random_robot_152,10,6,1,SimpleHill,0-0,0,25,35-32,41-39;38-29;36-39;41-38;37-36;32-32,41-38,95,6
random,random_robot_152,10,6,1,SimpleHill,0-0,0,26,41-38,35-38;37-35;35-34;41-44;33-43;47-38,35-34,90,-5
random,random_robot_152,10,6,1,SimpleHill,0-0,0,27,35-34,42-31;25-34;35-29;30-39;37-27;30-31,25-34,82,-8
random,random_robot_152,10,6,1,SimpleHill,0-0,0,28,25-34,28-33;27-27;25-27;26-32;30-26;33-37,28-33,84,2
random,random_robot_152,10,6,1,SimpleHill,0-0,0,29,28-33,28-38;26-26;35-27;19-37;26-42;36-36,26-42,87,3
random,random_robot_152,10,6,1,SimpleHill,0-0,0,30,26-42,33-37;20-48;27-36;31-45;30-45;28-42,20-48,81,-6
random,random_robot_152,10,6,1,SimpleHill,0-0,0,31,20-48,17-39;23-54;27-53;24-51;24-48;17-45,23-54,85,4
random,random_robot_152,10,6,1,SimpleHill,0-0,0,32,23-54,32-55;23-46;20-45;24-45;17-61;31-60,17-61,75,-10
random,random_robot_152,10,6,1,SimpleHill,0-0,0,33,17-61,22-56;18-70;16-54;15-59;11-62;15-58,15-59,73,-2
random,random_robot_152,10,6,1,SimpleHill,0-0,0,34,15-59,21-61;8-59;12-64;16-65;11-52;20-58,8-59,63,-10
random,random_robot_152,10,6,1,SimpleHill,0-0,0,35,8-59,2-57;14-62;5-66;7-53;0-63;3-63,14-62,71,8
random,random_robot_152,10,6,1,SimpleHill,0-0,0,36,14-62,13-67;19-65;12-64;8-62;22-62;17-63,13-67,66,-5
random,random_robot_152,10,6,1,SimpleHill,0-0,0,37,13-67,5-63;10-60;5-61;20-63;5-62;14-62,5-61,57,-9
random,random_robot_152,10,6,1,SimpleHill,0-0,0,38,5-61,11-63;8-59;8-65;3-68;5-66;8-52,8-65,60,3
random,random_robot_152,10,6,1,SimpleHill,0-0,0,39,8-65,5-60;2-62;12-62;5-63;4-66;4-64,5-60,57,-3
random,random_robot_152,10,6,1,SimpleHill,0-0,0,40,5-60,10-58;3-64;5-50;10-59;9-65;6-64,9-65,61,4
random,random_robot_152,10,6,1,SimpleHill,0-0,0,41,9-65,6-59;3-67;14-64;16-62;8-67;5-60,3-67,50,-11
random,random_robot_152,10,6,1,SimpleHill,0-0,0,42,3-67,9-63;7-70;8-70;11-68;11-67;11-61,7-70,55,5
random,random_robot_152,10,6,1,SimpleHill,0-0,0,43,7-70,12-70;6-63;12-64;9-67;11-66;3-70,9-67,60,5
random,random_robot_152,10,6,1,SimpleHill,0-0,0,44,9-67,14-70;16-60;12-64;17-66;9-63;7-67,16-60,74,14
random,random_robot_152,10,6,1,SimpleHill,0-0,0,45,16-60,14-67;21-61;11-67;12-69;13-62;13-67,13-62,69,-5
random,random_robot_152,10,6,1,SimpleHill,0-0,0,46,13-62,15-62;8-55;19-63;19-70;9-62;7-56,9-62,63,-6
random,random_robot_152,10,6,1,SimpleHill,0-0,0,47,9-62,0-66;5-59;13-61;11-56;4-54;14-64,0-66,44,-19
random,random_robot_152,10,6,1,SimpleHill,0-0,0,48,0-66,5-60;1-70;10-66;9-68;2-64;8-68,8-68,58,14
random,random_robot_152,10,6,1,SimpleHill,0-0,0,49,8-68,0-66;6-60;13-70;11-59;15-61;3-65,6-60,59,1
random,random_robot_152,10,6,1,SimpleHill,0-0,0,50,6-60,7-52;4-51;9-60;12-67;15-57;6-50,6-50,61,2
random,random_robot_152,10,6,1,SimpleHill,0-0,0,51,6-50,0-58;8-41;0-51;2-58;6-41;14-50,8-41,63,2
random,random_robot_152,10,6,1,SimpleHill,0-0,0,52,8-41,2-36;3-36;2-38;5-37;3-39;15-45,5-37,56,-7
random,random_robot_152,10,6,1,SimpleHill,0-0,0,53,5-37,6-44;3-38;5-28;3-32;0-38;8-39,6-44,60,4
random,random_robot_152,10,6,1,SimpleHill,0-0,0,54,6-44,13-49;15-40;3-40;3-38;9-47;9-39,3-38,52,-8
random,random_robot_152,10,6,1,SimpleHill,0-0,0,55,3-38,8-43;9-38;2-44;2-46;8-33;2-34,2-44,53,1
random,random_robot_152,10,6,1,SimpleHill,0-0,0,56,2-44,9-40;6-50;0-37;9-51;10-49;6-51,6-50,61,8
random,random_robot_152,10,6,1,SimpleHill,0-0,0,57,6-50,8-52;6-45;9-42;12-55;4-45;0-55,8-52,64,3
random,random_robot_152,10,6,1,SimpleHill,0-0,0,58,8-52,4-61;8-52;14-60;4-49;4-51;0-53,14-60,72,8
random,random_robot_152,10,6,1,SimpleHill,0-0,0,59,14-60,6-64;6-59;20-56;15-69;8-62;16-60,6-64,57,-15
random,random_robot_152,10,6,1,SimpleHill,0-0,0,60,6-64,11-62;8-56;6-67;0-56;13-61;13-68,6-67,55,-2
random,random_robot_152,10,6,1,SimpleHill,0-0,0,61,6-67,14-63;10-64;9-68;5-64;9-58;0-66,10-64,64,9
random,random_robot_152,10,6,1,SimpleHill,0-0,0,62,10-64,10-66;5-66;10-62;14-66;10-57;14-65,5-66,54,-10
random,random_robot_152,10,6,1,SimpleHill,0-0,0,63,5-66,6-57;13-68;7-61;6-68;1-68;15-66,6-57,60,6
random,random_robot_152,10,6,1,SimpleHill,0-0,0,64,6-57,8-51;14-55;4-66;11-61;3-48;6-62,14-55,73,13
random,random_robot_152,10,6,1,SimpleHill,0-0,0,65,14-55,13-64;19-59;11-55;22-51;17-58;21-51,21-51,83,10
random,random_robot_152,10,6,1,SimpleHill,0-0,0,66,21-51,16-59;18-46;25-47;24-51;22-52;16-53,16-53,76,-7
random,random_robot_152,10,6,1,SimpleHill,0-0,0,67,16-53,16-57;10-60;12-45;8-50;25-49;22-53,8-50,64,-12
random,random_robot_152,10,6,1,SimpleHill,0-0,0,68,8-50,11-48;10-51;0-44;11-44;3-50;4-47,0-44,49,-15
random,random_robot_152,10,6,1,SimpleHill,0-0,0,69,0-44,2-53;0-43;7-42;2-51;1-43;4-52,2-51,53,4
random,random_robot_152,10,6,1,SimpleHill,0-0,0,70,2-51,4-56;8-44;8-56;8-53;8-49;7-45,8-44,64,11
random,random_robot_152,10,6,1,SimpleHill,0-0,0,71,8-44,0-46;10-53;6-50;10-50;5-35;11-51,5-35,55,-9
random,random_robot_152,10,6,1,SimpleHill,0-0,0,72,5-35,7-43;2-29;14-36;10-32;4-36;2-44,4-36,53,-2
random,random_robot_152,10,6,1,SimpleHill,0-0,0,73,4-36,5-28;5-36;2-33;0-36;0-35;10-42,5-36,55,2
random,random_robot_152,10,6,1,SimpleHill,0-0,0,74,5-36,6-37;1-35;2-33;12-38;1-36;9-35,1-35,47,-8
random,random_robot_152,10,6,1,SimpleHill,0-0,0,75,1-35,1-34;1-33;9-32;5-31;10-34;7-40,5-31,52,5
random,random_robot_152,10,6,1,SimpleHill,0-0,0,76,5-31,8-28;1-40;9-28;0-23;6-32;7-28,1-40,49,-3
random,random_robot_152,10,6,1,SimpleHill,0-0,0,77,1-40,9-42;3-45;4-42;2-49;3-34;8-40,4-42,56,7
random,random_robot_152,10,6,1,SimpleHill,0-0,0,78,4-42,7-48;11-41;3-44;0-39;1-48;4-47,3-44,55,-1
random,random_robot_152,10,6,1,SimpleHill,0-0,0,79,3-44,1-53;4-38;7-39;8-38;1-45;8-45,1-45,51,-4
