simulation_type,subj_id,sight_radius,n_gabors,block_ix,landscape_name,starting_pos,starting_score,trial,pos,stims,selected,score,delta
random,random_robot_197,10,6,1,SimpleHill,0-0,0,0,0-0,0-3;0-5;5-3;10-0;2-5;0-4,0-5,9,9
random,random_robot_197,10,6,1,SimpleHill,0-0,0,1,0-5,3-7;5-12;8-1;2-14;8-3;0-12,8-3,20,11
random,random_robot_197,10,6,1,SimpleHill,0-0,0,2,8-3,13-11;3-3;5-4;2-2;14-1;5-3,2-2,7,-13
random,random_robot_197,10,6,1,SimpleHill,0-0,0,3,2-2,7-8;1-8;9-5;2-10;10-8;9-4,10-8,32,25
random,random_robot_197,10,6,1,SimpleHill,0-0,0,4,10-8,15-9;10-13;4-14;8-9;16-4;4-1,10-13,40,8
random,random_robot_197,10,6,1,SimpleHill,0-0,0,5,10-13,2-11;3-15;14-6;8-22;14-16;9-12,3-15,31,-9
random,random_robot_197,10,6,1,SimpleHill,0-0,0,6,3-15,4-10;8-20;9-15;6-19;10-17;7-6,10-17,46,15
random,random_robot_197,10,6,1,SimpleHill,0-0,0,7,10-17,5-17;13-26;15-16;4-15;2-18;18-16,5-17,37,-9
random,random_robot_197,10,6,1,SimpleHill,0-0,0,8,5-17,6-8;13-16;3-26;6-20;9-13;5-10,6-20,43,6
random,random_robot_197,10,6,1,SimpleHill,0-0,0,9,6-20,14-24;0-16;13-13;8-17;1-14;9-15,8-17,42,-1
random,random_robot_197,10,6,1,SimpleHill,0-0,0,10,8-17,8-22;15-23;7-17;8-24;2-23;6-14,8-24,51,9
random,random_robot_197,10,6,1,SimpleHill,0-0,0,11,8-24,2-21;13-26;10-21;5-31;2-19;6-21,2-21,37,-14
random,random_robot_197,10,6,1,SimpleHill,0-0,0,12,2-21,0-18;9-18;3-17;6-17;0-28;7-28,0-18,29,-8
random,random_robot_197,10,6,1,SimpleHill,0-0,0,13,0-18,3-13;3-15;4-20;3-14;5-20;4-27,5-20,41,12
random,random_robot_197,10,6,1,SimpleHill,0-0,0,14,5-20,9-25;8-15;5-15;11-13;14-16;12-27,9-25,53,12
random,random_robot_197,10,6,1,SimpleHill,0-0,0,15,9-25,10-20;8-31;12-33;3-29;6-20;3-23,12-33,65,12
random,random_robot_197,10,6,1,SimpleHill,0-0,0,16,12-33,16-37;8-28;4-30;6-25;7-35;13-26,16-37,73,8
random,random_robot_197,10,6,1,SimpleHill,0-0,0,17,16-37,18-41;7-39;16-28;13-34;13-45;24-32,16-28,67,-6
random,random_robot_197,10,6,1,SimpleHill,0-0,0,18,16-28,22-30;24-23;15-31;13-28;8-23;17-20,24-23,71,4
random,random_robot_197,10,6,1,SimpleHill,0-0,0,19,24-23,30-27;27-14;24-29;21-29;30-22;31-29,27-14,63,-8
random,random_robot_197,10,6,1,SimpleHill,0-0,0,20,27-14,20-15;33-19;29-16;19-19;25-11;35-9,25-11,57,-6
random,random_robot_197,10,6,1,SimpleHill,0-0,0,21,25-11,33-16;22-17;31-9;21-3;32-18;26-10,26-10,56,-1
random,random_robot_197,10,6,1,SimpleHill,0-0,0,22,26-10,28-3;21-15;33-7;21-16;25-10;24-2,33-7,57,1
random,random_robot_197,10,6,1,SimpleHill,0-0,0,23,33-7,40-14;37-10;25-10;25-9;36-4;42-10,36-4,53,-4
random,random_robot_197,10,6,1,SimpleHill,0-0,0,24,36-4,33-10;43-3;32-3;41-0;41-4;42-10,42-10,66,13
random,random_robot_197,10,6,1,SimpleHill,0-0,0,25,42-10,47-17;41-19;39-13;45-11;43-5;38-19,45-11,69,3
random,random_robot_197,10,6,1,SimpleHill,0-0,0,26,45-11,52-15;41-14;44-15;42-11;46-12;40-19,41-14,72,3
random,random_robot_197,10,6,1,SimpleHill,0-0,0,27,41-14,34-20;45-9;41-7;48-16;39-13;36-18,41-7,61,-11
random,random_robot_197,10,6,1,SimpleHill,0-0,0,28,41-7,39-2;44-15;34-7;50-6;38-8;48-3,50-6,61,0
random,random_robot_197,10,6,1,SimpleHill,0-0,0,29,50-6,43-3;49-13;47-8;52-14;58-12;47-12,49-13,72,11
random,random_robot_197,10,6,1,SimpleHill,0-0,0,30,49-13,54-20;48-21;49-8;43-13;52-5;54-21,49-8,64,-8
random,random_robot_197,10,6,1,SimpleHill,0-0,0,31,49-8,58-10;58-5;44-14;45-7;53-13;52-3,45-7,62,-2
random,random_robot_197,10,6,1,SimpleHill,0-0,0,32,45-7,39-8;48-12;51-0;54-6;44-9;38-13,38-13,69,7
random,random_robot_197,10,6,1,SimpleHill,0-0,0,33,38-13,42-15;33-9;33-18;44-21;33-16;39-8,33-9,60,-9
random,random_robot_197,10,6,1,SimpleHill,0-0,0,34,33-9,34-3;40-16;27-1;27-5;30-10;42-12,40-16,74,14
random,random_robot_197,10,6,1,SimpleHill,0-0,0,35,40-16,46-23;31-14;41-12;32-15;40-22;31-20,32-15,69,-5
random,random_robot_197,10,6,1,SimpleHill,0-0,0,36,32-15,31-11;31-10;41-11;26-16;39-11;38-14,38-14,71,2
random,random_robot_197,10,6,1,SimpleHill,0-0,0,37,38-14,43-16;34-12;42-16;32-17;32-19;35-6,32-19,74,3
random,random_robot_197,10,6,1,SimpleHill,0-0,0,38,32-19,39-22;36-10;27-20;41-18;34-24;39-14,27-20,71,-3
random,random_robot_197,10,6,1,SimpleHill,0-0,0,39,27-20,27-20;20-18;25-24;29-25;19-17;25-14,25-24,73,2
random,random_robot_197,10,6,1,SimpleHill,0-0,0,40,25-24,22-22;23-17;26-28;25-27;23-31;32-21,25-27,76,3
random,random_robot_197,10,6,1,SimpleHill,0-0,0,41,25-27,18-34;20-27;18-20;29-20;29-35;20-29,20-29,73,-3
random,random_robot_197,10,6,1,SimpleHill,0-0,0,42,20-29,22-27;28-26;13-24;21-34;13-26;17-37,17-37,74,1
random,random_robot_197,10,6,1,SimpleHill,0-0,0,43,17-37,22-34;25-35;17-33;24-35;25-33;14-33,14-33,68,-6
random,random_robot_197,10,6,1,SimpleHill,0-0,0,44,14-33,6-31;13-40;12-33;11-39;11-27;15-26,11-39,67,-1
random,random_robot_197,10,6,1,SimpleHill,0-0,0,45,11-39,9-30;5-37;17-32;6-44;17-35;8-44,6-44,60,-7
random,random_robot_197,10,6,1,SimpleHill,0-0,0,46,6-44,2-39;9-51;10-48;10-47;6-53;14-41,14-41,72,12
random,random_robot_197,10,6,1,SimpleHill,0-0,0,47,14-41,20-39;8-45;13-49;20-47;14-31;13-48,14-31,66,-6
random,random_robot_197,10,6,1,SimpleHill,0-0,0,48,14-31,13-37;19-28;13-35;17-37;19-31;7-38,13-35,68,2
random,random_robot_197,10,6,1,SimpleHill,0-0,0,49,13-35,5-31;15-39;17-35;11-38;21-34;13-39,17-35,73,5
random,random_robot_197,10,6,1,SimpleHill,0-0,0,50,17-35,19-32;11-40;10-42;14-28;12-41;20-41,10-42,66,-7
random,random_robot_197,10,6,1,SimpleHill,0-0,0,51,10-42,10-43;4-44;8-35;10-32;9-42;4-47,4-47,57,-9
random,random_robot_197,10,6,1,SimpleHill,0-0,0,52,4-47,2-44;8-44;11-49;3-50;4-43;9-44,11-49,69,12
random,random_robot_197,10,6,1,SimpleHill,0-0,0,53,11-49,12-42;7-42;6-45;10-54;14-57;4-43,7-42,61,-8
random,random_robot_197,10,6,1,SimpleHill,0-0,0,54,7-42,10-51;13-47;6-51;13-39;12-45;15-40,6-51,61,0
random,random_robot_197,10,6,1,SimpleHill,0-0,0,55,6-51,12-55;11-49;4-57;7-52;6-42;5-46,6-42,60,-1
random,random_robot_197,10,6,1,SimpleHill,0-0,0,56,6-42,15-43;4-33;14-41;14-43;4-51;2-37,14-41,72,12
random,random_robot_197,10,6,1,SimpleHill,0-0,0,57,14-41,10-33;6-43;16-42;7-47;21-35;16-40,7-47,62,-10
random,random_robot_197,10,6,1,SimpleHill,0-0,0,58,7-47,13-51;6-41;14-54;3-53;12-54;1-46,12-54,70,8
random,random_robot_197,10,6,1,SimpleHill,0-0,0,59,12-54,13-52;20-53;19-54;11-62;5-47;9-52,11-62,66,-4
random,random_robot_197,10,6,1,SimpleHill,0-0,0,60,11-62,6-63;12-65;3-65;9-59;8-60;10-68,3-65,51,-15
random,random_robot_197,10,6,1,SimpleHill,0-0,0,61,3-65,9-61;11-63;4-61;10-66;7-57;12-61,7-57,62,11
random,random_robot_197,10,6,1,SimpleHill,0-0,0,62,7-57,10-59;7-59;16-55;15-57;6-57;0-57,15-57,74,12
random,random_robot_197,10,6,1,SimpleHill,0-0,0,63,15-57,16-61;10-57;12-58;20-50;19-52;12-50,16-61,74,0
random,random_robot_197,10,6,1,SimpleHill,0-0,0,64,16-61,17-56;23-56;15-68;8-56;16-64;18-54,18-54,79,5
random,random_robot_197,10,6,1,SimpleHill,0-0,0,65,18-54,9-56;10-50;21-60;24-54;17-49;19-48,10-50,68,-11
random,random_robot_197,10,6,1,SimpleHill,0-0,0,66,10-50,1-49;1-51;10-54;4-54;7-58;7-59,7-59,61,-7
random,random_robot_197,10,6,1,SimpleHill,0-0,0,67,7-59,13-67;2-61;13-66;17-59;4-57;16-55,16-55,76,15
random,random_robot_197,10,6,1,SimpleHill,0-0,0,68,16-55,12-49;20-51;10-50;23-54;15-64;12-52,20-51,81,5
random,random_robot_197,10,6,1,SimpleHill,0-0,0,69,20-51,20-50;27-56;14-57;15-59;22-47;21-48,15-59,73,-8
random,random_robot_197,10,6,1,SimpleHill,0-0,0,70,15-59,10-61;17-64;13-57;21-51;12-59;14-67,13-57,71,-2
random,random_robot_197,10,6,1,SimpleHill,0-0,0,71,13-57,21-57;10-61;11-66;13-54;17-57;16-48,11-66,64,-7
random,random_robot_197,10,6,1,SimpleHill,0-0,0,72,11-66,17-70;9-70;9-69;14-57;15-62;13-67,9-69,59,-5
random,random_robot_197,10,6,1,SimpleHill,0-0,0,73,9-69,8-65;13-62;3-65;6-61;4-65;4-66,13-62,69,10
random,random_robot_197,10,6,1,SimpleHill,0-0,0,74,13-62,20-55;11-67;12-66;22-64;17-62;21-58,21-58,81,12
random,random_robot_197,10,6,1,SimpleHill,0-0,0,75,21-58,22-60;24-59;28-64;19-61;16-63;20-65,24-59,84,3
random,random_robot_197,10,6,1,SimpleHill,0-0,0,76,24-59,21-67;28-54;23-65;28-64;18-59;16-57,28-64,86,2
random,random_robot_197,10,6,1,SimpleHill,0-0,0,77,28-64,19-67;25-62;23-60;27-65;34-65;38-64,25-62,84,-2
random,random_robot_197,10,6,1,SimpleHill,0-0,0,78,25-62,19-65;33-58;25-55;34-62;25-68;32-61,32-61,91,7
random,random_robot_197,10,6,1,SimpleHill,0-0,0,79,32-61,33-67;28-56;39-63;36-68;32-61;37-65,39-63,94,3
