simulation_type,subj_id,sight_radius,n_gabors,block_ix,landscape_name,starting_pos,starting_score,trial,pos,stims,selected,score,delta
random,random_robot_176,10,6,1,SimpleHill,0-0,0,0,0-0,2-7;4-0;8-2;6-2;2-5;7-7,2-7,16,16
random,random_robot_176,10,6,1,SimpleHill,0-0,0,1,2-7,3-4;9-4;7-8;8-7;3-9;7-7,7-7,26,10
random,random_robot_176,10,6,1,SimpleHill,0-0,0,2,7-7,12-1;2-4;6-1;5-7;3-12;10-1,10-1,19,-7
random,random_robot_176,10,6,1,SimpleHill,0-0,0,3,10-1,18-4;9-6;6-10;3-8;9-8;2-0,9-8,31,12
random,random_robot_176,10,6,1,SimpleHill,0-0,0,4,9-8,4-5;0-6;12-1;15-9;2-11;11-15,4-5,17,-14
random,random_robot_176,10,6,1,SimpleHill,0-0,0,5,4-5,10-3;8-5;0-12;2-4;1-4;6-14,10-3,23,6
random,random_robot_176,10,6,1,SimpleHill,0-0,0,6,10-3,18-8;10-0;14-2;2-5;7-0;16-6,7-0,13,-10
random,random_robot_176,10,6,1,SimpleHill,0-0,0,7,7-0,10-1;1-7;4-9;1-8;11-3;2-4,10-1,19,6
random,random_robot_176,10,6,1,SimpleHill,0-0,0,8,10-1,7-10;6-3;14-4;12-9;19-1;1-0,19-1,32,13
random,random_robot_176,10,6,1,SimpleHill,0-0,0,9,19-1,24-9;11-5;13-6;18-1;20-4;16-9,24-9,52,20
random,random_robot_176,10,6,1,SimpleHill,0-0,0,10,24-9,25-1;20-15;28-16;26-17;22-5;20-16,25-1,39,-13
random,random_robot_176,10,6,1,SimpleHill,0-0,0,11,25-1,31-9;32-3;20-7;20-2;24-2;21-6,24-2,40,1
random,random_robot_176,10,6,1,SimpleHill,0-0,0,12,24-2,32-8;26-1;16-6;24-5;24-6;25-0,24-5,45,5
random,random_robot_176,10,6,1,SimpleHill,0-0,0,13,24-5,16-3;19-13;31-7;26-12;27-10;22-13,26-12,59,14
random,random_robot_176,10,6,1,SimpleHill,0-0,0,14,26-12,35-16;32-17;33-10;25-21;25-14;22-3,25-14,61,2
random,random_robot_176,10,6,1,SimpleHill,0-0,0,15,25-14,22-22;30-13;31-15;26-6;20-18;31-21,26-6,49,-12
random,random_robot_176,10,6,1,SimpleHill,0-0,0,16,26-6,25-0;25-8;31-9;22-4;27-3;18-12,18-12,50,1
random,random_robot_176,10,6,1,SimpleHill,0-0,0,17,18-12,22-12;26-7;27-10;19-5;19-18;21-9,22-12,55,5
random,random_robot_176,10,6,1,SimpleHill,0-0,0,18,22-12,28-12;25-13;26-7;13-16;22-7;22-21,28-12,61,6
random,random_robot_176,10,6,1,SimpleHill,0-0,0,19,28-12,35-6;33-7;23-9;29-9;22-12;23-15,35-6,56,-5
random,random_robot_176,10,6,1,SimpleHill,0-0,0,20,35-6,34-2;35-5;42-13;32-11;36-1;35-7,35-7,58,2
random,random_robot_176,10,6,1,SimpleHill,0-0,0,21,35-7,38-0;38-5;37-12;32-6;41-3;33-2,32-6,54,-4
random,random_robot_176,10,6,1,SimpleHill,0-0,0,22,32-6,36-2;33-5;29-14;35-6;23-7;35-15,35-6,56,2
random,random_robot_176,10,6,1,SimpleHill,0-0,0,23,35-6,38-14;29-10;38-11;30-9;31-1;38-5,38-5,56,0
random,random_robot_176,10,6,1,SimpleHill,0-0,0,24,38-5,32-6;30-3;42-2;37-8;32-0;31-10,32-6,54,-2
random,random_robot_176,10,6,1,SimpleHill,0-0,0,25,32-6,33-2;26-1;29-12;31-3;30-2;28-11,30-2,45,-9
random,random_robot_176,10,6,1,SimpleHill,0-0,0,26,30-2,39-6;28-8;31-10;27-4;37-6;35-8,35-8,60,15
random,random_robot_176,10,6,1,SimpleHill,0-0,0,27,35-8,33-10;30-3;31-15;37-0;28-7;38-14,30-3,47,-13
random,random_robot_176,10,6,1,SimpleHill,0-0,0,28,30-3,24-4;32-5;38-1;26-3;38-6;20-3,32-5,53,6
random,random_robot_176,10,6,1,SimpleHill,0-0,0,29,32-5,32-2;26-6;27-12;36-2;37-5;28-12,28-12,61,8
random,random_robot_176,10,6,1,SimpleHill,0-0,0,30,28-12,31-11;33-7;29-10;32-11;20-14;36-7,33-7,57,-4
random,random_robot_176,10,6,1,SimpleHill,0-0,0,31,33-7,31-3;32-6;34-10;36-2;35-7;40-10,32-6,54,-3
random,random_robot_176,10,6,1,SimpleHill,0-0,0,32,32-6,32-3;36-7;27-3;29-13;37-6;24-12,29-13,63,9
random,random_robot_176,10,6,1,SimpleHill,0-0,0,33,29-13,32-21;34-6;23-17;33-16;32-9;29-17,32-9,59,-4
random,random_robot_176,10,6,1,SimpleHill,0-0,0,34,32-9,36-17;41-10;37-5;34-8;33-0;39-15,34-8,59,0
random,random_robot_176,10,6,1,SimpleHill,0-0,0,35,34-8,35-1;38-0;26-3;30-15;33-1;28-15,38-0,47,-12
random,random_robot_176,10,6,1,SimpleHill,0-0,0,36,38-0,42-0;35-4;36-9;34-1;38-7;34-3,34-3,50,3
random,random_robot_176,10,6,1,SimpleHill,0-0,0,37,34-3,34-13;28-0;42-9;36-10;39-1;43-7,42-9,65,15
random,random_robot_176,10,6,1,SimpleHill,0-0,0,38,42-9,44-3;50-8;35-6;43-18;35-7;37-6,44-3,55,-10
random,random_robot_176,10,6,1,SimpleHill,0-0,0,39,44-3,50-2;39-5;38-5;49-4;52-3;41-0,50-2,53,-2
random,random_robot_176,10,6,1,SimpleHill,0-0,0,40,50-2,46-8;50-1;57-0;57-4;41-4;57-5,46-8,64,11
random,random_robot_176,10,6,1,SimpleHill,0-0,0,41,46-8,51-8;50-6;52-14;44-3;43-0;47-11,50-6,61,-3
random,random_robot_176,10,6,1,SimpleHill,0-0,0,42,50-6,56-14;52-13;55-3;52-10;55-1;42-9,42-9,65,4
random,random_robot_176,10,6,1,SimpleHill,0-0,0,43,42-9,37-15;37-9;44-17;48-17;51-7;43-18,51-7,63,-2
random,random_robot_176,10,6,1,SimpleHill,0-0,0,44,51-7,58-0;49-3;53-14;58-11;52-1;49-10,58-11,68,5
random,random_robot_176,10,6,1,SimpleHill,0-0,0,45,58-11,55-15;52-17;54-11;55-19;62-10;56-5,55-15,75,7
random,random_robot_176,10,6,1,SimpleHill,0-0,0,46,55-15,63-18;60-22;61-12;61-8;55-20;53-8,61-12,68,-7
random,random_robot_176,10,6,1,SimpleHill,0-0,0,47,61-12,58-5;56-16;64-4;63-6;62-9;59-11,56-16,76,8
random,random_robot_176,10,6,1,SimpleHill,0-0,0,48,56-16,55-21;58-24;53-7;56-14;53-14;55-18,53-7,62,-14
random,random_robot_176,10,6,1,SimpleHill,0-0,0,49,53-7,56-15;46-0;56-2;58-5;50-1;60-2,56-15,74,12
random,random_robot_176,10,6,1,SimpleHill,0-0,0,50,56-15,49-17;47-16;61-15;62-15;50-21;62-14,50-21,83,9
random,random_robot_176,10,6,1,SimpleHill,0-0,0,51,50-21,43-18;56-25;49-27;50-23;55-14;55-17,56-25,86,3
random,random_robot_176,10,6,1,SimpleHill,0-0,0,52,56-25,54-26;48-22;51-27;60-16;58-18;56-19,56-19,80,-6
random,random_robot_176,10,6,1,SimpleHill,0-0,0,53,56-19,60-24;50-11;57-19;58-13;57-11;56-23,57-11,68,-12
random,random_robot_176,10,6,1,SimpleHill,0-0,0,54,57-11,66-15;57-7;62-6;49-14;54-7;64-11,64-11,65,-3
random,random_robot_176,10,6,1,SimpleHill,0-0,0,55,64-11,57-13;67-16;54-11;67-19;56-5;66-8,66-8,59,-6
random,random_robot_176,10,6,1,SimpleHill,0-0,0,56,66-8,59-13;59-10;68-13;65-6;63-6;61-4,61-4,55,-4
random,random_robot_176,10,6,1,SimpleHill,0-0,0,57,61-4,65-2;60-11;62-6;62-0;53-10;54-10,65-2,49,-6
random,random_robot_176,10,6,1,SimpleHill,0-0,0,58,65-2,65-8;57-2;57-0;66-11;67-10;59-2,67-10,62,13
random,random_robot_176,10,6,1,SimpleHill,0-0,0,59,67-10,70-12;67-16;69-7;66-8;65-11;58-6,70-12,63,1
random,random_robot_176,10,6,1,SimpleHill,0-0,0,60,70-12,70-17;68-10;67-18;69-5;68-14;65-13,68-14,67,4
random,random_robot_176,10,6,1,SimpleHill,0-0,0,61,68-14,59-16;70-9;67-21;62-20;63-8;61-14,70-9,58,-9
random,random_robot_176,10,6,1,SimpleHill,0-0,0,62,70-9,70-12;69-1;65-15;67-14;67-12;69-12,65-15,71,13
random,random_robot_176,10,6,1,SimpleHill,0-0,0,63,65-15,70-16;64-15;70-12;67-19;62-10;69-8,69-8,57,-14
random,random_robot_176,10,6,1,SimpleHill,0-0,0,64,69-8,59-8;68-1;64-14;60-4;69-2;67-15,68-1,45,-12
random,random_robot_176,10,6,1,SimpleHill,0-0,0,65,68-1,68-9;69-1;68-4;67-6;67-4;61-4,61-4,55,10
random,random_robot_176,10,6,1,SimpleHill,0-0,0,66,61-4,56-6;61-10;66-1;66-12;56-10;56-9,56-6,60,5
random,random_robot_176,10,6,1,SimpleHill,0-0,0,67,56-6,56-10;56-1;63-3;58-14;55-14;65-6,56-1,51,-9
random,random_robot_176,10,6,1,SimpleHill,0-0,0,68,56-1,57-7;59-10;55-5;56-5;53-8;55-6,55-5,59,8
random,random_robot_176,10,6,1,SimpleHill,0-0,0,69,55-5,56-0;60-2;52-5;58-9;51-7;62-6,62-6,58,-1
random,random_robot_176,10,6,1,SimpleHill,0-0,0,70,62-6,59-1;55-3;55-2;67-7;58-13;60-12,67-7,57,-1
random,random_robot_176,10,6,1,SimpleHill,0-0,0,71,67-7,59-13;64-7;66-4;69-9;64-15;70-7,66-4,52,-5
random,random_robot_176,10,6,1,SimpleHill,0-0,0,72,66-4,67-6;58-7;62-13;57-3;70-5;67-10,70-5,51,-1
random,random_robot_176,10,6,1,SimpleHill,0-0,0,73,70-5,66-4;67-13;63-0;68-1;63-12;62-7,63-12,67,16
random,random_robot_176,10,6,1,SimpleHill,0-0,0,74,63-12,64-14;58-5;65-14;64-21;58-8;56-19,65-14,69,2
random,random_robot_176,10,6,1,SimpleHill,0-0,0,75,65-14,65-8;67-8;62-6;56-16;59-10;60-12,62-6,58,-11
random,random_robot_176,10,6,1,SimpleHill,0-0,0,76,62-6,68-10;58-15;59-15;65-9;65-10;56-9,65-9,61,3
random,random_robot_176,10,6,1,SimpleHill,0-0,0,77,65-9,58-3;61-5;63-11;62-14;61-9;69-1,69-1,44,-17
random,random_robot_176,10,6,1,SimpleHill,0-0,0,78,69-1,68-3;64-1;70-4;61-1;66-10;61-4,64-1,48,4
random,random_robot_176,10,6,1,SimpleHill,0-0,0,79,64-1,54-1;67-6;57-8;56-7;67-4;65-8,65-8,60,12
