simulation_type,subj_id,sight_radius,n_gabors,block_ix,landscape_name,starting_pos,starting_score,trial,pos,stims,selected,score,delta
random,random_robot_187,10,6,1,SimpleHill,0-0,0,0,0-0,3-5;1-4;1-8;1-7;8-6;0-9,1-7,15,15
random,random_robot_187,10,6,1,SimpleHill,0-0,0,1,1-7,0-4;1-11;0-0;7-3;8-7;8-2,0-0,0,-15
random,random_robot_187,10,6,1,SimpleHill,0-0,0,2,0-0,0-1;5-2;1-3;4-9;6-7;0-9,1-3,7,7
random,random_robot_187,10,6,1,SimpleHill,0-0,0,3,1-3,2-11;10-1;9-0;2-1;3-4;7-9,2-11,23,16
random,random_robot_187,10,6,1,SimpleHill,0-0,0,4,2-11,10-5;9-10;4-18;3-18;9-14;4-15,3-18,35,12
random,random_robot_187,10,6,1,SimpleHill,0-0,0,5,3-18,6-19;8-24;5-12;9-15;7-14;10-23,5-12,30,-5
random,random_robot_187,10,6,1,SimpleHill,0-0,0,6,5-12,5-14;11-12;5-9;8-10;1-9;7-12,7-12,34,4
random,random_robot_187,10,6,1,SimpleHill,0-0,0,7,7-12,2-19;1-7;5-14;7-6;9-6;15-6,2-19,34,0
random,random_robot_187,10,6,1,SimpleHill,0-0,0,8,2-19,9-20;5-14;1-25;7-21;9-24;4-16,5-14,33,-1
random,random_robot_187,10,6,1,SimpleHill,0-0,0,9,5-14,2-5;14-15;12-11;1-22;11-7;12-20,1-22,36,3
random,random_robot_187,10,6,1,SimpleHill,0-0,0,10,1-22,1-14;2-18;6-26;1-23;1-28;6-28,1-23,37,1
random,random_robot_187,10,6,1,SimpleHill,0-0,0,11,1-23,9-22;7-27;3-24;7-29;4-21;7-26,7-29,54,17
random,random_robot_187,10,6,1,SimpleHill,0-0,0,12,7-29,5-22;9-23;4-24;12-21;3-27;11-21,4-24,44,-10
random,random_robot_187,10,6,1,SimpleHill,0-0,0,13,4-24,9-22;2-20;0-33;2-30;7-33;4-17,9-22,50,6
random,random_robot_187,10,6,1,SimpleHill,0-0,0,14,9-22,5-27;17-23;7-18;16-23;6-15;3-15,17-23,63,13
random,random_robot_187,10,6,1,SimpleHill,0-0,0,15,17-23,16-18;23-24;20-28;15-14;23-27;13-14,16-18,56,-7
random,random_robot_187,10,6,1,SimpleHill,0-0,0,16,16-18,15-25;26-18;15-24;23-25;20-19;16-28,20-19,62,6
random,random_robot_187,10,6,1,SimpleHill,0-0,0,17,20-19,20-18;22-17;16-10;12-24;17-15;12-23,12-24,57,-5
random,random_robot_187,10,6,1,SimpleHill,0-0,0,18,12-24,14-26;4-21;16-26;19-25;14-24;13-32,13-32,66,9
random,random_robot_187,10,6,1,SimpleHill,0-0,0,19,13-32,22-30;5-30;15-30;15-25;22-33;6-31,15-30,67,1
random,random_robot_187,10,6,1,SimpleHill,0-0,0,20,15-30,22-27;11-28;9-37;14-35;6-29;15-29,11-28,59,-8
random,random_robot_187,10,6,1,SimpleHill,0-0,0,21,11-28,14-20;16-24;10-34;19-22;18-21;12-23,10-34,62,3
random,random_robot_187,10,6,1,SimpleHill,0-0,0,22,10-34,10-37;5-37;4-30;10-40;12-26;9-28,10-40,66,4
random,random_robot_187,10,6,1,SimpleHill,0-0,0,23,10-40,17-36;15-40;4-34;9-47;7-40;8-40,8-40,62,-4
random,random_robot_187,10,6,1,SimpleHill,0-0,0,24,8-40,0-38;3-33;10-37;0-39;8-44;17-40,8-44,64,2
random,random_robot_187,10,6,1,SimpleHill,0-0,0,25,8-44,6-44;15-41;14-50;0-43;14-44;7-45,14-50,74,10
random,random_robot_187,10,6,1,SimpleHill,0-0,0,26,14-50,11-59;16-59;18-43;22-46;18-48;13-52,11-59,67,-7
random,random_robot_187,10,6,1,SimpleHill,0-0,0,27,11-59,18-63;2-57;8-50;19-59;11-65;2-62,2-57,52,-15
random,random_robot_187,10,6,1,SimpleHill,0-0,0,28,2-57,1-49;0-48;2-61;2-67;6-56;9-61,6-56,60,8
random,random_robot_187,10,6,1,SimpleHill,0-0,0,29,6-56,7-54;10-47;8-52;1-54;7-64;8-49,1-54,51,-9
random,random_robot_187,10,6,1,SimpleHill,0-0,0,30,1-54,4-46;7-57;7-51;3-50;2-54;4-60,2-54,53,2
random,random_robot_187,10,6,1,SimpleHill,0-0,0,31,2-54,4-52;7-51;2-61;7-46;10-54;4-47,10-54,67,14
random,random_robot_187,10,6,1,SimpleHill,0-0,0,32,10-54,9-60;12-58;3-50;9-49;10-46;3-57,3-57,54,-13
random,random_robot_187,10,6,1,SimpleHill,0-0,0,33,3-57,1-61;0-52;10-51;5-65;11-52;4-52,11-52,69,15
random,random_robot_187,10,6,1,SimpleHill,0-0,0,34,11-52,4-56;15-61;19-49;3-55;18-58;4-47,4-47,57,-12
random,random_robot_187,10,6,1,SimpleHill,0-0,0,35,4-47,11-53;0-54;11-54;0-55;9-50;2-51,2-51,53,-4
random,random_robot_187,10,6,1,SimpleHill,0-0,0,36,2-51,4-51;0-60;8-54;1-57;9-47;7-52,1-57,51,-2
random,random_robot_187,10,6,1,SimpleHill,0-0,0,37,1-57,2-54;7-58;8-62;10-54;8-61;7-64,7-58,61,10
random,random_robot_187,10,6,1,SimpleHill,0-0,0,38,7-58,4-58;9-55;4-66;9-67;12-66;10-63,4-66,52,-9
random,random_robot_187,10,6,1,SimpleHill,0-0,0,39,4-66,1-60;12-66;8-63;5-64;2-65;12-67,5-64,55,3
random,random_robot_187,10,6,1,SimpleHill,0-0,0,40,5-64,5-66;3-59;2-62;11-66;8-64;0-61,5-66,54,-1
random,random_robot_187,10,6,1,SimpleHill,0-0,0,41,5-66,5-67;13-64;6-65;14-63;7-70;5-63,5-63,56,2
random,random_robot_187,10,6,1,SimpleHill,0-0,0,42,5-63,1-70;2-61;10-68;13-64;13-59;7-59,10-68,61,5
random,random_robot_187,10,6,1,SimpleHill,0-0,0,43,10-68,4-66;3-64;9-60;12-69;14-66;3-68,3-68,49,-12
random,random_robot_187,10,6,1,SimpleHill,0-0,0,44,3-68,6-64;9-60;7-67;7-69;4-66;10-68,7-67,57,8
random,random_robot_187,10,6,1,SimpleHill,0-0,0,45,7-67,3-64;9-68;2-60;12-63;3-63;12-69,9-68,59,2
random,random_robot_187,10,6,1,SimpleHill,0-0,0,46,9-68,17-67;8-61;7-60;10-66;13-67;18-66,10-66,62,3
random,random_robot_187,10,6,1,SimpleHill,0-0,0,47,10-66,6-61;1-63;9-66;6-64;17-60;5-60,9-66,61,-1
random,random_robot_187,10,6,1,SimpleHill,0-0,0,48,9-66,0-69;11-63;11-69;2-59;7-69;8-63,2-59,52,-9
random,random_robot_187,10,6,1,SimpleHill,0-0,0,49,2-59,3-57;0-66;6-59;3-55;7-61;8-56,3-55,55,3
random,random_robot_187,10,6,1,SimpleHill,0-0,0,50,3-55,10-54;9-53;2-49;12-59;4-48;6-58,9-53,66,11
random,random_robot_187,10,6,1,SimpleHill,0-0,0,51,9-53,10-53;10-55;14-49;8-52;17-55;16-53,8-52,64,-2
random,random_robot_187,10,6,1,SimpleHill,0-0,0,52,8-52,10-54;15-59;10-59;11-54;9-43;0-46,10-59,66,2
random,random_robot_187,10,6,1,SimpleHill,0-0,0,53,10-59,15-51;9-64;12-51;14-50;11-64;8-51,12-51,71,5
random,random_robot_187,10,6,1,SimpleHill,0-0,0,54,12-51,16-60;15-47;7-48;15-43;13-45;17-45,15-47,75,4
random,random_robot_187,10,6,1,SimpleHill,0-0,0,55,15-47,13-50;10-47;19-40;23-50;20-48;6-47,23-50,85,10
random,random_robot_187,10,6,1,SimpleHill,0-0,0,56,23-50,30-56;23-60;21-46;28-51;30-45;18-53,21-46,82,-3
random,random_robot_187,10,6,1,SimpleHill,0-0,0,57,21-46,21-56;13-51;16-46;17-50;28-49;16-43,16-46,76,-6
random,random_robot_187,10,6,1,SimpleHill,0-0,0,58,16-46,9-46;10-40;11-50;15-45;15-43;13-42,10-40,66,-10
random,random_robot_187,10,6,1,SimpleHill,0-0,0,59,10-40,8-39;12-40;8-46;1-40;2-43;11-37,8-46,64,-2
random,random_robot_187,10,6,1,SimpleHill,0-0,0,60,8-46,17-47;6-52;11-50;15-42;1-48;3-46,6-52,61,-3
random,random_robot_187,10,6,1,SimpleHill,0-0,0,61,6-52,4-45;15-56;14-48;0-47;5-48;12-60,0-47,49,-12
random,random_robot_187,10,6,1,SimpleHill,0-0,0,62,0-47,9-49;4-53;7-43;5-45;7-42;0-49,9-49,66,17
random,random_robot_187,10,6,1,SimpleHill,0-0,0,63,9-49,13-54;10-43;4-47;8-50;10-55;7-52,10-55,67,1
random,random_robot_187,10,6,1,SimpleHill,0-0,0,64,10-55,17-56;18-60;4-59;9-58;10-60;7-59,7-59,61,-6
random,random_robot_187,10,6,1,SimpleHill,0-0,0,65,7-59,14-64;12-51;7-63;12-58;10-57;10-60,7-63,59,-2
random,random_robot_187,10,6,1,SimpleHill,0-0,0,66,7-63,1-69;8-64;12-68;7-68;16-67;0-61,1-69,44,-15
random,random_robot_187,10,6,1,SimpleHill,0-0,0,67,1-69,8-68;4-67;7-67;6-62;10-70;11-69,6-62,58,14
random,random_robot_187,10,6,1,SimpleHill,0-0,0,68,6-62,8-61;6-54;5-65;12-54;9-70;2-64,9-70,58,0
random,random_robot_187,10,6,1,SimpleHill,0-0,0,69,9-70,5-66;13-68;18-69;11-66;17-69;14-68,18-69,72,14
random,random_robot_187,10,6,1,SimpleHill,0-0,0,70,18-69,11-70;12-69;22-69;14-61;22-70;21-65,12-69,63,-9
random,random_robot_187,10,6,1,SimpleHill,0-0,0,71,12-69,12-69;14-61;4-66;9-65;11-67;10-67,4-66,52,-11
random,random_robot_187,10,6,1,SimpleHill,0-0,0,72,4-66,9-62;8-59;5-62;0-67;0-65;1-70,5-62,56,4
random,random_robot_187,10,6,1,SimpleHill,0-0,0,73,5-62,7-53;3-67;4-63;7-68;9-62;4-57,9-62,63,7
random,random_robot_187,10,6,1,SimpleHill,0-0,0,74,9-62,13-67;17-64;1-67;17-65;5-70;11-53,1-67,46,-17
random,random_robot_187,10,6,1,SimpleHill,0-0,0,75,1-67,6-63;2-58;4-66;5-63;0-68;10-69,0-68,43,-3
random,random_robot_187,10,6,1,SimpleHill,0-0,0,76,0-68,4-64;0-69;9-66;3-59;4-67;5-60,3-59,54,11
random,random_robot_187,10,6,1,SimpleHill,0-0,0,77,3-59,5-65;11-60;10-53;3-61;3-55;0-56,11-60,67,13
random,random_robot_187,10,6,1,SimpleHill,0-0,0,78,11-60,11-52;11-63;4-58;3-66;2-59;9-59,9-59,64,-3
random,random_robot_187,10,6,1,SimpleHill,0-0,0,79,9-59,1-65;7-55;11-64;9-59;4-57;6-53,11-64,65,1
