simulation_type,subj_id,sight_radius,n_gabors,block_ix,landscape_name,starting_pos,starting_score,trial,pos,stims,selected,score,delta
random,random_robot_124,10,6,1,SimpleHill,0-0,0,0,0-0,6-5;8-0;1-5;7-7;0-7;4-4,0-7,13,13
random,random_robot_124,10,6,1,SimpleHill,0-0,0,1,0-7,6-12;9-7;6-9;1-16;5-12;1-4,9-7,29,16
random,random_robot_124,10,6,1,SimpleHill,0-0,0,2,9-7,1-3;3-1;9-16;13-1;3-7;1-1,9-16,43,14
random,random_robot_124,10,6,1,SimpleHill,0-0,0,3,9-16,11-22;8-23;16-21;5-19;4-11;17-17,8-23,50,7
random,random_robot_124,10,6,1,SimpleHill,0-0,0,4,8-23,1-30;10-20;16-25;9-17;3-19;9-14,1-30,43,-7
random,random_robot_124,10,6,1,SimpleHill,0-0,0,5,1-30,0-28;7-28;2-36;4-27;7-34;3-39,7-34,57,14
random,random_robot_124,10,6,1,SimpleHill,0-0,0,6,7-34,2-32;12-26;8-39;14-33;9-29;5-32,9-29,57,0
random,random_robot_124,10,6,1,SimpleHill,0-0,0,7,9-29,7-22;17-35;3-27;18-25;6-37;16-22,6-37,57,0
random,random_robot_124,10,6,1,SimpleHill,0-0,0,8,6-37,6-41;6-36;7-42;5-28;5-34;8-43,8-43,63,6
random,random_robot_124,10,6,1,SimpleHill,0-0,0,9,8-43,7-36;11-44;9-46;3-46;11-34;13-50,13-50,72,9
random,random_robot_124,10,6,1,SimpleHill,0-0,0,10,13-50,20-47;12-55;13-59;22-47;19-51;14-59,19-51,80,8
random,random_robot_124,10,6,1,SimpleHill,0-0,0,11,19-51,11-55;16-46;25-44;21-52;16-49;16-55,21-52,83,3
random,random_robot_124,10,6,1,SimpleHill,0-0,0,12,21-52,29-57;26-46;15-56;15-53;19-56;25-55,26-46,88,5
random,random_robot_124,10,6,1,SimpleHill,0-0,0,13,26-46,27-55;35-48;25-39;29-39;21-54;27-37,27-55,88,0
random,random_robot_124,10,6,1,SimpleHill,0-0,0,14,27-55,27-49;33-52;28-57;32-50;21-56;36-55,27-49,89,1
random,random_robot_124,10,6,1,SimpleHill,0-0,0,15,27-49,22-48;25-49;31-52;31-56;35-46;31-55,25-49,87,-2
random,random_robot_124,10,6,1,SimpleHill,0-0,0,16,25-49,19-42;20-49;16-45;27-40;28-56;32-51,20-49,81,-6
random,random_robot_124,10,6,1,SimpleHill,0-0,0,17,20-49,27-56;18-41;12-54;29-47;15-42;13-54,27-56,88,7
random,random_robot_124,10,6,1,SimpleHill,0-0,0,18,27-56,27-53;21-63;31-48;36-60;32-58;21-50,31-48,92,4
random,random_robot_124,10,6,1,SimpleHill,0-0,0,19,31-48,37-48;23-45;26-41;37-54;40-50;35-54,26-41,86,-6
random,random_robot_124,10,6,1,SimpleHill,0-0,0,20,26-41,36-41;33-42;29-41;30-39;24-49;25-37,33-42,92,6
random,random_robot_124,10,6,1,SimpleHill,0-0,0,21,33-42,31-42;27-40;33-34;40-37;38-50;33-48,27-40,87,-5
random,random_robot_124,10,6,1,SimpleHill,0-0,0,22,27-40,28-33;28-47;32-46;21-48;24-46;27-49,28-47,90,3
random,random_robot_124,10,6,1,SimpleHill,0-0,0,23,28-47,23-44;24-43;31-54;36-53;34-45;26-41,26-41,86,-4
random,random_robot_124,10,6,1,SimpleHill,0-0,0,24,26-41,25-38;22-43;26-36;28-45;28-39;30-32,28-45,89,3
random,random_robot_124,10,6,1,SimpleHill,0-0,0,25,28-45,33-53;24-51;19-43;21-39;20-43;27-43,24-51,86,-3
random,random_robot_124,10,6,1,SimpleHill,0-0,0,26,24-51,25-44;19-51;28-55;33-49;29-45;32-53,19-51,80,-6
random,random_robot_124,10,6,1,SimpleHill,0-0,0,27,19-51,20-43;20-47;16-55;14-55;11-48;14-48,16-55,76,-4
random,random_robot_124,10,6,1,SimpleHill,0-0,0,28,16-55,16-48;22-61;22-59;13-52;8-56;12-64,8-56,64,-12
random,random_robot_124,10,6,1,SimpleHill,0-0,0,29,8-56,15-61;17-57;6-52;8-63;13-56;7-50,6-52,61,-3
random,random_robot_124,10,6,1,SimpleHill,0-0,0,30,6-52,11-46;10-46;3-48;0-50;7-54;4-57,10-46,67,6
random,random_robot_124,10,6,1,SimpleHill,0-0,0,31,10-46,11-43;3-45;10-46;13-55;19-42;18-44,13-55,72,5
random,random_robot_124,10,6,1,SimpleHill,0-0,0,32,13-55,19-57;5-59;18-60;21-51;7-52;20-62,20-62,79,7
random,random_robot_124,10,6,1,SimpleHill,0-0,0,33,20-62,17-60;15-68;13-67;11-59;20-64;19-56,17-60,76,-3
random,random_robot_124,10,6,1,SimpleHill,0-0,0,34,17-60,21-54;13-54;9-56;20-66;10-63;16-58,20-66,76,0
random,random_robot_124,10,6,1,SimpleHill,0-0,0,35,20-66,23-61;25-58;14-68;29-70;13-68;21-64,21-64,79,3
random,random_robot_124,10,6,1,SimpleHill,0-0,0,36,21-64,30-65;13-70;23-58;25-68;19-57;17-68,23-58,84,5
random,random_robot_124,10,6,1,SimpleHill,0-0,0,37,23-58,29-59;18-52;26-61;26-63;29-52;14-57,14-57,73,-11
random,random_robot_124,10,6,1,SimpleHill,0-0,0,38,14-57,22-53;23-56;20-54;15-65;19-54;21-51,22-53,84,11
random,random_robot_124,10,6,1,SimpleHill,0-0,0,39,22-53,23-46;21-53;30-48;14-53;26-55;26-61,23-46,85,1
random,random_robot_124,10,6,1,SimpleHill,0-0,0,40,23-46,17-47;19-44;15-47;27-38;30-42;23-55,30-42,90,5
random,random_robot_124,10,6,1,SimpleHill,0-0,0,41,30-42,28-35;27-51;35-49;24-38;22-46;31-42,27-51,89,-1
random,random_robot_124,10,6,1,SimpleHill,0-0,0,42,27-51,30-47;21-43;21-49;31-56;28-47;30-55,28-47,90,1
random,random_robot_124,10,6,1,SimpleHill,0-0,0,43,28-47,32-44;24-45;36-45;29-50;25-56;26-47,29-50,91,1
random,random_robot_124,10,6,1,SimpleHill,0-0,0,44,29-50,31-50;33-45;30-46;33-53;38-47;34-51,33-45,93,2
random,random_robot_124,10,6,1,SimpleHill,0-0,0,45,33-45,24-46;35-43;36-47;35-39;29-49;32-50,36-47,95,2
random,random_robot_124,10,6,1,SimpleHill,0-0,0,46,36-47,29-46;32-50;31-50;29-45;39-43;28-47,28-47,90,-5
random,random_robot_124,10,6,1,SimpleHill,0-0,0,47,28-47,31-42;31-39;36-43;25-45;23-45;25-48,36-43,95,5
random,random_robot_124,10,6,1,SimpleHill,0-0,0,48,36-43,40-52;40-48;27-39;43-48;35-45;40-46,40-52,97,2
random,random_robot_124,10,6,1,SimpleHill,0-0,0,49,40-52,41-54;42-55;45-58;37-52;33-47;35-59,41-54,98,1
random,random_robot_124,10,6,1,SimpleHill,0-0,0,50,41-54,45-56;40-60;46-53;36-58;34-57;42-51,34-57,93,-5
random,random_robot_124,10,6,1,SimpleHill,0-0,0,51,34-57,33-66;38-52;30-63;36-61;35-54;27-55,38-52,97,4
random,random_robot_124,10,6,1,SimpleHill,0-0,0,52,38-52,33-60;42-56;40-52;38-58;33-55;34-54,34-54,94,-3
random,random_robot_124,10,6,1,SimpleHill,0-0,0,53,34-54,26-48;30-59;38-49;36-48;43-55;30-57,38-49,97,3
random,random_robot_124,10,6,1,SimpleHill,0-0,0,54,38-49,43-49;42-42;39-40;32-44;30-43;36-53,30-43,91,-6
random,random_robot_124,10,6,1,SimpleHill,0-0,0,55,30-43,33-37;34-39;24-45;23-48;33-47;27-39,24-45,85,-6
random,random_robot_124,10,6,1,SimpleHill,0-0,0,56,24-45,18-51;22-44;18-43;26-49;27-42;20-46,27-42,88,3
random,random_robot_124,10,6,1,SimpleHill,0-0,0,57,27-42,24-46;34-35;30-41;34-47;23-50;24-49,30-41,90,2
random,random_robot_124,10,6,1,SimpleHill,0-0,0,58,30-41,33-50;37-47;27-39;33-37;29-46;22-44,37-47,96,6
random,random_robot_124,10,6,1,SimpleHill,0-0,0,59,37-47,34-48;31-45;40-42;36-50;31-51;35-49,35-49,95,-1
random,random_robot_124,10,6,1,SimpleHill,0-0,0,60,35-49,31-58;44-46;44-45;30-56;34-56;38-55,30-56,91,-4
random,random_robot_124,10,6,1,SimpleHill,0-0,0,61,30-56,33-48;32-52;32-60;22-55;38-56;24-64,38-56,96,5
random,random_robot_124,10,6,1,SimpleHill,0-0,0,62,38-56,35-61;46-62;40-48;34-54;39-49;33-53,39-49,97,1
random,random_robot_124,10,6,1,SimpleHill,0-0,0,63,39-49,47-43;36-49;43-49;47-50;39-59;31-52,47-43,98,1
random,random_robot_124,10,6,1,SimpleHill,0-0,0,64,47-43,49-45;46-46;43-50;47-49;43-37;40-39,46-46,99,1
random,random_robot_124,10,6,1,SimpleHill,0-0,0,65,46-46,45-55;46-44;37-45;49-46;37-46;51-42,45-55,99,0
random,random_robot_124,10,6,1,SimpleHill,0-0,0,66,45-55,43-62;37-53;53-57;49-61;37-57;50-53,37-53,96,-3
random,random_robot_124,10,6,1,SimpleHill,0-0,0,67,37-53,35-53;32-48;33-46;41-46;35-57;36-45,35-53,95,-1
random,random_robot_124,10,6,1,SimpleHill,0-0,0,68,35-53,39-48;36-46;41-61;41-55;43-50;35-58,35-58,94,-1
random,random_robot_124,10,6,1,SimpleHill,0-0,0,69,35-58,40-53;43-53;34-63;30-56;29-60;38-58,40-53,97,3
random,random_robot_124,10,6,1,SimpleHill,0-0,0,70,40-53,49-57;46-45;43-55;47-47;40-44;37-54,47-47,99,2
random,random_robot_124,10,6,1,SimpleHill,0-0,0,71,47-47,49-48;42-39;50-40;50-39;51-47;44-48,51-47,99,0
random,random_robot_124,10,6,1,SimpleHill,0-0,0,72,51-47,42-51;52-48;49-43;56-54;44-45;44-41,49-43,99,0
random,random_robot_124,10,6,1,SimpleHill,0-0,0,73,49-43,55-45;47-45;52-43;46-44;48-47;46-49,47-45,99,0
random,random_robot_124,10,6,1,SimpleHill,0-0,0,74,47-45,54-38;50-38;50-44;55-48;56-47;50-50,50-44,99,0
random,random_robot_124,10,6,1,SimpleHill,0-0,0,75,50-44,56-36;55-43;44-52;52-38;51-37;53-49,55-43,98,-1
random,random_robot_124,10,6,1,SimpleHill,0-0,0,76,55-43,54-35;52-47;54-34;51-45;50-47;62-48,51-45,99,1
random,random_robot_124,10,6,1,SimpleHill,0-0,0,77,51-45,45-38;55-43;45-43;51-45;51-53;44-50,45-38,96,-3
random,random_robot_124,10,6,1,SimpleHill,0-0,0,78,45-38,50-41;41-32;52-33;49-46;45-35;36-36,36-36,92,-4
random,random_robot_124,10,6,1,SimpleHill,0-0,0,79,36-36,31-37;35-43;37-37;28-30;28-41;36-30,28-30,82,-10
