simulation_type,subj_id,sight_radius,n_gabors,block_ix,landscape_name,starting_pos,starting_score,trial,pos,stims,selected,score,delta
random,random_robot_58,10,6,1,SimpleHill,0-0,0,0,0-0,7-3;3-7;5-3;2-8;2-5;3-2,2-8,18,18
random,random_robot_58,10,6,1,SimpleHill,0-0,0,1,2-8,3-15;11-4;4-15;7-6;10-8;11-11,3-15,31,13
random,random_robot_58,10,6,1,SimpleHill,0-0,0,2,3-15,9-21;2-12;8-7;1-10;0-11;13-15,2-12,25,-6
random,random_robot_58,10,6,1,SimpleHill,0-0,0,3,2-12,6-3;7-13;11-13;8-11;7-18;6-7,6-7,24,-1
random,random_robot_58,10,6,1,SimpleHill,0-0,0,4,6-7,8-8;9-13;2-10;6-8;5-2;6-7,6-8,26,2
random,random_robot_58,10,6,1,SimpleHill,0-0,0,5,6-8,0-15;12-0;12-8;7-4;4-8;9-15,4-8,22,-4
random,random_robot_58,10,6,1,SimpleHill,0-0,0,6,4-8,0-11;7-11;5-7;5-15;12-4;13-11,7-11,32,10
random,random_robot_58,10,6,1,SimpleHill,0-0,0,7,7-11,14-12;13-9;1-12;6-4;9-17;9-2,13-9,39,7
random,random_robot_58,10,6,1,SimpleHill,0-0,0,8,13-9,13-13;21-10;12-12;15-4;14-16;15-0,12-12,42,3
random,random_robot_58,10,6,1,SimpleHill,0-0,0,9,12-12,6-13;12-9;16-13;15-12;8-8;18-11,18-11,49,7
random,random_robot_58,10,6,1,SimpleHill,0-0,0,10,18-11,21-8;20-10;9-11;21-14;25-11;12-3,21-8,47,-2
random,random_robot_58,10,6,1,SimpleHill,0-0,0,11,21-8,28-5;24-11;20-15;23-7;24-0;27-15,24-0,36,-11
random,random_robot_58,10,6,1,SimpleHill,0-0,0,12,24-0,29-1;29-2;25-1;32-0;24-10;30-0,24-10,54,18
random,random_robot_58,10,6,1,SimpleHill,0-0,0,13,24-10,28-8;20-7;32-5;29-9;15-7;15-8,32-5,53,-1
random,random_robot_58,10,6,1,SimpleHill,0-0,0,14,32-5,39-2;31-11;34-5;41-5;35-9;38-2,35-9,61,8
random,random_robot_58,10,6,1,SimpleHill,0-0,0,15,35-9,28-16;29-12;33-7;35-15;31-5;37-4,33-7,57,-4
random,random_robot_58,10,6,1,SimpleHill,0-0,0,16,33-7,34-9;29-8;31-1;33-6;34-0;30-15,34-9,61,4
random,random_robot_58,10,6,1,SimpleHill,0-0,0,17,34-9,35-6;26-4;35-13;28-7;41-15;31-14,28-7,53,-8
random,random_robot_58,10,6,1,SimpleHill,0-0,0,18,28-7,35-2;26-8;34-3;28-0;34-15;36-5,28-0,40,-13
random,random_robot_58,10,6,1,SimpleHill,0-0,0,19,28-0,34-1;35-0;31-5;29-6;31-6;30-4,31-6,54,14
random,random_robot_58,10,6,1,SimpleHill,0-0,0,20,31-6,38-3;23-3;23-5;38-12;36-3;28-12,36-3,51,-3
random,random_robot_58,10,6,1,SimpleHill,0-0,0,21,36-3,31-10;30-8;30-1;32-12;28-1;42-8,31-10,60,9
random,random_robot_58,10,6,1,SimpleHill,0-0,0,22,31-10,22-6;25-12;26-5;31-9;32-2;33-11,25-12,58,-2
random,random_robot_58,10,6,1,SimpleHill,0-0,0,23,25-12,29-3;34-12;22-15;27-5;19-12;29-11,34-12,66,8
random,random_robot_58,10,6,1,SimpleHill,0-0,0,24,34-12,34-2;28-10;36-8;36-10;31-10;31-3,31-3,48,-18
random,random_robot_58,10,6,1,SimpleHill,0-0,0,25,31-3,26-10;35-4;26-2;25-5;32-9;23-7,26-10,56,8
random,random_robot_58,10,6,1,SimpleHill,0-0,0,26,26-10,22-3;31-4;23-17;33-5;18-5;22-5,33-5,53,-3
random,random_robot_58,10,6,1,SimpleHill,0-0,0,27,33-5,29-10;24-3;36-11;32-0;39-6;26-9,29-10,59,6
random,random_robot_58,10,6,1,SimpleHill,0-0,0,28,29-10,28-14;31-14;22-10;24-2;38-12;26-18,22-10,52,-7
random,random_robot_58,10,6,1,SimpleHill,0-0,0,29,22-10,24-9;25-18;21-4;23-9;21-14;13-8,13-8,37,-15
random,random_robot_58,10,6,1,SimpleHill,0-0,0,30,13-8,18-7;12-11;9-7;13-18;13-2;20-11,9-7,29,-8
random,random_robot_58,10,6,1,SimpleHill,0-0,0,31,9-7,9-6;7-5;10-0;8-5;5-7;1-11,10-0,18,-11
random,random_robot_58,10,6,1,SimpleHill,0-0,0,32,10-0,19-3;16-3;8-1;14-4;13-1;6-9,13-1,24,6
random,random_robot_58,10,6,1,SimpleHill,0-0,0,33,13-1,10-7;22-5;12-7;4-1;7-1;5-3,12-7,34,10
random,random_robot_58,10,6,1,SimpleHill,0-0,0,34,12-7,13-9;14-7;8-4;10-7;19-12;8-9,10-7,31,-3
random,random_robot_58,10,6,1,SimpleHill,0-0,0,35,10-7,17-6;11-14;12-8;1-6;12-2;6-12,1-6,13,-18
random,random_robot_58,10,6,1,SimpleHill,0-0,0,36,1-6,2-2;5-3;7-6;4-11;2-9;9-7,2-2,7,-6
random,random_robot_58,10,6,1,SimpleHill,0-0,0,37,2-2,2-10;2-4;5-5;3-6;0-1;5-6,5-6,20,13
random,random_robot_58,10,6,1,SimpleHill,0-0,0,38,5-6,5-2;4-4;3-10;10-14;6-7;9-9,10-14,42,22
random,random_robot_58,10,6,1,SimpleHill,0-0,0,39,10-14,3-16;4-6;11-12;13-12;3-15;3-13,13-12,43,1
random,random_robot_58,10,6,1,SimpleHill,0-0,0,40,13-12,7-20;13-3;13-14;22-11;17-8;18-11,22-11,53,10
random,random_robot_58,10,6,1,SimpleHill,0-0,0,41,22-11,15-14;28-3;22-19;13-14;23-16;22-10,13-14,46,-7
random,random_robot_58,10,6,1,SimpleHill,0-0,0,42,13-14,9-14;10-7;8-13;5-19;8-14;13-24,10-7,31,-15
random,random_robot_58,10,6,1,SimpleHill,0-0,0,43,10-7,9-12;10-13;6-14;7-16;6-9;17-7,10-13,40,9
random,random_robot_58,10,6,1,SimpleHill,0-0,0,44,10-13,6-7;4-13;14-16;7-9;10-9;11-12,4-13,30,-10
random,random_robot_58,10,6,1,SimpleHill,0-0,0,45,4-13,13-10;7-6;7-12;7-9;6-22;3-5,6-22,45,15
random,random_robot_58,10,6,1,SimpleHill,0-0,0,46,6-22,11-16;12-25;10-22;15-25;6-18;12-19,10-22,52,7
random,random_robot_58,10,6,1,SimpleHill,0-0,0,47,10-22,15-20;7-19;9-22;12-24;4-30;11-13,11-13,42,-10
random,random_robot_58,10,6,1,SimpleHill,0-0,0,48,11-13,6-21;11-7;19-9;6-10;8-13;12-10,6-10,29,-13
random,random_robot_58,10,6,1,SimpleHill,0-0,0,49,6-10,7-1;1-18;9-12;5-14;6-8;11-6,1-18,31,2
random,random_robot_58,10,6,1,SimpleHill,0-0,0,50,1-18,4-27;2-26;2-16;4-9;3-23;9-20,2-16,30,-1
random,random_robot_58,10,6,1,SimpleHill,0-0,0,51,2-16,0-25;2-8;3-17;1-7;8-9;6-12,0-25,37,7
random,random_robot_58,10,6,1,SimpleHill,0-0,0,52,0-25,1-33;4-21;2-17;4-17;8-28;1-29,4-21,40,3
random,random_robot_58,10,6,1,SimpleHill,0-0,0,53,4-21,3-17;1-14;9-16;10-19;9-27;0-21,3-17,34,-6
random,random_robot_58,10,6,1,SimpleHill,0-0,0,54,3-17,3-12;9-22;11-21;2-10;0-18;0-9,0-9,16,-18
random,random_robot_58,10,6,1,SimpleHill,0-0,0,55,0-9,1-1;5-2;0-16;0-0;7-10;2-12,0-0,0,-16
random,random_robot_58,10,6,1,SimpleHill,0-0,0,56,0-0,10-0;0-1;0-9;1-9;2-5;2-1,2-1,5,5
random,random_robot_58,10,6,1,SimpleHill,0-0,0,57,2-1,9-6;3-1;2-2;3-4;0-8;3-9,3-1,7,2
random,random_robot_58,10,6,1,SimpleHill,0-0,0,58,3-1,6-5;10-7;9-2;1-10;2-7;2-0,1-10,19,12
random,random_robot_58,10,6,1,SimpleHill,0-0,0,59,1-10,8-7;7-8;6-6;7-16;0-5;2-19,8-7,27,8
random,random_robot_58,10,6,1,SimpleHill,0-0,0,60,8-7,18-7;5-0;5-1;10-12;10-7;16-9,10-7,31,4
random,random_robot_58,10,6,1,SimpleHill,0-0,0,61,10-7,7-6;17-12;8-3;13-15;15-7;2-3,15-7,38,7
random,random_robot_58,10,6,1,SimpleHill,0-0,0,62,15-7,17-3;12-7;6-10;7-7;22-12;9-10,6-10,29,-9
random,random_robot_58,10,6,1,SimpleHill,0-0,0,63,6-10,7-7;15-8;14-7;9-3;8-15;8-1,8-1,16,-13
random,random_robot_58,10,6,1,SimpleHill,0-0,0,64,8-1,9-8;1-0;17-5;11-1;0-6;6-7,1-0,1,-15
random,random_robot_58,10,6,1,SimpleHill,0-0,0,65,1-0,9-0;5-8;11-0;1-0;6-6;0-3,0-3,5,4
random,random_robot_58,10,6,1,SimpleHill,0-0,0,66,0-3,8-2;3-5;5-4;1-6;0-9;4-4,5-4,17,12
random,random_robot_58,10,6,1,SimpleHill,0-0,0,67,5-4,5-6;1-7;6-8;0-10;12-8;5-1,1-7,15,-2
random,random_robot_58,10,6,1,SimpleHill,0-0,0,68,1-7,2-0;1-11;2-9;9-11;0-4;0-7,9-11,35,20
random,random_robot_58,10,6,1,SimpleHill,0-0,0,69,9-11,9-13;9-14;12-14;5-5;7-12;3-11,9-14,40,5
random,random_robot_58,10,6,1,SimpleHill,0-0,0,70,9-14,17-16;8-10;18-16;9-7;12-19;4-15,4-15,33,-7
random,random_robot_58,10,6,1,SimpleHill,0-0,0,71,4-15,4-12;4-22;3-19;10-22;2-17;10-12,3-19,36,3
random,random_robot_58,10,6,1,SimpleHill,0-0,0,72,3-19,6-14;6-10;0-11;9-19;3-21;10-22,9-19,47,11
random,random_robot_58,10,6,1,SimpleHill,0-0,0,73,9-19,13-28;1-20;7-25;6-27;0-15;12-21,1-20,33,-14
random,random_robot_58,10,6,1,SimpleHill,0-0,0,74,1-20,2-17;0-29;2-12;4-19;4-29;0-27,0-27,39,6
random,random_robot_58,10,6,1,SimpleHill,0-0,0,75,0-27,0-25;1-28;2-34;4-33;4-18;2-31,2-34,48,9
random,random_robot_58,10,6,1,SimpleHill,0-0,0,76,2-34,3-38;9-35;4-32;9-31;6-32;6-33,6-32,54,6
random,random_robot_58,10,6,1,SimpleHill,0-0,0,77,6-32,5-26;12-34;9-33;7-35;12-40;9-29,9-29,57,3
random,random_robot_58,10,6,1,SimpleHill,0-0,0,78,9-29,10-30;7-34;15-35;14-28;3-31;13-29,10-30,60,3
random,random_robot_58,10,6,1,SimpleHill,0-0,0,79,10-30,5-27;18-34;2-30;9-21;19-27;16-36,16-36,72,12
