simulation_type,subj_id,sight_radius,n_gabors,block_ix,landscape_name,starting_pos,starting_score,trial,pos,stims,selected,score,delta
random,random_robot_97,10,6,1,SimpleHill,0-0,0,0,0-0,8-2;1-0;3-3;3-0;0-1;2-3,3-3,11,11
random,random_robot_97,10,6,1,SimpleHill,0-0,0,1,3-3,3-4;3-13;11-0;3-7;9-4;1-7,3-7,18,7
random,random_robot_97,10,6,1,SimpleHill,0-0,0,2,3-7,8-15;7-14;1-9;6-11;3-15;5-10,7-14,37,19
random,random_robot_97,10,6,1,SimpleHill,0-0,0,3,7-14,11-11;16-12;2-13;7-19;13-19;5-20,7-19,43,6
random,random_robot_97,10,6,1,SimpleHill,0-0,0,4,7-19,7-17;3-18;3-15;8-19;4-28;10-23,10-23,53,10
random,random_robot_97,10,6,1,SimpleHill,0-0,0,5,10-23,8-30;11-25;8-32;15-26;1-26;7-20,1-26,40,-13
random,random_robot_97,10,6,1,SimpleHill,0-0,0,6,1-26,2-23;2-30;6-20;3-24;8-33;5-17,3-24,42,2
random,random_robot_97,10,6,1,SimpleHill,0-0,0,7,3-24,4-18;1-23;5-33;1-18;5-21;10-31,10-31,60,18
random,random_robot_97,10,6,1,SimpleHill,0-0,0,8,10-31,7-39;12-24;1-30;10-24;12-34;11-27,12-34,66,6
random,random_robot_97,10,6,1,SimpleHill,0-0,0,9,12-34,10-42;18-34;8-34;12-35;5-37;8-30,10-42,66,0
random,random_robot_97,10,6,1,SimpleHill,0-0,0,10,10-42,10-33;1-46;18-44;8-49;10-35;16-50,18-44,78,12
random,random_robot_97,10,6,1,SimpleHill,0-0,0,11,18-44,27-41;14-36;13-42;13-36;12-36;14-47,14-47,73,-5
random,random_robot_97,10,6,1,SimpleHill,0-0,0,12,14-47,12-39;17-40;7-45;13-39;22-52;10-55,13-39,70,-3
random,random_robot_97,10,6,1,SimpleHill,0-0,0,13,13-39,11-40;7-35;17-40;11-37;13-47;17-43,13-47,72,2
random,random_robot_97,10,6,1,SimpleHill,0-0,0,14,13-47,13-42;20-51;10-43;10-45;13-56;15-43,15-43,74,2
random,random_robot_97,10,6,1,SimpleHill,0-0,0,15,15-43,13-38;21-51;10-36;18-36;20-35;17-45,20-35,77,3
random,random_robot_97,10,6,1,SimpleHill,0-0,0,16,20-35,22-31;24-30;15-38;20-28;16-30;12-39,16-30,68,-9
random,random_robot_97,10,6,1,SimpleHill,0-0,0,17,16-30,15-24;17-31;24-28;24-36;18-35;23-31,18-35,75,7
random,random_robot_97,10,6,1,SimpleHill,0-0,0,18,18-35,13-31;23-38;21-26;10-38;24-36;15-30,24-36,82,7
random,random_robot_97,10,6,1,SimpleHill,0-0,0,19,24-36,28-44;20-35;28-30;25-28;28-45;32-34,25-28,77,-5
random,random_robot_97,10,6,1,SimpleHill,0-0,0,20,25-28,32-30;32-23;23-33;16-27;34-25;23-30,23-30,77,0
random,random_robot_97,10,6,1,SimpleHill,0-0,0,21,23-30,22-35;31-27;24-27;29-31;24-34;23-32,23-32,78,1
random,random_robot_97,10,6,1,SimpleHill,0-0,0,22,23-32,21-31;27-26;21-23;32-30;27-41;23-29,21-31,75,-3
random,random_robot_97,10,6,1,SimpleHill,0-0,0,23,21-31,15-32;18-26;29-25;26-37;27-24;15-29,27-24,75,0
random,random_robot_97,10,6,1,SimpleHill,0-0,0,24,27-24,27-32;24-27;24-23;21-27;33-22;20-27,27-32,82,7
random,random_robot_97,10,6,1,SimpleHill,0-0,0,25,27-32,28-31;29-28;34-37;23-36;32-35;20-31,34-37,91,9
random,random_robot_97,10,6,1,SimpleHill,0-0,0,26,34-37,35-31;30-36;40-45;37-36;28-38;42-33,37-36,92,1
random,random_robot_97,10,6,1,SimpleHill,0-0,0,27,37-36,37-40;31-28;35-45;38-28;36-40;41-39,38-28,87,-5
random,random_robot_97,10,6,1,SimpleHill,0-0,0,28,38-28,43-24;33-24;41-30;38-35;32-33;42-28,43-24,85,-2
random,random_robot_97,10,6,1,SimpleHill,0-0,0,29,43-24,48-18;43-32;38-27;44-21;37-18;46-31,43-32,92,7
random,random_robot_97,10,6,1,SimpleHill,0-0,0,30,43-32,34-32;48-28;49-28;50-27;51-27;52-32,48-28,90,-2
random,random_robot_97,10,6,1,SimpleHill,0-0,0,31,48-28,46-28;50-26;42-31;54-35;52-22;40-34,46-28,90,0
random,random_robot_97,10,6,1,SimpleHill,0-0,0,32,46-28,49-29;45-28;41-31;56-28;51-28;52-33,51-28,90,0
random,random_robot_97,10,6,1,SimpleHill,0-0,0,33,51-28,46-22;55-30;49-34;50-22;47-21;49-27,50-22,84,-6
random,random_robot_97,10,6,1,SimpleHill,0-0,0,34,50-22,41-23;48-17;56-17;58-25;48-15;44-19,44-19,80,-4
random,random_robot_97,10,6,1,SimpleHill,0-0,0,35,44-19,38-12;49-11;51-17;48-26;50-22;40-19,49-11,69,-11
random,random_robot_97,10,6,1,SimpleHill,0-0,0,36,49-11,45-12;45-9;45-11;55-11;55-5;47-14,47-14,73,4
random,random_robot_97,10,6,1,SimpleHill,0-0,0,37,47-14,44-5;47-4;50-23;52-22;51-19;52-17,44-5,58,-15
random,random_robot_97,10,6,1,SimpleHill,0-0,0,38,44-5,37-4;44-10;54-5;38-1;41-6;39-0,38-1,49,-9
random,random_robot_97,10,6,1,SimpleHill,0-0,0,39,38-1,43-8;38-8;29-1;34-0;46-5;44-1,46-5,59,10
random,random_robot_97,10,6,1,SimpleHill,0-0,0,40,46-5,47-8;40-10;48-12;51-2;37-9;54-0,51-2,53,-6
random,random_robot_97,10,6,1,SimpleHill,0-0,0,41,51-2,55-8;59-1;48-10;56-0;58-8;43-6,58-8,63,10
random,random_robot_97,10,6,1,SimpleHill,0-0,0,42,58-8,53-10;56-6;62-7;54-5;66-12;65-15,62-7,60,-3
random,random_robot_97,10,6,1,SimpleHill,0-0,0,43,62-7,62-10;56-6;63-3;55-11;57-3;66-14,57-3,54,-6
random,random_robot_97,10,6,1,SimpleHill,0-0,0,44,57-3,52-4;53-9;65-9;51-6;56-8;50-1,50-1,51,-3
random,random_robot_97,10,6,1,SimpleHill,0-0,0,45,50-1,45-3;51-6;56-4;50-4;56-3;43-4,56-4,56,5
random,random_robot_97,10,6,1,SimpleHill,0-0,0,46,56-4,62-10;51-0;64-0;58-7;50-7;64-3,51-0,49,-7
random,random_robot_97,10,6,1,SimpleHill,0-0,0,47,51-0,54-8;48-8;50-4;45-5;43-2;48-2,48-8,64,15
random,random_robot_97,10,6,1,SimpleHill,0-0,0,48,48-8,56-2;45-13;50-11;44-14;43-8;56-13,56-13,71,7
random,random_robot_97,10,6,1,SimpleHill,0-0,0,49,56-13,49-8;57-20;61-10;52-8;64-16;61-19,57-20,81,10
random,random_robot_97,10,6,1,SimpleHill,0-0,0,50,57-20,64-18;60-14;51-18;63-16;50-20;51-13,60-14,72,-9
random,random_robot_97,10,6,1,SimpleHill,0-0,0,51,60-14,54-10;63-22;62-19;64-9;65-12;67-15,65-12,66,-6
random,random_robot_97,10,6,1,SimpleHill,0-0,0,52,65-12,66-5;68-19;63-19;64-13;56-15;57-17,66-5,54,-12
random,random_robot_97,10,6,1,SimpleHill,0-0,0,53,66-5,65-13;65-9;66-0;62-13;63-10;58-3,62-13,69,15
random,random_robot_97,10,6,1,SimpleHill,0-0,0,54,62-13,60-19;53-16;67-21;62-5;70-9;67-9,67-21,77,8
random,random_robot_97,10,6,1,SimpleHill,0-0,0,55,67-21,59-24;58-22;59-15;61-26;70-12;59-16,61-26,86,9
random,random_robot_97,10,6,1,SimpleHill,0-0,0,56,61-26,54-30;56-34;55-19;58-22;67-26;63-21,67-26,82,-4
random,random_robot_97,10,6,1,SimpleHill,0-0,0,57,67-26,65-34;69-31;62-26;63-32;60-21;61-25,65-34,90,8
random,random_robot_97,10,6,1,SimpleHill,0-0,0,58,65-34,63-40;61-40;65-29;68-27;61-43;56-31,61-40,95,5
random,random_robot_97,10,6,1,SimpleHill,0-0,0,59,61-40,65-34;59-35;67-44;63-41;59-42;58-37,58-37,95,0
random,random_robot_97,10,6,1,SimpleHill,0-0,0,60,58-37,62-46;61-35;51-42;52-44;57-43;56-39,52-44,99,4
random,random_robot_97,10,6,1,SimpleHill,0-0,0,61,52-44,55-50;51-48;49-37;58-41;54-48;51-42,55-50,99,0
random,random_robot_97,10,6,1,SimpleHill,0-0,0,62,55-50,58-57;56-50;53-57;58-50;61-42;46-51,58-57,97,-2
random,random_robot_97,10,6,1,SimpleHill,0-0,0,63,58-57,58-55;56-50;51-55;53-51;61-56;59-48,59-48,98,1
random,random_robot_97,10,6,1,SimpleHill,0-0,0,64,59-48,57-47;64-40;53-41;61-54;58-52;56-46,53-41,98,0
random,random_robot_97,10,6,1,SimpleHill,0-0,0,65,53-41,44-45;56-43;49-34;56-44;56-40;52-49,56-43,98,0
random,random_robot_97,10,6,1,SimpleHill,0-0,0,66,56-43,60-34;61-36;50-50;53-37;64-48;65-46,53-37,96,-2
random,random_robot_97,10,6,1,SimpleHill,0-0,0,67,53-37,61-34;45-41;51-41;44-34;55-30;48-45,45-41,97,1
random,random_robot_97,10,6,1,SimpleHill,0-0,0,68,45-41,37-36;51-36;45-44;47-41;39-38;54-44,45-44,98,1
random,random_robot_97,10,6,1,SimpleHill,0-0,0,69,45-44,44-42;45-51;37-46;51-45;49-43;43-35,49-43,99,1
random,random_robot_97,10,6,1,SimpleHill,0-0,0,70,49-43,42-44;45-41;51-48;51-49;57-45;54-51,42-44,98,-1
random,random_robot_97,10,6,1,SimpleHill,0-0,0,71,42-44,43-51;43-47;47-38;48-43;51-44;51-48,47-38,96,-2
random,random_robot_97,10,6,1,SimpleHill,0-0,0,72,47-38,50-29;44-32;45-47;57-38;55-43;49-32,49-32,93,-3
random,random_robot_97,10,6,1,SimpleHill,0-0,0,73,49-32,54-35;45-35;53-33;53-35;58-32;56-37,54-35,95,2
random,random_robot_97,10,6,1,SimpleHill,0-0,0,74,54-35,45-32;55-27;56-28;59-40;57-28;52-27,52-27,89,-6
random,random_robot_97,10,6,1,SimpleHill,0-0,0,75,52-27,46-23;49-32;61-26;47-21;60-24;58-20,58-20,80,-9
random,random_robot_97,10,6,1,SimpleHill,0-0,0,76,58-20,64-15;56-11;66-16;58-17;57-26;49-17,66-16,71,-9
random,random_robot_97,10,6,1,SimpleHill,0-0,0,77,66-16,70-12;68-11;63-15;58-17;57-13;70-8,70-8,56,-15
random,random_robot_97,10,6,1,SimpleHill,0-0,0,78,70-8,70-14;70-2;66-3;67-10;66-12;63-13,66-3,50,-6
random,random_robot_97,10,6,1,SimpleHill,0-0,0,79,66-3,60-1;60-9;60-11;70-1;57-2;58-4,60-9,64,14
