simulation_type,subj_id,sight_radius,n_gabors,block_ix,landscape_name,starting_pos,starting_score,trial,pos,stims,selected,score,delta
random,random_robot_86,10,6,1,SimpleHill,0-0,0,0,0-0,2-4;3-7;5-6;0-6;2-0;7-7,2-0,3,3
random,random_robot_86,10,6,1,SimpleHill,0-0,0,1,2-0,5-8;5-1;3-3;3-6;3-1;8-6,5-8,24,21
random,random_robot_86,10,6,1,SimpleHill,0-0,0,2,5-8,5-14;4-15;5-12;0-0;0-12;0-1,0-12,21,-3
random,random_robot_86,10,6,1,SimpleHill,0-0,0,3,0-12,3-4;3-12;10-12;8-12;6-18;1-8,6-18,40,19
random,random_robot_86,10,6,1,SimpleHill,0-0,0,4,6-18,15-21;12-20;1-24;7-20;7-11;2-9,7-20,45,5
random,random_robot_86,10,6,1,SimpleHill,0-0,0,5,7-20,7-21;9-25;4-15;8-12;14-13;2-12,7-21,46,1
random,random_robot_86,10,6,1,SimpleHill,0-0,0,6,7-21,13-29;4-16;15-18;2-23;11-14;13-17,4-16,34,-12
random,random_robot_86,10,6,1,SimpleHill,0-0,0,7,4-16,3-20;8-22;4-9;6-20;0-11;11-14,6-20,43,9
random,random_robot_86,10,6,1,SimpleHill,0-0,0,8,6-20,2-11;12-20;9-22;13-13;15-17;4-25,12-20,53,10
random,random_robot_86,10,6,1,SimpleHill,0-0,0,9,12-20,21-19;14-24;7-27;20-17;17-19;10-11,17-19,59,6
random,random_robot_86,10,6,1,SimpleHill,0-0,0,10,17-19,17-11;7-19;14-13;24-21;13-27;8-21,7-19,43,-16
random,random_robot_86,10,6,1,SimpleHill,0-0,0,11,7-19,13-25;8-20;0-19;11-28;9-15;4-25,4-25,45,2
random,random_robot_86,10,6,1,SimpleHill,0-0,0,12,4-25,7-25;4-34;13-22;10-18;11-22;0-33,4-34,52,7
random,random_robot_86,10,6,1,SimpleHill,0-0,0,13,4-34,8-35;3-37;7-26;1-30;4-33;1-32,7-26,51,-1
random,random_robot_86,10,6,1,SimpleHill,0-0,0,14,7-26,5-35;9-32;10-34;3-32;2-26;0-19,0-19,30,-21
random,random_robot_86,10,6,1,SimpleHill,0-0,0,15,0-19,6-11;4-13;6-15;5-18;5-11;1-17,6-11,30,0
random,random_robot_86,10,6,1,SimpleHill,0-0,0,16,6-11,4-3;8-2;14-10;2-8;8-11;5-4,8-2,18,-12
random,random_robot_86,10,6,1,SimpleHill,0-0,0,17,8-2,1-8;0-2;14-0;16-4;17-2;0-1,17-2,32,14
random,random_robot_86,10,6,1,SimpleHill,0-0,0,18,17-2,16-11;20-0;26-3;15-6;24-6;16-6,24-6,47,15
random,random_robot_86,10,6,1,SimpleHill,0-0,0,19,24-6,25-10;19-12;24-7;18-0;20-15;19-8,19-8,45,-2
random,random_robot_86,10,6,1,SimpleHill,0-0,0,20,19-8,15-9;22-15;17-15;16-13;16-3;18-1,16-3,32,-13
random,random_robot_86,10,6,1,SimpleHill,0-0,0,21,16-3,23-9;12-5;20-0;11-7;18-1;10-0,20-0,32,0
random,random_robot_86,10,6,1,SimpleHill,0-0,0,22,20-0,27-4;14-1;14-0;26-0;12-3;11-1,12-3,26,-6
random,random_robot_86,10,6,1,SimpleHill,0-0,0,23,12-3,16-8;7-0;14-7;3-3;13-12;11-6,7-0,13,-13
random,random_robot_86,10,6,1,SimpleHill,0-0,0,24,7-0,11-8;10-0;6-1;8-5;14-5;9-8,11-8,34,21
random,random_robot_86,10,6,1,SimpleHill,0-0,0,25,11-8,16-4;6-0;11-17;9-14;12-12;5-4,5-4,17,-17
random,random_robot_86,10,6,1,SimpleHill,0-0,0,26,5-4,12-7;3-6;10-3;1-5;8-7;6-6,12-7,34,17
random,random_robot_86,10,6,1,SimpleHill,0-0,0,27,12-7,16-15;19-13;18-0;5-3;3-6;8-3,8-3,20,-14
random,random_robot_86,10,6,1,SimpleHill,0-0,0,28,8-3,12-8;10-3;16-5;10-12;15-5;7-2,12-8,35,15
random,random_robot_86,10,6,1,SimpleHill,0-0,0,29,12-8,13-5;12-14;19-1;6-16;13-13;9-10,13-5,32,-3
random,random_robot_86,10,6,1,SimpleHill,0-0,0,30,13-5,6-2;21-11;4-1;16-9;17-6;19-0,16-9,43,11
random,random_robot_86,10,6,1,SimpleHill,0-0,0,31,16-9,13-15;19-16;22-12;9-5;20-6;22-13,22-12,55,12
random,random_robot_86,10,6,1,SimpleHill,0-0,0,32,22-12,30-16;16-18;20-9;31-11;18-18;21-19,20-9,48,-7
random,random_robot_86,10,6,1,SimpleHill,0-0,0,33,20-9,12-12;15-3;26-9;18-18;22-18;13-16,15-3,31,-17
random,random_robot_86,10,6,1,SimpleHill,0-0,0,34,15-3,13-7;19-2;20-0;15-10;19-1;16-7,15-10,43,12
random,random_robot_86,10,6,1,SimpleHill,0-0,0,35,15-10,19-5;12-13;6-10;10-8;24-11;13-7,10-8,32,-11
random,random_robot_86,10,6,1,SimpleHill,0-0,0,36,10-8,6-2;14-16;7-6;9-2;13-4;8-5,14-16,50,18
random,random_robot_86,10,6,1,SimpleHill,0-0,0,37,14-16,11-24;11-9;10-21;6-16;12-16;17-14,12-16,48,-2
random,random_robot_86,10,6,1,SimpleHill,0-0,0,38,12-16,14-15;6-24;13-7;18-13;17-12;11-17,13-7,35,-13
random,random_robot_86,10,6,1,SimpleHill,0-0,0,39,13-7,18-2;14-13;17-11;10-0;6-3;17-10,17-10,46,11
random,random_robot_86,10,6,1,SimpleHill,0-0,0,40,17-10,16-1;9-11;17-19;17-12;13-12;19-13,19-13,53,7
random,random_robot_86,10,6,1,SimpleHill,0-0,0,41,19-13,24-15;27-11;27-14;20-15;22-20;18-10,18-10,47,-6
random,random_robot_86,10,6,1,SimpleHill,0-0,0,42,18-10,21-5;23-9;10-15;10-12;24-13;9-7,10-12,39,-8
random,random_robot_86,10,6,1,SimpleHill,0-0,0,43,10-12,3-11;10-6;13-12;5-10;3-6;10-17,10-6,29,-10
random,random_robot_86,10,6,1,SimpleHill,0-0,0,44,10-6,12-1;11-6;5-12;9-7;14-2;1-4,1-4,9,-20
random,random_robot_86,10,6,1,SimpleHill,0-0,0,45,1-4,2-6;3-10;7-6;0-10;8-7;9-0,9-0,16,7
random,random_robot_86,10,6,1,SimpleHill,0-0,0,46,9-0,14-5;12-9;5-2;2-1;4-7;1-0,12-9,37,21
random,random_robot_86,10,6,1,SimpleHill,0-0,0,47,12-9,15-17;13-2;15-11;4-4;21-12;14-17,15-11,45,8
random,random_robot_86,10,6,1,SimpleHill,0-0,0,48,15-11,17-16;20-11;17-20;18-15;11-11;9-19,20-11,51,6
random,random_robot_86,10,6,1,SimpleHill,0-0,0,49,20-11,12-9;23-8;26-11;27-8;14-11;23-17,14-11,43,-8
random,random_robot_86,10,6,1,SimpleHill,0-0,0,50,14-11,7-6;6-14;12-15;11-4;7-11;9-10,9-10,34,-9
random,random_robot_86,10,6,1,SimpleHill,0-0,0,51,9-10,2-15;4-17;6-9;9-16;4-6;10-2,6-9,27,-7
random,random_robot_86,10,6,1,SimpleHill,0-0,0,52,6-9,11-17;11-12;16-9;0-8;2-13;5-7,16-9,43,16
random,random_robot_86,10,6,1,SimpleHill,0-0,0,53,16-9,16-15;20-4;15-9;11-2;16-9;10-9,15-9,41,-2
random,random_robot_86,10,6,1,SimpleHill,0-0,0,54,15-9,23-13;13-9;21-14;17-18;13-11;24-8,13-11,42,1
random,random_robot_86,10,6,1,SimpleHill,0-0,0,55,13-11,7-5;9-7;23-11;14-11;12-15;7-13,7-5,22,-20
random,random_robot_86,10,6,1,SimpleHill,0-0,0,56,7-5,7-1;6-3;15-7;12-6;10-6;1-13,10-6,29,7
random,random_robot_86,10,6,1,SimpleHill,0-0,0,57,10-6,4-5;4-8;8-8;17-13;7-4;12-5,17-13,50,21
random,random_robot_86,10,6,1,SimpleHill,0-0,0,58,17-13,11-12;13-20;19-17;9-19;12-16;20-21,9-19,47,-3
random,random_robot_86,10,6,1,SimpleHill,0-0,0,59,9-19,1-15;13-22;11-19;7-23;13-11;14-13,11-19,50,3
random,random_robot_86,10,6,1,SimpleHill,0-0,0,60,11-19,12-28;10-28;20-22;1-19;21-19;13-28,10-28,58,8
random,random_robot_86,10,6,1,SimpleHill,0-0,0,61,10-28,10-22;19-30;18-22;13-23;6-32;7-20,18-22,63,5
random,random_robot_86,10,6,1,SimpleHill,0-0,0,62,18-22,21-22;15-30;18-19;15-25;13-28;19-17,21-22,67,4
random,random_robot_86,10,6,1,SimpleHill,0-0,0,63,21-22,17-30;17-13;24-25;16-21;18-19;21-13,24-25,73,6
random,random_robot_86,10,6,1,SimpleHill,0-0,0,64,24-25,19-32;30-33;14-25;27-22;30-32;22-26,22-26,72,-1
random,random_robot_86,10,6,1,SimpleHill,0-0,0,65,22-26,16-27;26-25;26-17;14-23;25-26;31-24,25-26,75,3
random,random_robot_86,10,6,1,SimpleHill,0-0,0,66,25-26,31-22;25-34;18-19;22-21;32-24;19-23,31-22,77,2
random,random_robot_86,10,6,1,SimpleHill,0-0,0,67,31-22,31-22;30-13;30-22;28-25;37-19;22-21,37-19,77,0
random,random_robot_86,10,6,1,SimpleHill,0-0,0,68,37-19,37-24;45-20;35-24;38-14;29-23;37-13,45-20,81,4
random,random_robot_86,10,6,1,SimpleHill,0-0,0,69,45-20,49-18;49-25;53-23;47-29;38-14;46-22,53-23,85,4
random,random_robot_86,10,6,1,SimpleHill,0-0,0,70,53-23,57-29;52-27;56-25;57-19;45-25;53-17,57-29,90,5
random,random_robot_86,10,6,1,SimpleHill,0-0,0,71,57-29,51-33;57-19;56-37;58-36;51-21;60-30,51-33,94,4
random,random_robot_86,10,6,1,SimpleHill,0-0,0,72,51-33,46-27;56-37;51-24;55-39;47-30;46-33,55-39,97,3
random,random_robot_86,10,6,1,SimpleHill,0-0,0,73,55-39,58-31;51-33;48-33;53-40;49-33;53-39,49-33,94,-3
random,random_robot_86,10,6,1,SimpleHill,0-0,0,74,49-33,52-40;51-42;47-32;55-39;42-30;40-31,51-42,98,4
random,random_robot_86,10,6,1,SimpleHill,0-0,0,75,51-42,56-38;50-49;55-40;50-38;53-39;46-42,56-38,96,-2
random,random_robot_86,10,6,1,SimpleHill,0-0,0,76,56-38,50-39;56-33;47-41;57-34;56-32;57-43,56-32,92,-4
random,random_robot_86,10,6,1,SimpleHill,0-0,0,77,56-32,54-24;58-39;62-32;56-36;54-35;57-27,57-27,88,-4
random,random_robot_86,10,6,1,SimpleHill,0-0,0,78,57-27,58-28;63-22;61-36;54-34;50-23;57-20,61-36,93,5
random,random_robot_86,10,6,1,SimpleHill,0-0,0,79,61-36,66-38;59-38;70-32;62-31;52-33;58-30,59-38,95,2
