simulation_type,subj_id,sight_radius,n_gabors,block_ix,landscape_name,starting_pos,starting_score,trial,pos,stims,selected,score,delta
random,random_robot_100,10,6,1,SimpleHill,0-0,0,0,0-0,3-8;1-4;7-0;7-7;6-1;10-0,3-8,20,20
random,random_robot_100,10,6,1,SimpleHill,0-0,0,1,3-8,8-4;4-5;10-7;10-10;3-9;0-16,8-4,22,2
random,random_robot_100,10,6,1,SimpleHill,0-0,0,2,8-4,11-12;1-2;6-10;12-10;16-9;11-0,12-10,39,17
random,random_robot_100,10,6,1,SimpleHill,0-0,0,3,12-10,5-9;16-10;11-8;7-2;17-6;3-9,5-9,25,-14
random,random_robot_100,10,6,1,SimpleHill,0-0,0,4,5-9,11-15;3-13;12-14;12-3;0-3;1-7,12-14,45,20
random,random_robot_100,10,6,1,SimpleHill,0-0,0,5,12-14,3-12;6-12;19-8;12-11;10-12;11-22,10-12,39,-6
random,random_robot_100,10,6,1,SimpleHill,0-0,0,6,10-12,3-10;11-13;8-10;13-4;6-11;3-14,8-10,32,-7
random,random_robot_100,10,6,1,SimpleHill,0-0,0,7,8-10,9-13;1-11;15-4;6-14;4-1;6-12,6-12,32,0
random,random_robot_100,10,6,1,SimpleHill,0-0,0,8,6-12,13-5;13-10;11-12;11-20;3-17;8-8,11-12,40,8
random,random_robot_100,10,6,1,SimpleHill,0-0,0,9,11-12,5-16;14-15;3-17;6-9;18-11;16-4,3-17,34,-6
random,random_robot_100,10,6,1,SimpleHill,0-0,0,10,3-17,5-14;3-10;10-22;6-14;4-18;11-18,10-22,52,18
random,random_robot_100,10,6,1,SimpleHill,0-0,0,11,10-22,9-24;19-22;13-16;11-25;9-16;12-23,19-22,65,13
random,random_robot_100,10,6,1,SimpleHill,0-0,0,12,19-22,16-25;25-15;20-16;28-21;14-19;17-25,16-25,64,-1
random,random_robot_100,10,6,1,SimpleHill,0-0,0,13,16-25,19-32;16-35;17-25;15-29;11-30;19-21,19-32,74,10
random,random_robot_100,10,6,1,SimpleHill,0-0,0,14,19-32,17-39;27-35;20-32;20-37;25-28;14-24,25-28,77,3
random,random_robot_100,10,6,1,SimpleHill,0-0,0,15,25-28,30-33;24-20;18-29;30-34;21-21;32-23,30-34,86,9
random,random_robot_100,10,6,1,SimpleHill,0-0,0,16,30-34,25-31;32-28;31-42;34-27;30-30;25-26,30-30,84,-2
random,random_robot_100,10,6,1,SimpleHill,0-0,0,17,30-30,26-36;25-26;23-30;36-23;40-30;22-26,23-30,77,-7
random,random_robot_100,10,6,1,SimpleHill,0-0,0,18,23-30,16-28;17-34;24-28;22-29;20-35;26-32,16-28,67,-10
random,random_robot_100,10,6,1,SimpleHill,0-0,0,19,16-28,22-31;15-22;18-20;25-32;24-33;22-33,25-32,81,14
random,random_robot_100,10,6,1,SimpleHill,0-0,0,20,25-32,19-27;19-34;26-36;27-27;32-25;19-31,19-34,75,-6
random,random_robot_100,10,6,1,SimpleHill,0-0,0,21,19-34,19-37;20-35;27-38;23-35;10-36;17-36,17-36,74,-1
random,random_robot_100,10,6,1,SimpleHill,0-0,0,22,17-36,16-41;20-35;17-45;10-39;17-32;15-39,17-45,77,3
random,random_robot_100,10,6,1,SimpleHill,0-0,0,23,17-45,24-43;15-49;24-51;10-39;18-50;23-40,10-39,65,-12
random,random_robot_100,10,6,1,SimpleHill,0-0,0,24,10-39,5-36;13-40;9-38;19-39;11-42;13-34,11-42,68,3
random,random_robot_100,10,6,1,SimpleHill,0-0,0,25,11-42,16-36;11-39;13-51;13-40;4-40;10-47,4-40,55,-13
random,random_robot_100,10,6,1,SimpleHill,0-0,0,26,4-40,11-36;3-46;8-32;12-42;12-37;8-33,3-46,55,0
random,random_robot_100,10,6,1,SimpleHill,0-0,0,27,3-46,3-46;6-38;3-47;6-51;4-50;9-39,9-39,63,8
random,random_robot_100,10,6,1,SimpleHill,0-0,0,28,9-39,6-31;9-29;5-31;10-37;17-41;6-43,6-43,60,-3
random,random_robot_100,10,6,1,SimpleHill,0-0,0,29,6-43,4-42;1-36;1-40;9-43;1-45;5-47,9-43,65,5
random,random_robot_100,10,6,1,SimpleHill,0-0,0,30,9-43,8-51;3-50;7-43;2-37;0-46;7-34,0-46,49,-16
random,random_robot_100,10,6,1,SimpleHill,0-0,0,31,0-46,4-47;6-39;6-47;4-51;1-46;4-43,1-46,51,2
random,random_robot_100,10,6,1,SimpleHill,0-0,0,32,1-46,9-52;10-49;8-51;5-52;8-39;6-39,5-52,59,8
random,random_robot_100,10,6,1,SimpleHill,0-0,0,33,5-52,8-51;1-50;6-61;3-48;11-58;4-46,3-48,55,-4
random,random_robot_100,10,6,1,SimpleHill,0-0,0,34,3-48,7-41;1-44;5-57;3-52;8-56;3-39,3-52,55,0
random,random_robot_100,10,6,1,SimpleHill,0-0,0,35,3-52,7-56;2-47;4-47;1-50;6-58;0-55,2-47,53,-2
random,random_robot_100,10,6,1,SimpleHill,0-0,0,36,2-47,9-46;5-49;11-48;7-40;8-39;1-48,5-49,59,6
random,random_robot_100,10,6,1,SimpleHill,0-0,0,37,5-49,7-51;12-47;6-45;4-52;9-51;2-53,2-53,53,-6
random,random_robot_100,10,6,1,SimpleHill,0-0,0,38,2-53,0-57;1-52;0-62;8-57;3-50;3-58,8-57,63,10
random,random_robot_100,10,6,1,SimpleHill,0-0,0,39,8-57,3-62;10-56;7-56;5-53;5-64;1-53,3-62,52,-11
random,random_robot_100,10,6,1,SimpleHill,0-0,0,40,3-62,8-57;1-61;9-68;4-69;9-62;4-59,9-68,59,7
random,random_robot_100,10,6,1,SimpleHill,0-0,0,41,9-68,6-68;15-60;5-63;14-61;9-59;16-69,15-60,73,14
random,random_robot_100,10,6,1,SimpleHill,0-0,0,42,15-60,20-66;8-53;17-62;14-53;17-67;12-51,8-53,64,-9
random,random_robot_100,10,6,1,SimpleHill,0-0,0,43,8-53,13-45;2-59;11-61;5-61;1-52;6-59,5-61,57,-7
random,random_robot_100,10,6,1,SimpleHill,0-0,0,44,5-61,12-63;7-56;14-59;13-57;7-63;6-69,14-59,72,15
random,random_robot_100,10,6,1,SimpleHill,0-0,0,45,14-59,7-56;13-56;7-55;20-66;20-54;17-59,17-59,76,4
random,random_robot_100,10,6,1,SimpleHill,0-0,0,46,17-59,20-57;21-62;14-65;10-62;19-56;11-51,10-62,65,-11
random,random_robot_100,10,6,1,SimpleHill,0-0,0,47,10-62,1-63;13-55;10-66;14-59;4-70;4-60,1-63,48,-17
random,random_robot_100,10,6,1,SimpleHill,0-0,0,48,1-63,6-63;8-60;0-67;2-58;3-58;2-68,8-60,62,14
random,random_robot_100,10,6,1,SimpleHill,0-0,0,49,8-60,9-53;2-52;2-54;8-57;8-59;8-67,9-53,66,4
random,random_robot_100,10,6,1,SimpleHill,0-0,0,50,9-53,13-45;3-48;3-60;16-49;12-46;3-55,3-55,55,-11
random,random_robot_100,10,6,1,SimpleHill,0-0,0,51,3-55,10-49;10-55;2-52;0-55;7-61;3-64,7-61,60,5
random,random_robot_100,10,6,1,SimpleHill,0-0,0,52,7-61,1-59;9-58;5-58;13-64;8-60;9-57,5-58,58,-2
random,random_robot_100,10,6,1,SimpleHill,0-0,0,53,5-58,14-61;9-57;13-57;10-66;2-56;0-66,14-61,71,13
random,random_robot_100,10,6,1,SimpleHill,0-0,0,54,14-61,12-65;11-57;13-55;7-57;19-56;20-63,12-65,66,-5
random,random_robot_100,10,6,1,SimpleHill,0-0,0,55,12-65,4-64;8-60;7-70;15-66;7-63;6-59,7-70,55,-11
random,random_robot_100,10,6,1,SimpleHill,0-0,0,56,7-70,12-70;4-67;0-66;6-68;3-65;6-67,6-67,55,0
random,random_robot_100,10,6,1,SimpleHill,0-0,0,57,6-67,5-64;9-69;4-70;10-69;9-60;9-66,4-70,49,-6
random,random_robot_100,10,6,1,SimpleHill,0-0,0,58,4-70,4-64;2-70;1-62;3-63;8-65;4-65,2-70,45,-4
random,random_robot_100,10,6,1,SimpleHill,0-0,0,59,2-70,4-63;6-70;10-66;0-68;1-65;7-62,4-63,54,9
random,random_robot_100,10,6,1,SimpleHill,0-0,0,60,4-63,3-63;10-58;12-57;9-55;6-65;6-66,6-66,56,2
random,random_robot_100,10,6,1,SimpleHill,0-0,0,61,6-66,6-66;0-62;14-68;6-56;1-67;13-70,14-68,67,11
random,random_robot_100,10,6,1,SimpleHill,0-0,0,62,14-68,6-64;14-59;17-64;21-65;13-64;16-63,14-59,72,5
random,random_robot_100,10,6,1,SimpleHill,0-0,0,63,14-59,17-65;24-59;14-53;15-68;18-61;20-55,20-55,81,9
random,random_robot_100,10,6,1,SimpleHill,0-0,0,64,20-55,20-53;27-54;23-48;24-46;18-48;26-60,18-48,79,-2
random,random_robot_100,10,6,1,SimpleHill,0-0,0,65,18-48,19-57;18-38;22-49;24-56;14-44;21-52,22-49,84,5
random,random_robot_100,10,6,1,SimpleHill,0-0,0,66,22-49,15-47;21-57;30-48;26-55;21-40;25-56,15-47,75,-9
random,random_robot_100,10,6,1,SimpleHill,0-0,0,67,15-47,9-40;11-51;6-48;18-44;13-41;18-45,18-44,78,3
random,random_robot_100,10,6,1,SimpleHill,0-0,0,68,18-44,17-37;23-49;21-39;13-52;17-46;26-48,13-52,72,-6
random,random_robot_100,10,6,1,SimpleHill,0-0,0,69,13-52,7-56;16-57;19-46;15-60;12-49;12-59,15-60,73,1
random,random_robot_100,10,6,1,SimpleHill,0-0,0,70,15-60,19-52;14-61;17-57;15-51;13-67;8-64,8-64,60,-13
random,random_robot_100,10,6,1,SimpleHill,0-0,0,71,8-64,0-59;0-66;11-58;1-69;5-70;0-58,0-59,48,-12
random,random_robot_100,10,6,1,SimpleHill,0-0,0,72,0-59,7-66;5-54;4-62;7-52;3-52;7-60,7-60,61,13
random,random_robot_100,10,6,1,SimpleHill,0-0,0,73,7-60,10-51;15-59;11-62;6-66;16-64;13-58,15-59,73,12
random,random_robot_100,10,6,1,SimpleHill,0-0,0,74,15-59,21-66;24-59;23-60;24-56;14-53;20-54,14-53,73,0
random,random_robot_100,10,6,1,SimpleHill,0-0,0,75,14-53,12-54;14-62;12-46;9-57;11-50;19-54,12-46,70,-3
random,random_robot_100,10,6,1,SimpleHill,0-0,0,76,12-46,20-51;12-48;15-44;14-50;18-43;21-47,14-50,74,4
random,random_robot_100,10,6,1,SimpleHill,0-0,0,77,14-50,11-53;10-44;17-49;6-49;7-52;21-52,6-49,61,-13
random,random_robot_100,10,6,1,SimpleHill,0-0,0,78,6-49,5-51;13-42;16-49;5-54;14-54;10-54,14-54,73,12
random,random_robot_100,10,6,1,SimpleHill,0-0,0,79,14-54,15-50;17-53;11-63;20-58;6-55;5-58,11-63,66,-7
