simulation_type,subj_id,sight_radius,n_gabors,block_ix,landscape_name,starting_pos,starting_score,trial,pos,stims,selected,score,delta
random,random_robot_157,10,6,1,SimpleHill,0-0,0,0,0-0,4-7;5-5;1-5;8-3;3-1;1-4,4-7,20,20
random,random_robot_157,10,6,1,SimpleHill,0-0,0,1,4-7,9-4;2-9;9-13;0-14;1-1;4-10,0-14,24,4
random,random_robot_157,10,6,1,SimpleHill,0-0,0,2,0-14,1-5;7-18;5-20;4-12;6-19;4-11,5-20,41,17
random,random_robot_157,10,6,1,SimpleHill,0-0,0,3,5-20,11-16;2-17;5-10;6-17;6-23;3-11,5-10,27,-14
random,random_robot_157,10,6,1,SimpleHill,0-0,0,4,5-10,13-14;3-13;2-11;7-11;10-11;9-19,3-13,28,1
random,random_robot_157,10,6,1,SimpleHill,0-0,0,5,3-13,3-20;2-21;5-4;4-6;2-6;12-17,12-17,49,21
random,random_robot_157,10,6,1,SimpleHill,0-0,0,6,12-17,15-14;11-19;19-10;14-21;19-13;12-7,19-13,53,4
random,random_robot_157,10,6,1,SimpleHill,0-0,0,7,19-13,10-14;20-13;11-18;22-6;14-7;15-15,15-15,51,-2
random,random_robot_157,10,6,1,SimpleHill,0-0,0,8,15-15,20-21;6-19;21-20;22-21;17-11;10-8,20-21,65,14
random,random_robot_157,10,6,1,SimpleHill,0-0,0,9,20-21,14-14;28-22;18-20;22-16;23-25;17-20,28-22,74,9
random,random_robot_157,10,6,1,SimpleHill,0-0,0,10,28-22,21-20;34-27;28-24;23-17;35-27;31-17,23-17,63,-11
random,random_robot_157,10,6,1,SimpleHill,0-0,0,11,23-17,19-10;16-10;26-25;22-8;18-16;32-17,26-25,75,12
random,random_robot_157,10,6,1,SimpleHill,0-0,0,12,26-25,27-30;17-28;33-29;24-31;23-23;30-26,23-23,70,-5
random,random_robot_157,10,6,1,SimpleHill,0-0,0,13,23-23,25-25;23-25;22-14;17-31;26-21;25-27,23-25,72,2
random,random_robot_157,10,6,1,SimpleHill,0-0,0,14,23-25,28-26;25-18;17-27;17-20;19-18;15-31,17-27,67,-5
random,random_robot_157,10,6,1,SimpleHill,0-0,0,15,17-27,9-30;11-30;18-29;26-24;11-31;17-34,11-30,61,-6
random,random_robot_157,10,6,1,SimpleHill,0-0,0,16,11-30,7-22;8-31;3-35;5-22;1-30;13-31,5-22,43,-18
random,random_robot_157,10,6,1,SimpleHill,0-0,0,17,5-22,4-20;6-21;4-21;7-27;7-23;0-20,7-27,52,9
random,random_robot_157,10,6,1,SimpleHill,0-0,0,18,7-27,3-34;15-31;16-24;13-25;16-26;6-36,6-36,57,5
random,random_robot_157,10,6,1,SimpleHill,0-0,0,19,6-36,12-32;3-44;5-41;9-42;13-37;12-44,12-44,70,13
random,random_robot_157,10,6,1,SimpleHill,0-0,0,20,12-44,13-35;15-43;16-49;4-41;12-46;12-42,12-46,70,0
random,random_robot_157,10,6,1,SimpleHill,0-0,0,21,12-46,17-50;6-47;11-44;12-54;14-48;17-47,17-47,78,8
random,random_robot_157,10,6,1,SimpleHill,0-0,0,22,17-47,13-48;15-52;21-55;18-46;22-42;19-44,19-44,80,2
random,random_robot_157,10,6,1,SimpleHill,0-0,0,23,19-44,25-41;22-45;28-42;16-39;24-41;20-39,28-42,89,9
random,random_robot_157,10,6,1,SimpleHill,0-0,0,24,28-42,21-36;19-39;21-46;26-46;25-47;28-44,19-39,78,-11
random,random_robot_157,10,6,1,SimpleHill,0-0,0,25,19-39,15-33;20-43;17-36;25-45;26-43;20-41,25-45,87,9
random,random_robot_157,10,6,1,SimpleHill,0-0,0,26,25-45,24-45;27-43;19-41;31-40;33-45;34-48,34-48,94,7
random,random_robot_157,10,6,1,SimpleHill,0-0,0,27,34-48,32-39;36-45;32-51;28-41;36-41;36-50,28-41,88,-6
random,random_robot_157,10,6,1,SimpleHill,0-0,0,28,28-41,19-40;25-45;28-40;23-35;24-42;21-42,25-45,87,-1
random,random_robot_157,10,6,1,SimpleHill,0-0,0,29,25-45,20-49;31-39;28-47;29-46;28-42;31-42,31-39,90,3
random,random_robot_157,10,6,1,SimpleHill,0-0,0,30,31-39,29-32;39-36;36-36;27-41;34-30;39-37,39-36,93,3
random,random_robot_157,10,6,1,SimpleHill,0-0,0,31,39-36,37-39;39-33;32-37;38-40;43-40;46-32,46-32,93,0
random,random_robot_157,10,6,1,SimpleHill,0-0,0,32,46-32,49-26;38-26;49-27;43-25;44-31;51-40,51-40,97,4
random,random_robot_157,10,6,1,SimpleHill,0-0,0,33,51-40,56-47;43-34;50-34;55-48;51-33;44-37,55-48,99,2
random,random_robot_157,10,6,1,SimpleHill,0-0,0,34,55-48,59-43;50-51;63-49;53-45;53-47;64-45,50-51,99,0
random,random_robot_157,10,6,1,SimpleHill,0-0,0,35,50-51,46-45;50-42;58-46;42-55;44-44;54-46,50-42,98,-1
random,random_robot_157,10,6,1,SimpleHill,0-0,0,36,50-42,49-42;56-46;52-49;59-44;54-33;57-48,57-48,98,0
random,random_robot_157,10,6,1,SimpleHill,0-0,0,37,57-48,57-38;52-47;64-42;66-50;50-41;65-46,52-47,99,1
random,random_robot_157,10,6,1,SimpleHill,0-0,0,38,52-47,58-54;54-47;47-52;43-45;44-43;59-45,43-45,98,-1
random,random_robot_157,10,6,1,SimpleHill,0-0,0,39,43-45,46-37;44-39;43-41;37-51;47-47;38-51,44-39,96,-2
random,random_robot_157,10,6,1,SimpleHill,0-0,0,40,44-39,45-41;36-37;37-36;46-36;53-35;41-42,53-35,95,-1
random,random_robot_157,10,6,1,SimpleHill,0-0,0,41,53-35,56-27;57-35;56-43;51-39;47-27;44-39,47-27,89,-6
random,random_robot_157,10,6,1,SimpleHill,0-0,0,42,47-27,56-30;50-34;46-25;54-20;49-35;43-20,54-20,81,-8
random,random_robot_157,10,6,1,SimpleHill,0-0,0,43,54-20,58-29;57-21;52-19;53-14;50-21;48-26,50-21,83,2
random,random_robot_157,10,6,1,SimpleHill,0-0,0,44,50-21,49-16;53-13;45-17;45-18;50-17;47-28,45-18,79,-4
random,random_robot_157,10,6,1,SimpleHill,0-0,0,45,45-18,47-21;48-13;39-15;48-16;40-15;44-25,40-15,73,-6
random,random_robot_157,10,6,1,SimpleHill,0-0,0,46,40-15,40-24;40-6;49-11;37-16;36-9;41-22,40-6,59,-14
random,random_robot_157,10,6,1,SimpleHill,0-0,0,47,40-6,46-7;41-11;34-4;45-0;48-3;38-9,34-4,52,-7
random,random_robot_157,10,6,1,SimpleHill,0-0,0,48,34-4,36-8;31-7;31-0;44-4;29-7;25-5,44-4,56,4
random,random_robot_157,10,6,1,SimpleHill,0-0,0,49,44-4,45-5;51-11;42-2;49-2;35-7;36-9,35-7,58,2
random,random_robot_157,10,6,1,SimpleHill,0-0,0,50,35-7,36-14;30-15;32-14;39-9;36-9;29-5,36-14,70,12
random,random_robot_157,10,6,1,SimpleHill,0-0,0,51,36-14,36-12;31-15;38-9;36-15;43-17;38-10,36-12,67,-3
random,random_robot_157,10,6,1,SimpleHill,0-0,0,52,36-12,38-6;39-13;41-7;35-20;31-16;38-8,41-7,61,-6
random,random_robot_157,10,6,1,SimpleHill,0-0,0,53,41-7,39-4;32-7;46-8;34-13;46-3;46-11,32-7,56,-5
random,random_robot_157,10,6,1,SimpleHill,0-0,0,54,32-7,28-7;36-11;41-9;32-6;34-2;27-8,41-9,64,8
random,random_robot_157,10,6,1,SimpleHill,0-0,0,55,41-9,47-12;36-12;45-8;35-16;41-12;34-4,36-12,67,3
random,random_robot_157,10,6,1,SimpleHill,0-0,0,56,36-12,35-4;42-13;42-8;39-13;41-20;33-11,42-13,71,4
random,random_robot_157,10,6,1,SimpleHill,0-0,0,57,42-13,41-9;36-17;49-10;41-15;34-12;40-17,41-9,64,-7
random,random_robot_157,10,6,1,SimpleHill,0-0,0,58,41-9,33-11;40-18;37-15;32-13;45-1;47-14,40-18,77,13
random,random_robot_157,10,6,1,SimpleHill,0-0,0,59,40-18,39-10;42-23;47-15;39-14;41-14;43-17,47-15,75,-2
random,random_robot_157,10,6,1,SimpleHill,0-0,0,60,47-15,46-15;47-15;42-7;40-9;50-8;47-11,47-15,75,0
random,random_robot_157,10,6,1,SimpleHill,0-0,0,61,47-15,38-15;51-17;55-11;46-6;49-22;42-8,38-15,72,-3
random,random_robot_157,10,6,1,SimpleHill,0-0,0,62,38-15,43-13;45-18;47-15;42-13;44-15;42-18,47-15,75,3
random,random_robot_157,10,6,1,SimpleHill,0-0,0,63,47-15,44-23;48-19;45-23;49-15;54-18;49-20,45-23,84,9
random,random_robot_157,10,6,1,SimpleHill,0-0,0,64,45-23,46-19;43-22;48-22;39-31;54-19;53-23,48-22,84,0
random,random_robot_157,10,6,1,SimpleHill,0-0,0,65,48-22,57-18;45-25;45-21;56-20;51-19;44-13,57-18,78,-6
random,random_robot_157,10,6,1,SimpleHill,0-0,0,66,57-18,57-21;52-24;61-26;53-16;52-11;51-17,61-26,86,8
random,random_robot_157,10,6,1,SimpleHill,0-0,0,67,61-26,61-18;60-34;69-20;69-27;65-29;63-19,61-18,77,-9
random,random_robot_157,10,6,1,SimpleHill,0-0,0,68,61-18,63-13;66-20;59-26;58-19;63-9;58-16,63-9,63,-14
random,random_robot_157,10,6,1,SimpleHill,0-0,0,69,63-9,70-6;63-12;63-5;63-7;61-2;56-14,63-5,56,-7
random,random_robot_157,10,6,1,SimpleHill,0-0,0,70,63-5,60-6;69-11;67-9;67-2;56-5;55-4,69-11,62,6
random,random_robot_157,10,6,1,SimpleHill,0-0,0,71,69-11,68-13;64-4;68-14;65-10;61-5;63-5,63-5,56,-6
random,random_robot_157,10,6,1,SimpleHill,0-0,0,72,63-5,67-8;61-10;55-2;65-5;58-6;59-3,65-5,55,-1
random,random_robot_157,10,6,1,SimpleHill,0-0,0,73,65-5,60-12;59-0;65-9;63-11;62-8;65-8,65-9,61,6
random,random_robot_157,10,6,1,SimpleHill,0-0,0,74,65-9,70-13;69-11;67-18;69-1;62-17;55-9,67-18,73,12
random,random_robot_157,10,6,1,SimpleHill,0-0,0,75,67-18,63-18;70-26;58-14;65-22;63-11;70-22,63-11,66,-7
random,random_robot_157,10,6,1,SimpleHill,0-0,0,76,63-11,56-4;64-2;57-10;67-19;68-13;57-7,56-4,56,-10
random,random_robot_157,10,6,1,SimpleHill,0-0,0,77,56-4,48-8;52-5;63-5;55-0;53-11;53-6,53-11,69,13
random,random_robot_157,10,6,1,SimpleHill,0-0,0,78,53-11,59-14;44-15;51-17;50-7;54-6;59-16,54-6,60,-9
random,random_robot_157,10,6,1,SimpleHill,0-0,0,79,54-6,47-12;56-1;58-4;59-3;54-12;55-10,54-12,70,10
