simulation_type,subj_id,sight_radius,n_gabors,block_ix,landscape_name,starting_pos,starting_score,trial,pos,stims,selected,score,delta
random,random_robot_87,10,6,1,SimpleHill,0-0,0,0,0-0,4-3;4-6;0-6;1-0;0-3;5-5,5-5,19,19
random,random_robot_87,10,6,1,SimpleHill,0-0,0,1,5-5,7-2;12-10;9-2;9-13;1-4;2-14,9-13,39,20
random,random_robot_87,10,6,1,SimpleHill,0-0,0,2,9-13,4-8;6-18;9-22;5-13;6-12;8-20,5-13,32,-7
random,random_robot_87,10,6,1,SimpleHill,0-0,0,3,5-13,14-17;12-15;13-19;0-10;9-15;9-13,0-10,18,-14
random,random_robot_87,10,6,1,SimpleHill,0-0,0,4,0-10,0-7;3-1;5-3;2-17;3-2;3-9,0-7,13,-5
random,random_robot_87,10,6,1,SimpleHill,0-0,0,5,0-7,9-6;1-6;3-2;0-2;1-16;8-9,1-6,13,0
random,random_robot_87,10,6,1,SimpleHill,0-0,0,6,1-6,3-1;7-6;5-7;4-6;0-4;7-5,0-4,7,-6
random,random_robot_87,10,6,1,SimpleHill,0-0,0,7,0-4,6-12;1-8;4-6;4-4;6-0;8-9,6-12,32,25
random,random_robot_87,10,6,1,SimpleHill,0-0,0,8,6-12,5-7;12-11;1-19;1-9;1-8;10-16,10-16,44,12
random,random_robot_87,10,6,1,SimpleHill,0-0,0,9,10-16,17-15;4-14;16-11;8-23;13-12;11-12,16-11,46,2
random,random_robot_87,10,6,1,SimpleHill,0-0,0,10,16-11,21-13;13-5;19-16;9-10;23-6;23-8,21-13,55,9
random,random_robot_87,10,6,1,SimpleHill,0-0,0,11,21-13,29-9;30-15;20-19;27-13;23-18;23-17,27-13,62,7
random,random_robot_87,10,6,1,SimpleHill,0-0,0,12,27-13,23-18;27-12;30-13;22-19;27-6;19-14,22-19,65,3
random,random_robot_87,10,6,1,SimpleHill,0-0,0,13,22-19,27-11;23-15;29-23;25-14;18-19;19-23,27-11,59,-6
random,random_robot_87,10,6,1,SimpleHill,0-0,0,14,27-11,35-17;23-5;32-8;26-17;28-16;19-15,26-17,66,7
random,random_robot_87,10,6,1,SimpleHill,0-0,0,15,26-17,34-12;28-25;34-11;26-23;35-18;33-23,34-12,66,0
random,random_robot_87,10,6,1,SimpleHill,0-0,0,16,34-12,31-4;41-12;31-12;43-13;35-6;35-17,35-17,73,7
random,random_robot_87,10,6,1,SimpleHill,0-0,0,17,35-17,32-25;32-11;45-17;33-13;31-23;38-8,33-13,66,-7
random,random_robot_87,10,6,1,SimpleHill,0-0,0,18,33-13,28-18;38-17;27-20;28-8;30-7;41-10,27-20,71,5
random,random_robot_87,10,6,1,SimpleHill,0-0,0,19,27-20,29-12;30-22;18-17;25-21;24-16;37-20,25-21,70,-1
random,random_robot_87,10,6,1,SimpleHill,0-0,0,20,25-21,21-13;29-13;27-19;21-27;21-16;26-18,29-13,63,-7
random,random_robot_87,10,6,1,SimpleHill,0-0,0,21,29-13,24-18;25-7;23-11;37-19;28-19;33-17,37-19,77,14
random,random_robot_87,10,6,1,SimpleHill,0-0,0,22,37-19,37-17;45-25;39-19;35-12;40-25;44-15,37-17,74,-3
random,random_robot_87,10,6,1,SimpleHill,0-0,0,23,37-17,36-12;37-7;45-14;43-11;33-21;41-14,33-21,77,3
random,random_robot_87,10,6,1,SimpleHill,0-0,0,24,33-21,40-21;25-21;31-21;40-22;32-19;41-17,32-19,74,-3
random,random_robot_87,10,6,1,SimpleHill,0-0,0,25,32-19,32-13;39-12;29-19;25-13;24-25;34-20,25-13,60,-14
random,random_robot_87,10,6,1,SimpleHill,0-0,0,26,25-13,30-6;20-15;24-4;17-13;33-14;35-13,24-4,44,-16
random,random_robot_87,10,6,1,SimpleHill,0-0,0,27,24-4,29-5;24-1;27-1;22-9;22-11;17-2,17-2,32,-12
random,random_robot_87,10,6,1,SimpleHill,0-0,0,28,17-2,14-0;9-5;16-10;20-1;26-4;17-2,9-5,25,-7
random,random_robot_87,10,6,1,SimpleHill,0-0,0,29,9-5,18-1;13-3;14-12;15-13;9-1;7-12,9-1,18,-7
random,random_robot_87,10,6,1,SimpleHill,0-0,0,30,9-1,5-8;3-4;4-9;6-4;16-1;2-5,3-4,13,-5
random,random_robot_87,10,6,1,SimpleHill,0-0,0,31,3-4,2-4;4-13;11-5;2-3;5-12;3-14,5-12,30,17
random,random_robot_87,10,6,1,SimpleHill,0-0,0,32,5-12,5-2;4-13;1-21;13-9;4-7;11-13,4-13,30,0
random,random_robot_87,10,6,1,SimpleHill,0-0,0,33,4-13,8-13;2-20;10-20;10-8;10-11;6-16,10-20,50,20
random,random_robot_87,10,6,1,SimpleHill,0-0,0,34,10-20,4-20;18-25;18-26;8-27;6-28;4-23,18-25,67,17
random,random_robot_87,10,6,1,SimpleHill,0-0,0,35,18-25,9-28;26-29;21-28;11-20;12-20;14-17,9-28,56,-11
random,random_robot_87,10,6,1,SimpleHill,0-0,0,36,9-28,16-23;13-31;0-31;10-29;15-30;9-25,9-25,53,-3
random,random_robot_87,10,6,1,SimpleHill,0-0,0,37,9-25,14-25;0-24;0-22;0-26;11-17;14-31,11-17,47,-6
random,random_robot_87,10,6,1,SimpleHill,0-0,0,38,11-17,8-8;6-20;2-13;18-13;5-16;12-15,18-13,52,5
random,random_robot_87,10,6,1,SimpleHill,0-0,0,39,18-13,12-10;13-12;11-12;26-16;19-10;19-6,19-6,42,-10
random,random_robot_87,10,6,1,SimpleHill,0-0,0,40,19-6,25-1;26-10;23-3;17-4;28-4;24-9,25-1,39,-3
random,random_robot_87,10,6,1,SimpleHill,0-0,0,41,25-1,35-1;18-5;29-3;23-8;22-5;28-8,18-5,39,0
random,random_robot_87,10,6,1,SimpleHill,0-0,0,42,18-5,14-13;14-14;17-3;11-10;10-0;23-1,23-1,37,-2
random,random_robot_87,10,6,1,SimpleHill,0-0,0,43,23-1,16-2;25-9;27-3;29-8;23-3;23-9,23-9,51,14
random,random_robot_87,10,6,1,SimpleHill,0-0,0,44,23-9,30-2;17-16;28-6;30-15;27-6;19-16,28-6,51,0
random,random_robot_87,10,6,1,SimpleHill,0-0,0,45,28-6,35-13;35-5;19-9;34-14;33-6;23-7,19-9,47,-4
random,random_robot_87,10,6,1,SimpleHill,0-0,0,46,19-9,22-15;26-12;24-17;17-3;20-8;15-7,26-12,59,12
random,random_robot_87,10,6,1,SimpleHill,0-0,0,47,26-12,32-15;30-16;18-15;23-16;30-9;21-13,23-16,62,3
random,random_robot_87,10,6,1,SimpleHill,0-0,0,48,23-16,21-19;25-13;18-17;23-24;26-20;19-8,18-17,57,-5
random,random_robot_87,10,6,1,SimpleHill,0-0,0,49,18-17,17-8;27-19;13-13;25-18;21-8;20-12,20-12,53,-4
random,random_robot_87,10,6,1,SimpleHill,0-0,0,50,20-12,16-20;20-4;14-6;29-12;13-18;12-16,16-20,58,5
random,random_robot_87,10,6,1,SimpleHill,0-0,0,51,16-20,13-17;22-28;22-21;22-24;22-12;18-13,22-24,70,12
random,random_robot_87,10,6,1,SimpleHill,0-0,0,52,22-24,16-26;15-28;29-23;18-23;15-31;17-32,15-31,68,-2
random,random_robot_87,10,6,1,SimpleHill,0-0,0,53,15-31,21-38;11-32;22-34;14-36;12-24;8-35,12-24,57,-11
random,random_robot_87,10,6,1,SimpleHill,0-0,0,54,12-24,5-25;11-15;17-22;5-17;7-16;16-23,5-25,47,-10
random,random_robot_87,10,6,1,SimpleHill,0-0,0,55,5-25,0-26;0-28;6-27;3-25;1-29;1-22,1-22,36,-11
random,random_robot_87,10,6,1,SimpleHill,0-0,0,56,1-22,9-27;0-24;6-26;4-19;3-30;6-28,9-27,55,19
random,random_robot_87,10,6,1,SimpleHill,0-0,0,57,9-27,2-24;14-35;15-28;7-21;6-28;0-27,2-24,40,-15
random,random_robot_87,10,6,1,SimpleHill,0-0,0,58,2-24,6-18;0-25;8-27;8-31;7-28;11-27,7-28,53,13
random,random_robot_87,10,6,1,SimpleHill,0-0,0,59,7-28,12-21;11-31;9-26;7-24;9-32;6-20,6-20,43,-10
random,random_robot_87,10,6,1,SimpleHill,0-0,0,60,6-20,14-17;8-19;9-28;2-29;7-22;4-22,8-19,45,2
random,random_robot_87,10,6,1,SimpleHill,0-0,0,61,8-19,14-27;0-20;9-16;0-14;5-24;0-18,5-24,45,0
random,random_robot_87,10,6,1,SimpleHill,0-0,0,62,5-24,1-18;9-15;12-26;0-22;2-25;7-19,2-25,41,-4
random,random_robot_87,10,6,1,SimpleHill,0-0,0,63,2-25,7-27;6-23;6-33;5-21;1-27;7-25,6-33,55,14
random,random_robot_87,10,6,1,SimpleHill,0-0,0,64,6-33,4-27;5-39;4-39;4-25;2-33;1-27,4-25,45,-10
random,random_robot_87,10,6,1,SimpleHill,0-0,0,65,4-25,7-25;12-23;7-30;2-20;1-18;5-23,5-23,44,-1
random,random_robot_87,10,6,1,SimpleHill,0-0,0,66,5-23,7-16;12-16;4-28;11-31;0-24;11-21,11-31,62,18
random,random_robot_87,10,6,1,SimpleHill,0-0,0,67,11-31,11-21;8-37;8-25;17-24;8-28;4-37,8-37,61,-1
random,random_robot_87,10,6,1,SimpleHill,0-0,0,68,8-37,12-28;14-35;11-40;7-30;11-34;11-44,11-34,64,3
random,random_robot_87,10,6,1,SimpleHill,0-0,0,69,11-34,4-29;12-42;17-26;10-29;15-36;18-38,17-26,66,2
random,random_robot_87,10,6,1,SimpleHill,0-0,0,70,17-26,13-35;23-26;24-21;12-25;12-18;10-33,23-26,73,7
random,random_robot_87,10,6,1,SimpleHill,0-0,0,71,23-26,24-25;27-25;21-21;25-18;28-22;30-33,28-22,74,1
random,random_robot_87,10,6,1,SimpleHill,0-0,0,72,28-22,31-15;33-30;27-16;32-14;20-17;28-29,33-30,86,12
random,random_robot_87,10,6,1,SimpleHill,0-0,0,73,33-30,30-38;24-31;25-27;40-24;39-27;33-27,33-27,83,-3
random,random_robot_87,10,6,1,SimpleHill,0-0,0,74,33-27,42-28;42-30;31-26;40-26;25-32;37-30,42-30,90,7
random,random_robot_87,10,6,1,SimpleHill,0-0,0,75,42-30,40-26;50-26;46-39;46-26;36-32;39-33,36-32,89,-1
random,random_robot_87,10,6,1,SimpleHill,0-0,0,76,36-32,28-36;39-33;39-40;29-27;41-32;30-39,39-40,95,6
random,random_robot_87,10,6,1,SimpleHill,0-0,0,77,39-40,33-45;31-37;35-35;35-34;48-42;31-40,35-35,91,-4
random,random_robot_87,10,6,1,SimpleHill,0-0,0,78,35-35,28-28;37-32;38-36;44-38;35-45;36-33,36-33,90,-1
random,random_robot_87,10,6,1,SimpleHill,0-0,0,79,36-33,33-28;31-38;41-33;28-35;40-39;34-29,40-39,95,5
