simulation_type,subj_id,sight_radius,n_gabors,block_ix,landscape_name,starting_pos,starting_score,trial,pos,stims,selected,score,delta
random,random_robot_44,10,6,1,SimpleHill,0-0,0,0,0-0,0-4;6-8;8-0;1-3;0-5;1-6,0-5,9,9
random,random_robot_44,10,6,1,SimpleHill,0-0,0,1,0-5,0-9;6-0;1-3;0-7;5-2;4-13,0-7,13,4
random,random_robot_44,10,6,1,SimpleHill,0-0,0,2,0-7,3-12;0-12;0-1;3-15;0-9;9-3,0-12,21,8
random,random_robot_44,10,6,1,SimpleHill,0-0,0,3,0-12,5-6;6-4;0-2;7-18;2-5;4-16,4-16,34,13
random,random_robot_44,10,6,1,SimpleHill,0-0,0,4,4-16,5-24;13-19;8-12;0-17;8-25;7-20,0-17,28,-6
random,random_robot_44,10,6,1,SimpleHill,0-0,0,5,0-17,1-11;8-20;1-18;3-16;2-22;6-24,3-16,32,4
random,random_robot_44,10,6,1,SimpleHill,0-0,0,6,3-16,5-9;8-23;1-22;3-20;4-24;6-10,5-9,25,-7
random,random_robot_44,10,6,1,SimpleHill,0-0,0,7,5-9,10-9;10-14;8-6;11-6;10-7;8-16,10-7,31,6
random,random_robot_44,10,6,1,SimpleHill,0-0,0,8,10-7,11-2;2-13;11-7;8-11;2-12;10-6,8-11,34,3
random,random_robot_44,10,6,1,SimpleHill,0-0,0,9,8-11,3-19;6-12;14-17;3-10;10-14;14-10,14-17,52,18
random,random_robot_44,10,6,1,SimpleHill,0-0,0,10,14-17,15-8;11-23;18-12;13-26;12-15;11-25,15-8,40,-12
random,random_robot_44,10,6,1,SimpleHill,0-0,0,11,15-8,7-5;6-8;15-0;12-1;6-9;20-8,6-8,26,-14
random,random_robot_44,10,6,1,SimpleHill,0-0,0,12,6-8,8-12;7-5;9-6;9-9;5-3;10-3,9-9,32,6
random,random_robot_44,10,6,1,SimpleHill,0-0,0,13,9-9,14-13;17-6;12-11;3-8;2-5;15-4,3-8,20,-12
random,random_robot_44,10,6,1,SimpleHill,0-0,0,14,3-8,0-8;6-0;1-13;3-0;8-9;10-5,3-0,5,-15
random,random_robot_44,10,6,1,SimpleHill,0-0,0,15,3-0,8-0;2-1;9-1;7-4;5-2;3-5,3-5,15,10
random,random_robot_44,10,6,1,SimpleHill,0-0,0,16,3-5,3-1;0-3;9-7;2-4;2-10;8-7,8-7,27,12
random,random_robot_44,10,6,1,SimpleHill,0-0,0,17,8-7,8-0;6-13;8-17;13-11;17-8;0-7,17-8,42,15
random,random_robot_44,10,6,1,SimpleHill,0-0,0,18,17-8,20-0;20-3;13-5;8-10;17-6;14-4,14-4,31,-11
random,random_robot_44,10,6,1,SimpleHill,0-0,0,19,14-4,14-12;18-11;10-12;5-5;12-10;18-12,18-11,49,18
random,random_robot_44,10,6,1,SimpleHill,0-0,0,20,18-11,15-16;23-3;21-4;17-2;15-2;18-13,23-3,41,-8
random,random_robot_44,10,6,1,SimpleHill,0-0,0,21,23-3,27-0;28-2;21-5;16-5;23-2;15-3,27-0,39,-2
random,random_robot_44,10,6,1,SimpleHill,0-0,0,22,27-0,31-9;20-6;35-4;27-10;28-0;25-5,28-0,40,1
random,random_robot_44,10,6,1,SimpleHill,0-0,0,23,28-0,35-6;34-2;26-3;36-4;34-0;28-4,28-4,48,8
random,random_robot_44,10,6,1,SimpleHill,0-0,0,24,28-4,28-3;28-14;35-4;29-9;25-11;23-7,23-7,48,0
random,random_robot_44,10,6,1,SimpleHill,0-0,0,25,23-7,20-6;21-14;18-0;22-10;27-10;22-0,22-10,52,4
random,random_robot_44,10,6,1,SimpleHill,0-0,0,26,22-10,19-12;17-11;25-12;16-16;19-13;16-7,19-12,51,-1
random,random_robot_44,10,6,1,SimpleHill,0-0,0,27,19-12,12-5;15-17;21-16;20-10;18-10;26-7,21-16,60,9
random,random_robot_44,10,6,1,SimpleHill,0-0,0,28,21-16,13-11;18-24;15-18;25-8;19-8;21-24,19-8,45,-15
random,random_robot_44,10,6,1,SimpleHill,0-0,0,29,19-8,14-11;13-8;27-9;15-1;25-10;21-4,13-8,37,-8
random,random_robot_44,10,6,1,SimpleHill,0-0,0,30,13-8,11-9;15-5;14-7;7-15;8-12;4-4,14-7,37,0
random,random_robot_44,10,6,1,SimpleHill,0-0,0,31,14-7,14-13;8-2;10-7;21-1;16-5;6-13,14-13,46,9
random,random_robot_44,10,6,1,SimpleHill,0-0,0,32,14-13,15-10;20-12;13-5;22-13;11-14;9-8,9-8,31,-15
random,random_robot_44,10,6,1,SimpleHill,0-0,0,33,9-8,10-11;4-8;9-16;6-12;10-0;15-10,15-10,43,12
random,random_robot_44,10,6,1,SimpleHill,0-0,0,34,15-10,22-11;18-10;10-3;16-12;10-2;11-10,22-11,53,10
random,random_robot_44,10,6,1,SimpleHill,0-0,0,35,22-11,17-14;26-4;31-14;26-16;24-5;23-3,31-14,66,13
random,random_robot_44,10,6,1,SimpleHill,0-0,0,36,31-14,29-18;39-18;32-21;37-6;28-22;26-6,32-21,76,10
random,random_robot_44,10,6,1,SimpleHill,0-0,0,37,32-21,27-16;26-14;35-25;24-22;33-15;27-13,35-25,83,7
random,random_robot_44,10,6,1,SimpleHill,0-0,0,38,35-25,28-18;28-31;35-21;39-34;29-17;33-18,28-18,69,-14
random,random_robot_44,10,6,1,SimpleHill,0-0,0,39,28-18,35-24;24-27;27-24;33-13;26-25;28-24,33-13,66,-3
random,random_robot_44,10,6,1,SimpleHill,0-0,0,40,33-13,37-19;32-17;43-13;25-14;36-18;29-4,36-18,75,9
random,random_robot_44,10,6,1,SimpleHill,0-0,0,41,36-18,40-13;38-23;43-13;27-17;39-17;34-23,40-13,70,-5
random,random_robot_44,10,6,1,SimpleHill,0-0,0,42,40-13,45-13;39-19;43-14;39-16;48-10;47-12,39-16,74,4
random,random_robot_44,10,6,1,SimpleHill,0-0,0,43,39-16,46-17;35-18;40-22;46-9;31-16;39-7,40-22,82,8
random,random_robot_44,10,6,1,SimpleHill,0-0,0,44,40-22,39-23;31-22;39-27;46-19;33-21;43-16,39-27,87,5
random,random_robot_44,10,6,1,SimpleHill,0-0,0,45,39-27,41-36;42-18;39-25;45-21;38-18;36-23,38-18,76,-11
random,random_robot_44,10,6,1,SimpleHill,0-0,0,46,38-18,39-11;39-18;35-23;43-16;45-18;37-24,37-24,83,7
random,random_robot_44,10,6,1,SimpleHill,0-0,0,47,37-24,39-30;29-23;29-18;38-22;39-18;32-23,29-23,76,-7
random,random_robot_44,10,6,1,SimpleHill,0-0,0,48,29-23,22-27;33-28;27-31;32-29;27-28;37-24,27-28,79,3
random,random_robot_44,10,6,1,SimpleHill,0-0,0,49,27-28,35-31;25-25;36-31;30-29;17-28;23-24,36-31,88,9
random,random_robot_44,10,6,1,SimpleHill,0-0,0,50,36-31,28-36;31-30;34-35;35-30;35-38;44-31,35-30,87,-1
random,random_robot_44,10,6,1,SimpleHill,0-0,0,51,35-30,44-28;31-31;38-32;34-25;39-34;34-35,34-35,90,3
random,random_robot_44,10,6,1,SimpleHill,0-0,0,52,34-35,26-32;38-42;26-35;38-33;31-41;30-32,26-35,83,-7
random,random_robot_44,10,6,1,SimpleHill,0-0,0,53,26-35,20-33;19-29;28-44;17-38;22-44;30-40,19-29,71,-12
random,random_robot_44,10,6,1,SimpleHill,0-0,0,54,19-29,20-20;11-28;25-29;13-24;26-28;14-25,20-20,64,-7
random,random_robot_44,10,6,1,SimpleHill,0-0,0,55,20-20,21-29;22-11;20-17;19-15;12-19;18-15,22-11,53,-11
random,random_robot_44,10,6,1,SimpleHill,0-0,0,56,22-11,27-10;28-13;19-3;22-21;28-16;25-12,27-10,57,4
random,random_robot_44,10,6,1,SimpleHill,0-0,0,57,27-10,32-6;24-5;33-11;28-9;32-3;19-7,24-5,45,-12
random,random_robot_44,10,6,1,SimpleHill,0-0,0,58,24-5,17-9;17-8;24-9;32-1;23-6;20-10,23-6,46,1
random,random_robot_44,10,6,1,SimpleHill,0-0,0,59,23-6,14-6;19-11;16-1;23-9;21-3;24-9,16-1,28,-18
random,random_robot_44,10,6,1,SimpleHill,0-0,0,60,16-1,8-0;16-9;15-6;25-4;19-0;23-3,15-6,36,8
random,random_robot_44,10,6,1,SimpleHill,0-0,0,61,15-6,19-9;18-13;9-10;13-12;22-12;18-0,13-12,43,7
random,random_robot_44,10,6,1,SimpleHill,0-0,0,62,13-12,11-15;5-17;9-13;6-16;13-15;20-11,13-15,48,5
random,random_robot_44,10,6,1,SimpleHill,0-0,0,63,13-15,6-19;7-20;13-14;10-9;9-24;13-9,13-9,39,-9
random,random_robot_44,10,6,1,SimpleHill,0-0,0,64,13-9,19-9;17-0;14-6;22-10;12-17;21-7,12-17,49,10
random,random_robot_44,10,6,1,SimpleHill,0-0,0,65,12-17,9-12;16-15;5-12;10-17;9-24;12-22,12-22,55,6
random,random_robot_44,10,6,1,SimpleHill,0-0,0,66,12-22,11-24;7-18;9-19;12-24;6-14;5-21,5-21,42,-13
random,random_robot_44,10,6,1,SimpleHill,0-0,0,67,5-21,8-28;2-18;9-22;0-16;14-21;6-26,0-16,26,-16
random,random_robot_44,10,6,1,SimpleHill,0-0,0,68,0-16,3-25;4-15;6-19;7-23;5-11;8-17,6-19,42,16
random,random_robot_44,10,6,1,SimpleHill,0-0,0,69,6-19,13-15;10-22;2-24;3-28;12-27;1-25,1-25,39,-3
random,random_robot_44,10,6,1,SimpleHill,0-0,0,70,1-25,6-30;4-30;3-17;7-19;6-23;8-30,7-19,43,4
random,random_robot_44,10,6,1,SimpleHill,0-0,0,71,7-19,15-15;14-15;5-16;0-13;8-21;12-19,12-19,51,8
random,random_robot_44,10,6,1,SimpleHill,0-0,0,72,12-19,18-23;8-22;5-15;18-20;11-13;8-16,8-22,49,-2
random,random_robot_44,10,6,1,SimpleHill,0-0,0,73,8-22,13-17;15-17;10-21;7-15;3-26;12-25,7-15,38,-11
random,random_robot_44,10,6,1,SimpleHill,0-0,0,74,7-15,3-7;10-23;7-19;7-9;10-19;10-6,7-9,29,-9
random,random_robot_44,10,6,1,SimpleHill,0-0,0,75,7-9,12-2;5-10;15-3;3-13;13-2;13-12,13-2,26,-3
random,random_robot_44,10,6,1,SimpleHill,0-0,0,76,13-2,15-6;4-3;11-6;13-9;14-6;8-6,15-6,36,10
random,random_robot_44,10,6,1,SimpleHill,0-0,0,77,15-6,21-6;15-13;21-7;13-14;12-4;15-7,15-13,48,12
random,random_robot_44,10,6,1,SimpleHill,0-0,0,78,15-13,16-7;24-17;18-19;16-6;23-18;14-10,14-10,42,-6
random,random_robot_44,10,6,1,SimpleHill,0-0,0,79,14-10,9-2;19-14;15-13;16-7;13-12;5-11,19-14,54,12
