simulation_type,subj_id,sight_radius,n_gabors,block_ix,landscape_name,starting_pos,starting_score,trial,pos,stims,selected,score,delta
random,random_robot_75,10,6,1,SimpleHill,0-0,0,0,0-0,3-0;0-0;7-4;0-8;5-1;0-1,3-0,5,5
random,random_robot_75,10,6,1,SimpleHill,0-0,0,1,3-0,0-4;9-8;11-5;6-5;8-5;2-8,0-4,7,2
random,random_robot_75,10,6,1,SimpleHill,0-0,0,2,0-4,3-8;6-6;7-0;5-8;2-0;9-5,5-8,24,17
random,random_robot_75,10,6,1,SimpleHill,0-0,0,3,5-8,7-16;0-6;13-14;7-14;4-10;0-1,0-6,11,-13
random,random_robot_75,10,6,1,SimpleHill,0-0,0,4,0-6,4-15;6-11;8-7;2-1;9-6;6-5,4-15,33,22
random,random_robot_75,10,6,1,SimpleHill,0-0,0,5,4-15,12-18;3-16;8-14;8-18;0-6;10-13,12-18,50,17
random,random_robot_75,10,6,1,SimpleHill,0-0,0,6,12-18,10-15;21-15;12-27;11-19;14-11;6-10,12-27,60,10
random,random_robot_75,10,6,1,SimpleHill,0-0,0,7,12-27,10-22;7-28;11-26;8-18;8-26;16-26,11-26,58,-2
random,random_robot_75,10,6,1,SimpleHill,0-0,0,8,11-26,12-32;2-29;19-25;14-27;19-21;12-35,2-29,45,-13
random,random_robot_75,10,6,1,SimpleHill,0-0,0,9,2-29,9-24;8-28;4-26;6-30;3-37;0-29,9-24,52,7
random,random_robot_75,10,6,1,SimpleHill,0-0,0,10,9-24,7-17;11-15;3-28;17-27;2-28;9-28,17-27,67,15
random,random_robot_75,10,6,1,SimpleHill,0-0,0,11,17-27,23-34;20-31;20-26;17-33;15-30;23-33,23-33,79,12
random,random_robot_75,10,6,1,SimpleHill,0-0,0,12,23-33,25-31;30-31;22-25;24-32;25-28;25-38,24-32,80,1
random,random_robot_75,10,6,1,SimpleHill,0-0,0,13,24-32,20-24;32-27;20-25;33-31;28-35;24-35,32-27,82,2
random,random_robot_75,10,6,1,SimpleHill,0-0,0,14,32-27,40-25;32-33;27-34;32-25;26-26;32-18,32-18,73,-9
random,random_robot_75,10,6,1,SimpleHill,0-0,0,15,32-18,32-16;32-8;40-15;34-24;40-18;24-14,40-15,73,0
random,random_robot_75,10,6,1,SimpleHill,0-0,0,16,40-15,33-17;43-19;40-15;47-10;36-12;38-9,36-12,67,-6
random,random_robot_75,10,6,1,SimpleHill,0-0,0,17,36-12,38-4;28-12;31-4;42-15;38-19;30-8,38-19,77,10
random,random_robot_75,10,6,1,SimpleHill,0-0,0,18,38-19,34-18;37-16;41-26;46-13;42-13;40-28,34-18,74,-3
random,random_robot_75,10,6,1,SimpleHill,0-0,0,19,34-18,26-24;31-20;28-19;37-11;34-25;37-13,26-24,74,0
random,random_robot_75,10,6,1,SimpleHill,0-0,0,20,26-24,26-25;30-19;27-23;27-28;31-16;18-27,26-25,75,1
random,random_robot_75,10,6,1,SimpleHill,0-0,0,21,26-25,24-34;29-32;26-34;21-22;16-25;18-20,16-25,64,-11
random,random_robot_75,10,6,1,SimpleHill,0-0,0,22,16-25,24-31;15-19;11-20;11-19;13-22;23-20,13-22,56,-8
random,random_robot_75,10,6,1,SimpleHill,0-0,0,23,13-22,18-18;13-23;17-15;9-23;10-24;8-27,18-18,59,3
random,random_robot_75,10,6,1,SimpleHill,0-0,0,24,18-18,27-17;15-21;18-23;14-18;26-13;22-25,26-13,61,2
random,random_robot_75,10,6,1,SimpleHill,0-0,0,25,26-13,21-9;28-21;29-17;30-13;24-14;24-8,24-14,60,-1
random,random_robot_75,10,6,1,SimpleHill,0-0,0,26,24-14,19-13;23-12;21-15;18-9;23-5;15-15,21-15,58,-2
random,random_robot_75,10,6,1,SimpleHill,0-0,0,27,21-15,24-20;28-22;24-8;21-23;15-9;28-20,28-22,74,16
random,random_robot_75,10,6,1,SimpleHill,0-0,0,28,28-22,21-24;36-22;28-16;36-28;22-20;31-15,36-28,86,12
random,random_robot_75,10,6,1,SimpleHill,0-0,0,29,36-28,39-23;44-28;44-23;31-20;35-21;43-23,44-28,89,3
random,random_robot_75,10,6,1,SimpleHill,0-0,0,30,44-28,40-32;42-28;51-35;44-31;38-34;46-27,51-35,95,6
random,random_robot_75,10,6,1,SimpleHill,0-0,0,31,51-35,52-32;47-30;47-31;47-40;46-29;45-29,47-40,97,2
random,random_robot_75,10,6,1,SimpleHill,0-0,0,32,47-40,51-32;44-40;45-36;39-46;51-39;48-38,45-36,95,-2
random,random_robot_75,10,6,1,SimpleHill,0-0,0,33,45-36,43-44;53-36;39-28;40-38;44-45;39-39,39-28,87,-8
random,random_robot_75,10,6,1,SimpleHill,0-0,0,34,39-28,40-30;39-22;45-24;42-25;35-21;45-36,39-22,81,-6
random,random_robot_75,10,6,1,SimpleHill,0-0,0,35,39-22,31-20;31-18;47-26;37-25;39-25;45-22,37-25,84,3
random,random_robot_75,10,6,1,SimpleHill,0-0,0,36,37-25,42-29;39-25;41-34;39-29;42-30;46-21,46-21,82,-2
random,random_robot_75,10,6,1,SimpleHill,0-0,0,37,46-21,45-23;49-29;48-13;40-18;39-23;42-23,45-23,84,2
random,random_robot_75,10,6,1,SimpleHill,0-0,0,38,45-23,44-27;38-21;40-26;43-28;39-21;51-20,43-28,89,5
random,random_robot_75,10,6,1,SimpleHill,0-0,0,39,43-28,47-26;36-27;52-26;51-27;48-30;47-32,48-30,91,2
random,random_robot_75,10,6,1,SimpleHill,0-0,0,40,48-30,44-25;43-38;48-32;45-37;57-29;48-30,43-38,96,5
random,random_robot_75,10,6,1,SimpleHill,0-0,0,41,43-38,37-31;38-34;48-31;42-31;43-38;36-32,38-34,92,-4
random,random_robot_75,10,6,1,SimpleHill,0-0,0,42,38-34,38-44;34-33;38-24;43-35;43-33;41-31,38-24,83,-9
random,random_robot_75,10,6,1,SimpleHill,0-0,0,43,38-24,45-19;31-19;38-29;36-19;41-24;41-23,45-19,80,-3
random,random_robot_75,10,6,1,SimpleHill,0-0,0,44,45-19,48-20;53-14;38-20;36-17;45-24;45-21,48-20,81,1
random,random_robot_75,10,6,1,SimpleHill,0-0,0,45,48-20,44-28;53-19;55-21;44-26;51-18;41-14,44-28,89,8
random,random_robot_75,10,6,1,SimpleHill,0-0,0,46,44-28,50-24;39-30;46-23;45-34;40-20;41-23,39-30,89,0
random,random_robot_75,10,6,1,SimpleHill,0-0,0,47,39-30,35-37;32-34;47-33;38-29;31-34;38-26,32-34,88,-1
random,random_robot_75,10,6,1,SimpleHill,0-0,0,48,32-34,38-30;23-33;25-30;37-37;36-37;34-31,23-33,79,-9
random,random_robot_75,10,6,1,SimpleHill,0-0,0,49,23-33,28-39;16-40;32-37;23-23;23-41;29-38,28-39,87,8
random,random_robot_75,10,6,1,SimpleHill,0-0,0,50,28-39,29-38;28-41;36-42;35-36;26-38;31-45,26-38,85,-2
random,random_robot_75,10,6,1,SimpleHill,0-0,0,51,26-38,32-36;18-43;33-43;24-29;16-38;25-30,16-38,74,-11
random,random_robot_75,10,6,1,SimpleHill,0-0,0,52,16-38,23-38;23-32;9-38;23-34;10-33;17-39,17-39,75,1
random,random_robot_75,10,6,1,SimpleHill,0-0,0,53,17-39,21-46;21-44;20-48;20-33;13-46;9-34,20-33,76,1
random,random_robot_75,10,6,1,SimpleHill,0-0,0,54,20-33,14-29;27-34;15-39;26-25;18-26;29-35,14-29,65,-11
random,random_robot_75,10,6,1,SimpleHill,0-0,0,55,14-29,18-26;11-38;17-38;12-30;20-28;11-27,11-38,66,1
random,random_robot_75,10,6,1,SimpleHill,0-0,0,56,11-38,11-48;3-39;11-34;11-31;9-42;17-44,9-42,65,-1
random,random_robot_75,10,6,1,SimpleHill,0-0,0,57,9-42,6-43;8-46;15-50;3-49;2-35;5-49,15-50,75,10
random,random_robot_75,10,6,1,SimpleHill,0-0,0,58,15-50,23-50;13-55;16-44;17-44;20-42;13-59,13-55,72,-3
random,random_robot_75,10,6,1,SimpleHill,0-0,0,59,13-55,15-62;20-49;17-60;11-48;12-51;18-50,11-48,69,-3
random,random_robot_75,10,6,1,SimpleHill,0-0,0,60,11-48,6-56;13-47;19-48;11-51;4-43;19-42,4-43,56,-13
random,random_robot_75,10,6,1,SimpleHill,0-0,0,61,4-43,3-36;5-39;4-51;0-48;2-35;5-47,5-39,57,1
random,random_robot_75,10,6,1,SimpleHill,0-0,0,62,5-39,3-44;5-32;0-32;8-41;8-38;3-48,8-41,63,6
random,random_robot_75,10,6,1,SimpleHill,0-0,0,63,8-41,4-44;0-45;5-49;16-46;4-43;5-42,4-43,56,-7
random,random_robot_75,10,6,1,SimpleHill,0-0,0,64,4-43,1-36;9-51;4-34;3-36;4-37;10-49,4-34,52,-4
random,random_robot_75,10,6,1,SimpleHill,0-0,0,65,4-34,11-29;6-33;6-25;7-30;1-35;12-40,12-40,69,17
random,random_robot_75,10,6,1,SimpleHill,0-0,0,66,12-40,7-47;6-47;12-40;8-48;17-35;14-44,6-47,61,-8
random,random_robot_75,10,6,1,SimpleHill,0-0,0,67,6-47,6-55;4-55;5-44;1-50;6-41;3-55,1-50,51,-10
random,random_robot_75,10,6,1,SimpleHill,0-0,0,68,1-50,3-42;5-48;7-46;3-57;4-41;9-46,7-46,62,11
random,random_robot_75,10,6,1,SimpleHill,0-0,0,69,7-46,0-49;0-52;5-46;6-37;12-39;14-48,12-39,68,6
random,random_robot_75,10,6,1,SimpleHill,0-0,0,70,12-39,7-38;21-36;11-39;17-43;13-40;20-39,11-39,67,-1
random,random_robot_75,10,6,1,SimpleHill,0-0,0,71,11-39,7-44;17-41;15-37;18-36;17-42;4-35,17-42,76,9
random,random_robot_75,10,6,1,SimpleHill,0-0,0,72,17-42,23-42;8-45;24-44;24-36;14-47;15-37,14-47,73,-3
random,random_robot_75,10,6,1,SimpleHill,0-0,0,73,14-47,22-48;8-50;20-49;9-52;20-55;8-45,20-55,81,8
random,random_robot_75,10,6,1,SimpleHill,0-0,0,74,20-55,20-64;11-54;14-47;14-55;26-55;22-58,20-64,78,-3
random,random_robot_75,10,6,1,SimpleHill,0-0,0,75,20-64,11-65;22-63;16-67;21-60;28-64;15-58,28-64,86,8
random,random_robot_75,10,6,1,SimpleHill,0-0,0,76,28-64,33-64;36-67;22-70;23-67;24-61;30-62,23-67,79,-7
random,random_robot_75,10,6,1,SimpleHill,0-0,0,77,23-67,15-67;18-59;27-67;20-67;29-67;23-64,23-64,81,2
random,random_robot_75,10,6,1,SimpleHill,0-0,0,78,23-64,21-65;17-68;26-67;26-63;19-58;24-66,26-67,82,1
random,random_robot_75,10,6,1,SimpleHill,0-0,0,79,26-67,23-65;23-61;29-61;23-66;33-65;34-66,34-66,89,7
