simulation_type,subj_id,sight_radius,n_gabors,block_ix,landscape_name,starting_pos,starting_score,trial,pos,stims,selected,score,delta
random,random_robot_121,10,6,1,SimpleHill,0-0,0,0,0-0,0-0;2-5;2-0;8-2;1-2;9-3,2-0,3,3
random,random_robot_121,10,6,1,SimpleHill,0-0,0,1,2-0,10-5;11-4;7-0;10-0;10-3;7-8,7-8,27,24
random,random_robot_121,10,6,1,SimpleHill,0-0,0,2,7-8,12-4;1-9;13-11;13-10;14-1;9-5,12-4,28,1
random,random_robot_121,10,6,1,SimpleHill,0-0,0,3,12-4,8-7;15-9;19-1;5-3;16-5;5-6,16-5,36,8
random,random_robot_121,10,6,1,SimpleHill,0-0,0,4,16-5,15-13;15-3;16-6;23-9;25-1;19-5,15-3,31,-5
random,random_robot_121,10,6,1,SimpleHill,0-0,0,5,15-3,20-6;5-3;7-6;20-10;19-3;11-0,19-3,36,5
random,random_robot_121,10,6,1,SimpleHill,0-0,0,6,19-3,18-1;19-0;21-10;23-0;27-3;18-12,23-0,35,-1
random,random_robot_121,10,6,1,SimpleHill,0-0,0,7,23-0,31-6;18-0;16-0;17-0;20-8;13-0,31-6,54,19
random,random_robot_121,10,6,1,SimpleHill,0-0,0,8,31-6,31-15;31-3;36-5;33-11;26-8;22-9,36-5,55,1
random,random_robot_121,10,6,1,SimpleHill,0-0,0,9,36-5,36-8;44-5;28-11;36-15;37-1;37-9,37-1,48,-7
random,random_robot_121,10,6,1,SimpleHill,0-0,0,10,37-1,28-3;44-0;43-5;28-5;34-7;37-10,34-7,57,9
random,random_robot_121,10,6,1,SimpleHill,0-0,0,11,34-7,30-6;37-6;33-13;39-9;37-13;24-7,39-9,63,6
random,random_robot_121,10,6,1,SimpleHill,0-0,0,12,39-9,35-8;46-11;36-3;35-3;41-3;43-6,46-11,69,6
random,random_robot_121,10,6,1,SimpleHill,0-0,0,13,46-11,45-20;48-17;44-17;50-11;53-16;43-19,53-16,76,7
random,random_robot_121,10,6,1,SimpleHill,0-0,0,14,53-16,51-8;60-10;61-20;53-11;47-14;60-14,60-10,66,-10
random,random_robot_121,10,6,1,SimpleHill,0-0,0,15,60-10,65-16;55-9;58-1;54-2;52-8;57-15,54-2,53,-13
random,random_robot_121,10,6,1,SimpleHill,0-0,0,16,54-2,56-10;50-4;60-9;53-9;53-1;60-6,56-10,67,14
random,random_robot_121,10,6,1,SimpleHill,0-0,0,17,56-10,55-11;53-11;55-9;56-12;64-14;60-18,60-18,77,10
random,random_robot_121,10,6,1,SimpleHill,0-0,0,18,60-18,54-15;60-21;67-23;68-20;60-9;56-12,60-21,81,4
random,random_robot_121,10,6,1,SimpleHill,0-0,0,19,60-21,56-27;53-19;61-12;54-14;55-25;64-19,53-19,80,-1
random,random_robot_121,10,6,1,SimpleHill,0-0,0,20,53-19,53-15;45-13;55-25;56-22;58-19;46-12,56-22,83,3
random,random_robot_121,10,6,1,SimpleHill,0-0,0,21,56-22,62-26;61-27;54-17;52-25;58-15;61-17,58-15,74,-9
random,random_robot_121,10,6,1,SimpleHill,0-0,0,22,58-15,61-15;65-8;53-10;54-11;52-11;58-6,58-6,60,-14
random,random_robot_121,10,6,1,SimpleHill,0-0,0,23,58-6,56-1;59-11;64-3;60-14;54-12;61-14,56-1,51,-9
random,random_robot_121,10,6,1,SimpleHill,0-0,0,24,56-1,52-7;52-8;47-5;64-7;53-3;62-3,64-7,59,8
random,random_robot_121,10,6,1,SimpleHill,0-0,0,25,64-7,55-11;60-6;57-8;62-4;56-13;57-9,56-13,71,12
random,random_robot_121,10,6,1,SimpleHill,0-0,0,26,56-13,55-5;52-16;53-13;65-10;52-17;53-6,53-13,72,1
random,random_robot_121,10,6,1,SimpleHill,0-0,0,27,53-13,54-4;49-7;54-20;56-22;50-7;51-16,56-22,83,11
random,random_robot_121,10,6,1,SimpleHill,0-0,0,28,56-22,61-14;65-20;59-26;49-17;55-28;60-20,55-28,89,6
random,random_robot_121,10,6,1,SimpleHill,0-0,0,29,55-28,49-27;63-22;46-29;55-22;61-22;46-31,46-29,90,1
random,random_robot_121,10,6,1,SimpleHill,0-0,0,30,46-29,42-26;52-37;49-24;39-35;43-30;44-32,43-30,91,1
random,random_robot_121,10,6,1,SimpleHill,0-0,0,31,43-30,42-37;38-23;45-39;36-36;40-23;52-26,40-23,83,-8
random,random_robot_121,10,6,1,SimpleHill,0-0,0,32,40-23,45-27;43-29;40-25;31-26;39-24;44-19,39-24,84,1
random,random_robot_121,10,6,1,SimpleHill,0-0,0,33,39-24,32-22;44-27;46-30;45-30;39-29;35-19,44-27,88,4
random,random_robot_121,10,6,1,SimpleHill,0-0,0,34,44-27,43-28;47-25;42-31;46-18;39-26;40-22,40-22,82,-6
random,random_robot_121,10,6,1,SimpleHill,0-0,0,35,40-22,38-21;48-22;43-29;33-17;41-13;35-16,41-13,71,-11
random,random_robot_121,10,6,1,SimpleHill,0-0,0,36,41-13,50-17;34-15;46-11;46-12;49-16;40-7,50-17,78,7
random,random_robot_121,10,6,1,SimpleHill,0-0,0,37,50-17,43-12;58-23;51-17;57-21;55-23;44-13,55-23,84,6
random,random_robot_121,10,6,1,SimpleHill,0-0,0,38,55-23,55-21;58-17;57-15;51-25;46-24;50-18,55-21,82,-2
random,random_robot_121,10,6,1,SimpleHill,0-0,0,39,55-21,57-26;53-26;55-20;57-12;63-22;53-21,53-26,88,6
random,random_robot_121,10,6,1,SimpleHill,0-0,0,40,53-26,60-23;61-24;46-25;51-25;48-31;54-26,51-25,87,-1
random,random_robot_121,10,6,1,SimpleHill,0-0,0,41,51-25,49-31;54-17;49-18;59-24;53-31;47-20,53-31,92,5
random,random_robot_121,10,6,1,SimpleHill,0-0,0,42,53-31,56-32;48-36;51-40;50-39;60-36;50-37,51-40,97,5
random,random_robot_121,10,6,1,SimpleHill,0-0,0,43,51-40,60-43;60-41;51-43;46-44;59-40;54-49,54-49,99,2
random,random_robot_121,10,6,1,SimpleHill,0-0,0,44,54-49,49-56;58-57;56-42;58-47;57-57;53-57,58-57,97,-2
random,random_robot_121,10,6,1,SimpleHill,0-0,0,45,58-57,50-56;53-50;55-61;61-62;64-59;58-51,64-59,94,-3
random,random_robot_121,10,6,1,SimpleHill,0-0,0,46,64-59,57-56;67-59;65-57;66-51;61-59;67-52,67-52,94,0
random,random_robot_121,10,6,1,SimpleHill,0-0,0,47,67-52,67-51;63-44;65-45;65-56;69-54;61-45,67-51,94,0
random,random_robot_121,10,6,1,SimpleHill,0-0,0,48,67-51,68-60;69-50;66-54;68-48;59-53;70-42,68-48,93,-1
random,random_robot_121,10,6,1,SimpleHill,0-0,0,49,68-48,64-47;62-47;70-49;66-44;66-53;61-48,62-47,96,3
random,random_robot_121,10,6,1,SimpleHill,0-0,0,50,62-47,55-51;66-41;70-45;61-48;58-38;67-40,66-41,93,-3
random,random_robot_121,10,6,1,SimpleHill,0-0,0,51,66-41,66-36;64-37;60-41;63-47;67-49;60-44,64-37,92,-1
random,random_robot_121,10,6,1,SimpleHill,0-0,0,52,64-37,61-30;62-30;70-36;66-45;57-36;58-42,57-36,95,3
random,random_robot_121,10,6,1,SimpleHill,0-0,0,53,57-36,49-35;63-39;56-38;53-34;49-33;63-32,63-32,90,-5
random,random_robot_121,10,6,1,SimpleHill,0-0,0,54,63-32,65-24;67-38;68-40;60-35;66-26;63-22,60-35,93,3
random,random_robot_121,10,6,1,SimpleHill,0-0,0,55,60-35,60-43;62-36;64-39;52-32;52-33;53-30,62-36,93,0
random,random_robot_121,10,6,1,SimpleHill,0-0,0,56,62-36,57-44;68-28;55-29;53-37;65-28;58-44,55-29,90,-3
random,random_robot_121,10,6,1,SimpleHill,0-0,0,57,55-29,46-26;62-26;55-22;62-28;53-31;52-35,52-35,95,5
random,random_robot_121,10,6,1,SimpleHill,0-0,0,58,52-35,57-43;44-33;44-29;54-27;57-33;56-40,44-33,93,-2
random,random_robot_121,10,6,1,SimpleHill,0-0,0,59,44-33,41-42;43-42;44-43;47-40;49-40;40-32,49-40,97,4
random,random_robot_121,10,6,1,SimpleHill,0-0,0,60,49-40,45-41;54-37;41-45;54-43;56-42;50-37,41-45,97,0
random,random_robot_121,10,6,1,SimpleHill,0-0,0,61,41-45,43-40;50-46;48-50;42-50;40-46;37-45,37-45,96,-1
random,random_robot_121,10,6,1,SimpleHill,0-0,0,62,37-45,45-49;35-36;33-36;30-40;33-41;44-42,45-49,99,3
random,random_robot_121,10,6,1,SimpleHill,0-0,0,63,45-49,48-53;54-47;51-42;38-43;47-54;40-41,48-53,99,0
random,random_robot_121,10,6,1,SimpleHill,0-0,0,64,48-53,47-49;46-58;54-49;53-60;51-52;50-60,54-49,99,0
random,random_robot_121,10,6,1,SimpleHill,0-0,0,65,54-49,47-50;57-48;56-57;51-45;61-43;50-43,61-43,96,-3
random,random_robot_121,10,6,1,SimpleHill,0-0,0,66,61-43,69-42;65-38;64-44;68-41;66-51;65-45,64-44,95,-1
random,random_robot_121,10,6,1,SimpleHill,0-0,0,67,64-44,62-52;69-47;68-53;63-47;56-40;69-49,56-40,97,2
random,random_robot_121,10,6,1,SimpleHill,0-0,0,68,56-40,50-40;65-39;53-47;49-42;60-40;56-46,56-46,98,1
random,random_robot_121,10,6,1,SimpleHill,0-0,0,69,56-46,48-49;50-44;60-54;58-50;53-54;65-48,60-54,97,-1
random,random_robot_121,10,6,1,SimpleHill,0-0,0,70,60-54,68-55;54-51;60-45;55-46;55-48;68-53,55-46,99,2
random,random_robot_121,10,6,1,SimpleHill,0-0,0,71,55-46,49-49;50-54;54-37;62-49;62-51;53-45,53-45,99,0
random,random_robot_121,10,6,1,SimpleHill,0-0,0,72,53-45,43-45;57-36;51-36;49-45;44-49;56-48,51-36,96,-3
random,random_robot_121,10,6,1,SimpleHill,0-0,0,73,51-36,56-43;55-32;46-33;52-33;57-34;43-30,56-43,98,2
random,random_robot_121,10,6,1,SimpleHill,0-0,0,74,56-43,61-41;58-41;48-47;52-47;56-52;60-51,48-47,99,1
random,random_robot_121,10,6,1,SimpleHill,0-0,0,75,48-47,49-42;55-47;44-42;50-41;54-49;49-40,54-49,99,0
random,random_robot_121,10,6,1,SimpleHill,0-0,0,76,54-49,47-43;62-54;50-44;51-51;62-53;56-49,62-53,96,-3
random,random_robot_121,10,6,1,SimpleHill,0-0,0,77,62-53,67-57;66-53;54-50;68-54;54-54;69-58,68-54,93,-3
random,random_robot_121,10,6,1,SimpleHill,0-0,0,78,68-54,63-60;60-49;60-56;67-56;70-52;66-54,60-56,97,4
random,random_robot_121,10,6,1,SimpleHill,0-0,0,79,60-56,53-60;53-58;57-52;66-63;66-59;63-64,66-63,91,-6
