simulation_type,subj_id,sight_radius,n_gabors,block_ix,landscape_name,starting_pos,starting_score,trial,pos,stims,selected,score,delta
random,random_robot_184,10,6,1,SimpleHill,0-0,0,0,0-0,4-1;6-8;4-3;1-9;3-0;0-5,3-0,5,5
random,random_robot_184,10,6,1,SimpleHill,0-0,0,1,3-0,9-2;4-3;12-4;1-0;1-8;1-3,9-2,20,15
random,random_robot_184,10,6,1,SimpleHill,0-0,0,2,9-2,16-6;0-3;17-0;6-6;11-8;14-3,6-6,22,2
random,random_robot_184,10,6,1,SimpleHill,0-0,0,3,6-6,14-3;15-2;3-2;2-9;0-8;5-4,15-2,29,7
random,random_robot_184,10,6,1,SimpleHill,0-0,0,4,15-2,15-4;17-5;14-8;13-5;19-1;20-9,15-4,33,4
random,random_robot_184,10,6,1,SimpleHill,0-0,0,5,15-4,18-9;10-10;8-0;16-12;11-1;21-2,10-10,36,3
random,random_robot_184,10,6,1,SimpleHill,0-0,0,6,10-10,14-9;16-2;9-18;17-16;11-13;13-9,9-18,45,9
random,random_robot_184,10,6,1,SimpleHill,0-0,0,7,9-18,15-16;13-24;13-16;15-11;1-22;11-21,1-22,36,-9
random,random_robot_184,10,6,1,SimpleHill,0-0,0,8,1-22,7-19;7-20;6-26;1-13;6-29;4-14,1-13,24,-12
random,random_robot_184,10,6,1,SimpleHill,0-0,0,9,1-13,4-10;0-18;1-7;0-9;5-20;8-19,4-10,25,1
random,random_robot_184,10,6,1,SimpleHill,0-0,0,10,4-10,2-5;11-10;13-12;8-2;6-5;2-3,2-3,9,-16
random,random_robot_184,10,6,1,SimpleHill,0-0,0,11,2-3,5-9;4-11;9-8;1-3;2-0;6-10,1-3,7,-2
random,random_robot_184,10,6,1,SimpleHill,0-0,0,12,1-3,3-7;2-1;2-6;2-8;4-9;1-7,2-1,5,-2
random,random_robot_184,10,6,1,SimpleHill,0-0,0,13,2-1,7-2;8-9;8-6;2-6;0-7;6-2,8-6,26,21
random,random_robot_184,10,6,1,SimpleHill,0-0,0,14,8-6,15-3;14-14;10-12;11-5;10-2;0-8,14-14,48,22
random,random_robot_184,10,6,1,SimpleHill,0-0,0,15,14-14,7-11;18-10;10-22;10-13;13-12;17-9,10-13,40,-8
random,random_robot_184,10,6,1,SimpleHill,0-0,0,16,10-13,7-9;10-22;4-16;16-13;8-10;10-20,8-10,32,-8
random,random_robot_184,10,6,1,SimpleHill,0-0,0,17,8-10,7-2;8-5;7-4;4-11;13-4;5-8,5-8,24,-8
random,random_robot_184,10,6,1,SimpleHill,0-0,0,18,5-8,4-9;12-12;10-4;1-13;5-4;10-6,12-12,42,18
random,random_robot_184,10,6,1,SimpleHill,0-0,0,19,12-12,10-12;7-8;7-13;6-6;6-13;4-15,10-12,39,-3
random,random_robot_184,10,6,1,SimpleHill,0-0,0,20,10-12,17-15;9-11;5-10;18-16;7-18;7-15,5-10,27,-12
random,random_robot_184,10,6,1,SimpleHill,0-0,0,21,5-10,5-7;13-4;12-13;0-5;13-12;2-19,13-12,43,16
random,random_robot_184,10,6,1,SimpleHill,0-0,0,22,13-12,9-21;21-9;16-3;17-14;7-13;11-9,9-21,49,6
random,random_robot_184,10,6,1,SimpleHill,0-0,0,23,9-21,7-17;11-19;2-25;16-22;15-13;10-27,7-17,41,-8
random,random_robot_184,10,6,1,SimpleHill,0-0,0,24,7-17,0-24;2-24;7-12;1-10;12-17;9-12,9-12,37,-4
random,random_robot_184,10,6,1,SimpleHill,0-0,0,25,9-12,8-4;5-3;13-15;18-10;4-19;10-20,4-19,38,1
random,random_robot_184,10,6,1,SimpleHill,0-0,0,26,4-19,9-20;3-20;6-14;6-17;6-13;10-22,3-20,37,-1
random,random_robot_184,10,6,1,SimpleHill,0-0,0,27,3-20,9-24;11-26;5-24;5-12;4-14;5-25,4-14,31,-6
random,random_robot_184,10,6,1,SimpleHill,0-0,0,28,4-14,7-12;1-10;1-5;8-9;0-10;2-20,2-20,35,4
random,random_robot_184,10,6,1,SimpleHill,0-0,0,29,2-20,5-28;0-14;1-23;2-14;8-21;5-24,2-14,28,-7
random,random_robot_184,10,6,1,SimpleHill,0-0,0,30,2-14,2-6;5-12;6-22;1-14;3-17;4-19,1-14,26,-2
random,random_robot_184,10,6,1,SimpleHill,0-0,0,31,1-14,1-11;2-13;1-7;7-7;7-16;9-17,1-11,21,-5
random,random_robot_184,10,6,1,SimpleHill,0-0,0,32,1-11,9-11;7-5;8-10;9-15;8-5;2-17,9-15,41,20
random,random_robot_184,10,6,1,SimpleHill,0-0,0,33,9-15,14-22;15-17;16-20;11-18;18-12;10-24,11-18,49,8
random,random_robot_184,10,6,1,SimpleHill,0-0,0,34,11-18,13-17;17-14;11-25;13-24;17-16;7-26,17-14,52,3
random,random_robot_184,10,6,1,SimpleHill,0-0,0,35,17-14,20-11;18-11;24-10;22-10;19-19;22-7,24-10,54,2
random,random_robot_184,10,6,1,SimpleHill,0-0,0,36,24-10,25-3;17-13;17-8;22-6;27-1;34-10,25-3,43,-11
random,random_robot_184,10,6,1,SimpleHill,0-0,0,37,25-3,16-1;33-6;31-5;20-10;29-7;23-2,16-1,28,-15
random,random_robot_184,10,6,1,SimpleHill,0-0,0,38,16-1,25-3;12-9;7-5;7-2;8-4;9-6,9-6,27,-1
random,random_robot_184,10,6,1,SimpleHill,0-0,0,39,9-6,8-9;6-15;4-10;8-2;12-5;9-15,6-15,36,9
random,random_robot_184,10,6,1,SimpleHill,0-0,0,40,6-15,0-13;1-20;1-13;11-17;13-21;14-15,11-17,47,11
random,random_robot_184,10,6,1,SimpleHill,0-0,0,41,11-17,16-23;3-19;19-11;14-23;15-17;14-16,14-16,50,3
random,random_robot_184,10,6,1,SimpleHill,0-0,0,42,14-16,11-13;23-16;12-22;16-20;22-16;7-19,23-16,62,12
random,random_robot_184,10,6,1,SimpleHill,0-0,0,43,23-16,24-9;31-10;22-16;27-24;24-22;28-18,22-16,61,-1
random,random_robot_184,10,6,1,SimpleHill,0-0,0,44,22-16,14-20;26-15;19-16;26-19;16-11;28-22,26-15,63,2
random,random_robot_184,10,6,1,SimpleHill,0-0,0,45,26-15,17-19;22-10;30-15;18-14;20-10;31-8,22-10,52,-11
random,random_robot_184,10,6,1,SimpleHill,0-0,0,46,22-10,25-9;27-10;23-1;21-14;23-11;23-6,23-11,55,3
random,random_robot_184,10,6,1,SimpleHill,0-0,0,47,23-11,30-16;18-11;20-8;24-14;16-14;31-11,18-11,49,-6
random,random_robot_184,10,6,1,SimpleHill,0-0,0,48,18-11,10-8;15-11;25-12;20-2;14-12;13-5,15-11,45,-4
random,random_robot_184,10,6,1,SimpleHill,0-0,0,49,15-11,23-15;22-16;14-17;17-11;16-13;12-13,12-13,43,-2
random,random_robot_184,10,6,1,SimpleHill,0-0,0,50,12-13,21-10;20-7;12-12;16-17;4-15;13-17,4-15,33,-10
random,random_robot_184,10,6,1,SimpleHill,0-0,0,51,4-15,7-11;2-15;3-15;8-22;0-12;8-13,0-12,21,-12
random,random_robot_184,10,6,1,SimpleHill,0-0,0,52,0-12,3-20;7-5;6-10;7-13;1-16;4-8,6-10,29,8
random,random_robot_184,10,6,1,SimpleHill,0-0,0,53,6-10,14-7;8-10;2-3;1-9;12-16;12-10,12-10,39,10
random,random_robot_184,10,6,1,SimpleHill,0-0,0,54,12-10,21-8;20-6;14-3;7-2;15-15;14-19,14-19,54,15
random,random_robot_184,10,6,1,SimpleHill,0-0,0,55,14-19,17-20;16-25;8-14;17-27;12-15;14-25,17-27,67,13
random,random_robot_184,10,6,1,SimpleHill,0-0,0,56,17-27,24-22;13-21;13-20;18-24;25-23;22-34,13-21,55,-12
random,random_robot_184,10,6,1,SimpleHill,0-0,0,57,13-21,5-18;11-26;7-21;13-11;11-28;16-17,7-21,46,-9
random,random_robot_184,10,6,1,SimpleHill,0-0,0,58,7-21,7-31;1-26;12-26;10-18;10-25;14-19,12-26,59,13
random,random_robot_184,10,6,1,SimpleHill,0-0,0,59,12-26,12-25;6-28;14-18;15-18;13-20;11-22,13-20,54,-5
random,random_robot_184,10,6,1,SimpleHill,0-0,0,60,13-20,8-21;10-12;10-14;7-22;7-21;14-11,14-11,43,-11
random,random_robot_184,10,6,1,SimpleHill,0-0,0,61,14-11,9-8;15-12;16-13;11-20;22-14;20-3,20-3,37,-6
random,random_robot_184,10,6,1,SimpleHill,0-0,0,62,20-3,25-1;15-5;24-6;15-6;21-9;28-5,21-9,49,12
random,random_robot_184,10,6,1,SimpleHill,0-0,0,63,21-9,23-1;22-13;18-17;22-16;13-5;26-9,18-17,57,8
random,random_robot_184,10,6,1,SimpleHill,0-0,0,64,18-17,16-19;27-14;14-18;10-22;9-16;12-17,9-16,43,-14
random,random_robot_184,10,6,1,SimpleHill,0-0,0,65,9-16,11-21;15-14;9-11;15-12;15-21;5-15,15-14,49,6
random,random_robot_184,10,6,1,SimpleHill,0-0,0,66,15-14,12-20;10-18;9-14;14-18;18-16;12-23,10-18,47,-2
random,random_robot_184,10,6,1,SimpleHill,0-0,0,67,10-18,11-15;8-16;10-25;16-12;7-16;11-14,7-16,39,-8
random,random_robot_184,10,6,1,SimpleHill,0-0,0,68,7-16,8-7;13-20;0-16;12-8;2-21;5-8,2-21,37,-2
random,random_robot_184,10,6,1,SimpleHill,0-0,0,69,2-21,9-21;1-27;1-24;0-12;7-15;2-29,9-21,49,12
random,random_robot_184,10,6,1,SimpleHill,0-0,0,70,9-21,15-18;14-28;2-14;3-14;17-20;14-18,17-20,60,11
random,random_robot_184,10,6,1,SimpleHill,0-0,0,71,17-20,15-20;18-22;26-19;18-14;13-25;21-26,13-25,60,0
random,random_robot_184,10,6,1,SimpleHill,0-0,0,72,13-25,8-26;7-24;14-33;19-27;14-22;12-27,7-24,49,-11
random,random_robot_184,10,6,1,SimpleHill,0-0,0,73,7-24,1-28;2-24;8-28;10-18;6-19;6-28,1-28,42,-7
random,random_robot_184,10,6,1,SimpleHill,0-0,0,74,1-28,6-31;2-20;4-33;6-26;9-32;0-35,0-35,45,3
random,random_robot_184,10,6,1,SimpleHill,0-0,0,75,0-35,2-41;2-32;6-39;7-29;5-34;4-42,4-42,56,11
random,random_robot_184,10,6,1,SimpleHill,0-0,0,76,4-42,6-51;4-37;4-44;10-50;3-39;3-36,3-36,51,-5
random,random_robot_184,10,6,1,SimpleHill,0-0,0,77,3-36,0-31;6-34;7-43;6-37;3-30;5-42,0-31,42,-9
random,random_robot_184,10,6,1,SimpleHill,0-0,0,78,0-31,5-38;0-38;7-36;8-31;4-28;0-37,8-31,57,15
random,random_robot_184,10,6,1,SimpleHill,0-0,0,79,8-31,8-22;8-34;5-38;8-25;4-33;12-35,8-22,49,-8
