simulation_type,subj_id,sight_radius,n_gabors,block_ix,landscape_name,starting_pos,starting_score,trial,pos,stims,selected,score,delta
random,random_robot_24,10,6,1,SimpleHill,0-0,0,0,0-0,1-3;5-5;2-1;0-4;5-6;0-7,2-1,5,5
random,random_robot_24,10,6,1,SimpleHill,0-0,0,1,2-1,7-9;9-5;6-7;9-7;11-4;4-0,9-7,29,24
random,random_robot_24,10,6,1,SimpleHill,0-0,0,2,9-7,12-14;11-15;12-4;11-0;16-3;10-6,12-14,45,16
random,random_robot_24,10,6,1,SimpleHill,0-0,0,3,12-14,15-15;10-16;21-15;4-11;16-13;14-10,10-16,44,-1
random,random_robot_24,10,6,1,SimpleHill,0-0,0,4,10-16,8-8;12-9;4-17;8-25;14-11;14-14,12-9,37,-7
random,random_robot_24,10,6,1,SimpleHill,0-0,0,5,12-9,12-4;15-7;5-13;13-10;5-7;5-15,15-7,38,1
random,random_robot_24,10,6,1,SimpleHill,0-0,0,6,15-7,17-14;18-15;8-9;16-13;8-1;14-1,8-1,16,-22
random,random_robot_24,10,6,1,SimpleHill,0-0,0,7,8-1,16-4;11-7;8-1;12-4;2-2;15-8,12-4,28,12
random,random_robot_24,10,6,1,SimpleHill,0-0,0,8,12-4,20-6;5-8;13-6;13-8;7-9;4-5,7-9,29,1
random,random_robot_24,10,6,1,SimpleHill,0-0,0,9,7-9,15-12;4-14;7-3;5-16;6-0;9-4,5-16,36,7
random,random_robot_24,10,6,1,SimpleHill,0-0,0,10,5-16,11-9;4-16;5-25;1-13;6-16;14-14,5-25,47,11
random,random_robot_24,10,6,1,SimpleHill,0-0,0,11,5-25,8-34;10-28;2-30;9-28;11-18;12-20,9-28,56,9
random,random_robot_24,10,6,1,SimpleHill,0-0,0,12,9-28,14-24;11-37;3-28;4-31;11-30;3-34,4-31,50,-6
random,random_robot_24,10,6,1,SimpleHill,0-0,0,13,4-31,2-30;0-35;13-30;3-27;13-31;7-23,3-27,45,-5
random,random_robot_24,10,6,1,SimpleHill,0-0,0,14,3-27,8-28;5-30;5-21;6-30;4-18;5-25,6-30,53,8
random,random_robot_24,10,6,1,SimpleHill,0-0,0,15,6-30,11-23;6-31;2-26;9-22;10-29;3-39,6-31,54,1
random,random_robot_24,10,6,1,SimpleHill,0-0,0,16,6-31,4-37;14-29;5-26;10-36;14-35;2-25,5-26,47,-7
random,random_robot_24,10,6,1,SimpleHill,0-0,0,17,5-26,1-25;5-29;11-30;3-17;15-26;11-28,5-29,50,3
random,random_robot_24,10,6,1,SimpleHill,0-0,0,18,5-29,14-27;5-24;2-20;7-21;12-34;1-26,7-21,46,-4
random,random_robot_24,10,6,1,SimpleHill,0-0,0,19,7-21,13-29;16-24;2-16;8-13;15-24;15-20,15-20,57,11
random,random_robot_24,10,6,1,SimpleHill,0-0,0,20,15-20,11-22;14-21;16-15;18-25;9-25;22-15,9-25,53,-4
random,random_robot_24,10,6,1,SimpleHill,0-0,0,21,9-25,16-26;15-33;4-19;6-25;3-29;3-33,16-26,65,12
random,random_robot_24,10,6,1,SimpleHill,0-0,0,22,16-26,8-21;19-31;17-29;13-25;9-31;25-30,9-31,59,-6
random,random_robot_24,10,6,1,SimpleHill,0-0,0,23,9-31,16-37;13-25;10-29;3-32;14-32;11-27,13-25,60,1
random,random_robot_24,10,6,1,SimpleHill,0-0,0,24,13-25,4-28;6-27;13-30;11-29;8-17;21-26,6-27,50,-10
random,random_robot_24,10,6,1,SimpleHill,0-0,0,25,6-27,4-36;13-20;0-29;6-31;12-34;4-30,12-34,66,16
random,random_robot_24,10,6,1,SimpleHill,0-0,0,26,12-34,7-28;10-34;9-41;7-39;14-26;17-42,10-34,62,-4
random,random_robot_24,10,6,1,SimpleHill,0-0,0,27,10-34,14-35;11-38;13-41;2-39;5-32;11-27,11-38,66,4
random,random_robot_24,10,6,1,SimpleHill,0-0,0,28,11-38,8-38;10-37;12-41;15-38;14-46;9-29,10-37,64,-2
random,random_robot_24,10,6,1,SimpleHill,0-0,0,29,10-37,9-43;10-43;9-37;13-39;10-31;5-43,10-43,67,3
random,random_robot_24,10,6,1,SimpleHill,0-0,0,30,10-43,14-50;7-46;11-43;8-37;1-44;7-52,11-43,68,1
random,random_robot_24,10,6,1,SimpleHill,0-0,0,31,11-43,8-39;7-39;8-42;18-44;19-37;8-46,18-44,78,10
random,random_robot_24,10,6,1,SimpleHill,0-0,0,32,18-44,12-51;9-44;21-51;20-52;20-50;24-51,12-51,71,-7
random,random_robot_24,10,6,1,SimpleHill,0-0,0,33,12-51,21-54;14-42;18-48;15-52;13-54;16-43,18-48,79,8
random,random_robot_24,10,6,1,SimpleHill,0-0,0,34,18-48,15-56;25-41;19-50;16-42;26-53;16-43,16-42,75,-4
random,random_robot_24,10,6,1,SimpleHill,0-0,0,35,16-42,12-40;17-50;10-49;23-47;10-37;14-49,17-50,78,3
random,random_robot_24,10,6,1,SimpleHill,0-0,0,36,17-50,9-44;24-51;26-47;22-49;24-48;10-50,24-51,86,8
random,random_robot_24,10,6,1,SimpleHill,0-0,0,37,24-51,25-60;21-60;20-60;15-48;19-47;17-45,15-48,75,-11
random,random_robot_24,10,6,1,SimpleHill,0-0,0,38,15-48,21-49;10-51;11-57;22-53;24-52;17-52,24-52,86,11
random,random_robot_24,10,6,1,SimpleHill,0-0,0,39,24-52,29-58;17-49;28-50;24-42;32-54;29-48,17-49,78,-8
random,random_robot_24,10,6,1,SimpleHill,0-0,0,40,17-49,13-47;18-41;21-56;16-55;19-57;14-41,21-56,82,4
random,random_robot_24,10,6,1,SimpleHill,0-0,0,41,21-56,25-65;25-61;16-57;19-54;24-64;21-56,25-61,85,3
random,random_robot_24,10,6,1,SimpleHill,0-0,0,42,25-61,25-68;22-54;18-62;21-65;26-52;27-70,25-68,81,-4
random,random_robot_24,10,6,1,SimpleHill,0-0,0,43,25-68,31-64;23-65;25-67;34-64;19-61;29-59,29-59,89,8
random,random_robot_24,10,6,1,SimpleHill,0-0,0,44,29-59,22-58;21-55;37-57;25-50;28-52;23-66,23-66,80,-9
random,random_robot_24,10,6,1,SimpleHill,0-0,0,45,23-66,21-68;25-59;21-66;19-66;30-59;14-64,30-59,90,10
random,random_robot_24,10,6,1,SimpleHill,0-0,0,46,30-59,20-59;23-64;29-67;27-68;27-53;33-59,27-68,82,-8
random,random_robot_24,10,6,1,SimpleHill,0-0,0,47,27-68,29-61;18-66;27-62;20-70;27-60;20-62,27-62,86,4
random,random_robot_24,10,6,1,SimpleHill,0-0,0,48,27-62,19-62;29-61;20-68;31-67;31-63;36-60,19-62,77,-9
random,random_robot_24,10,6,1,SimpleHill,0-0,0,49,19-62,27-58;11-64;26-66;24-65;22-67;16-54,11-64,65,-12
random,random_robot_24,10,6,1,SimpleHill,0-0,0,50,11-64,12-70;13-63;14-68;8-58;16-68;8-59,12-70,63,-2
random,random_robot_24,10,6,1,SimpleHill,0-0,0,51,12-70,18-68;16-64;15-70;3-70;15-69;9-65,3-70,47,-16
random,random_robot_24,10,6,1,SimpleHill,0-0,0,52,3-70,2-70;8-63;2-63;5-65;1-67;0-65,0-65,45,-2
random,random_robot_24,10,6,1,SimpleHill,0-0,0,53,0-65,7-64;2-60;8-59;1-62;0-56;4-67,8-59,63,18
random,random_robot_24,10,6,1,SimpleHill,0-0,0,54,8-59,4-68;6-57;4-58;10-52;3-65;15-65,10-52,67,4
random,random_robot_24,10,6,1,SimpleHill,0-0,0,55,10-52,16-51;4-46;6-55;2-46;8-53;18-54,8-53,64,-3
random,random_robot_24,10,6,1,SimpleHill,0-0,0,56,8-53,3-48;6-61;6-60;2-55;12-53;7-57,7-57,62,-2
random,random_robot_24,10,6,1,SimpleHill,0-0,0,57,7-57,9-61;7-59;13-64;4-65;7-65;1-50,9-61,63,1
random,random_robot_24,10,6,1,SimpleHill,0-0,0,58,9-61,8-60;11-67;10-60;0-57;5-53;9-53,8-60,62,-1
random,random_robot_24,10,6,1,SimpleHill,0-0,0,59,8-60,9-59;8-67;10-54;10-63;3-63;1-58,10-54,67,5
random,random_robot_24,10,6,1,SimpleHill,0-0,0,60,10-54,19-53;9-58;15-58;12-45;8-51;13-49,12-45,70,3
random,random_robot_24,10,6,1,SimpleHill,0-0,0,61,12-45,17-38;15-47;3-49;11-50;11-44;18-51,18-51,79,9
random,random_robot_24,10,6,1,SimpleHill,0-0,0,62,18-51,24-46;12-50;12-59;20-51;22-42;17-57,22-42,83,4
random,random_robot_24,10,6,1,SimpleHill,0-0,0,63,22-42,17-49;14-42;22-47;13-39;28-43;18-36,13-39,70,-13
random,random_robot_24,10,6,1,SimpleHill,0-0,0,64,13-39,6-44;16-37;14-44;11-46;13-34;16-36,11-46,69,-1
random,random_robot_24,10,6,1,SimpleHill,0-0,0,65,11-46,14-38;8-47;4-44;4-40;14-44;17-43,14-38,71,2
random,random_robot_24,10,6,1,SimpleHill,0-0,0,66,14-38,15-41;16-47;19-46;13-46;15-34;21-38,13-46,72,1
random,random_robot_24,10,6,1,SimpleHill,0-0,0,67,13-46,17-51;16-44;21-43;19-54;5-46;11-43,16-44,76,4
random,random_robot_24,10,6,1,SimpleHill,0-0,0,68,16-44,7-46;13-38;16-50;24-42;8-48;8-39,16-50,76,0
random,random_robot_24,10,6,1,SimpleHill,0-0,0,69,16-50,20-50;18-44;22-56;13-56;17-45;8-44,22-56,83,7
random,random_robot_24,10,6,1,SimpleHill,0-0,0,70,22-56,13-60;25-54;17-64;29-63;20-58;24-57,25-54,87,4
random,random_robot_24,10,6,1,SimpleHill,0-0,0,71,25-54,33-51;22-50;24-59;28-59;28-57;25-58,28-59,88,1
random,random_robot_24,10,6,1,SimpleHill,0-0,0,72,28-59,28-68;35-52;23-66;28-53;27-56;33-51,28-68,83,-5
random,random_robot_24,10,6,1,SimpleHill,0-0,0,73,28-68,23-68;31-63;27-68;28-68;22-65;22-66,28-68,83,0
random,random_robot_24,10,6,1,SimpleHill,0-0,0,74,28-68,33-60;25-60;28-63;27-59;33-64;25-62,28-63,86,3
random,random_robot_24,10,6,1,SimpleHill,0-0,0,75,28-63,34-58;30-70;29-54;32-68;36-60;33-64,30-70,84,-2
random,random_robot_24,10,6,1,SimpleHill,0-0,0,76,30-70,30-65;30-61;34-66;30-70;21-68;27-66,30-65,87,3
random,random_robot_24,10,6,1,SimpleHill,0-0,0,77,30-65,28-68;22-65;30-57;38-60;20-65;24-65,30-57,91,4
random,random_robot_24,10,6,1,SimpleHill,0-0,0,78,30-57,26-50;37-60;35-49;24-65;34-50;35-53,26-50,88,-3
random,random_robot_24,10,6,1,SimpleHill,0-0,0,79,26-50,35-53;25-43;20-56;34-53;23-52;32-55,20-56,81,-7
