simulation_type,subj_id,sight_radius,n_gabors,block_ix,landscape_name,starting_pos,starting_score,trial,pos,stims,selected,score,delta
random,random_robot_2,10,6,1,SimpleHill,0-0,0,0,0-0,3-6;5-0;5-4;3-1;2-0;0-10,3-6,17,17
random,random_robot_2,10,6,1,SimpleHill,0-0,0,1,3-6,3-8;5-6;10-4;8-7;0-9;12-2,12-2,25,8
random,random_robot_2,10,6,1,SimpleHill,0-0,0,2,12-2,15-4;5-7;11-3;19-7;20-1;14-3,15-4,33,8
random,random_robot_2,10,6,1,SimpleHill,0-0,0,3,15-4,21-2;20-10;19-8;9-6;10-0;10-12,9-6,27,-6
random,random_robot_2,10,6,1,SimpleHill,0-0,0,4,9-6,10-12;9-15;11-1;16-0;12-0;9-1,11-1,21,-6
random,random_robot_2,10,6,1,SimpleHill,0-0,0,5,11-1,4-7;12-7;5-9;14-7;20-2;14-10,14-7,37,16
random,random_robot_2,10,6,1,SimpleHill,0-0,0,6,14-7,17-11;7-9;20-7;15-4;16-1;16-5,17-11,47,10
random,random_robot_2,10,6,1,SimpleHill,0-0,0,7,17-11,17-12;23-7;10-5;12-10;16-18;23-13,10-5,27,-20
random,random_robot_2,10,6,1,SimpleHill,0-0,0,8,10-5,18-10;18-0;14-1;13-14;1-2;15-4,18-0,29,2
random,random_robot_2,10,6,1,SimpleHill,0-0,0,9,18-0,21-6;17-6;9-0;19-7;18-9;22-9,19-7,43,14
random,random_robot_2,10,6,1,SimpleHill,0-0,0,10,19-7,25-7;20-2;22-14;21-5;18-12;20-10,20-10,50,7
random,random_robot_2,10,6,1,SimpleHill,0-0,0,11,20-10,15-18;17-12;25-16;18-15;22-12;28-14,25-16,64,14
random,random_robot_2,10,6,1,SimpleHill,0-0,0,12,25-16,17-21;21-21;28-25;20-18;17-13;19-15,17-13,50,-14
random,random_robot_2,10,6,1,SimpleHill,0-0,0,13,17-13,15-6;13-21;22-20;14-17;19-14;23-14,19-14,54,4
random,random_robot_2,10,6,1,SimpleHill,0-0,0,14,19-14,19-11;10-18;25-6;20-20;24-10;19-13,24-10,54,0
random,random_robot_2,10,6,1,SimpleHill,0-0,0,15,24-10,25-9;16-15;22-6;29-8;22-19;17-13,17-13,50,-4
random,random_robot_2,10,6,1,SimpleHill,0-0,0,16,17-13,20-8;23-10;14-14;24-20;11-6;13-7,24-20,68,18
random,random_robot_2,10,6,1,SimpleHill,0-0,0,17,24-20,20-18;23-18;23-11;22-17;30-20;22-22,30-20,74,6
random,random_robot_2,10,6,1,SimpleHill,0-0,0,18,30-20,22-26;37-24;34-13;33-14;27-15;33-27,34-13,67,-7
random,random_robot_2,10,6,1,SimpleHill,0-0,0,19,34-13,34-12;34-8;37-5;36-12;40-17;32-13,36-12,67,0
random,random_robot_2,10,6,1,SimpleHill,0-0,0,20,36-12,28-15;31-10;39-18;30-7;29-10;30-16,30-7,55,-12
random,random_robot_2,10,6,1,SimpleHill,0-0,0,21,30-7,27-10;26-16;30-12;34-3;26-7;23-3,30-12,63,8
random,random_robot_2,10,6,1,SimpleHill,0-0,0,22,30-12,34-9;34-14;24-17;37-16;21-16;25-14,34-14,68,5
random,random_robot_2,10,6,1,SimpleHill,0-0,0,23,34-14,25-11;42-15;38-22;34-8;35-22;27-10,38-22,81,13
random,random_robot_2,10,6,1,SimpleHill,0-0,0,24,38-22,39-29;32-27;30-28;41-20;32-28;37-15,32-28,83,2
random,random_robot_2,10,6,1,SimpleHill,0-0,0,25,32-28,31-30;40-34;38-27;30-31;38-28;37-31,30-31,84,1
random,random_robot_2,10,6,1,SimpleHill,0-0,0,26,30-31,22-26;23-26;24-33;30-32;25-29;30-29,30-29,83,-1
random,random_robot_2,10,6,1,SimpleHill,0-0,0,27,30-29,33-35;38-31;32-26;24-22;23-29;26-30,33-35,89,6
random,random_robot_2,10,6,1,SimpleHill,0-0,0,28,33-35,29-27;28-28;40-42;35-30;34-31;36-32,34-31,87,-2
random,random_robot_2,10,6,1,SimpleHill,0-0,0,29,34-31,38-37;30-32;41-31;26-36;27-36;27-33,26-36,84,-3
random,random_robot_2,10,6,1,SimpleHill,0-0,0,30,26-36,26-40;23-35;23-37;32-37;24-38;23-43,23-35,80,-4
random,random_robot_2,10,6,1,SimpleHill,0-0,0,31,23-35,26-34;29-28;28-40;16-41;20-31;22-39,28-40,88,8
random,random_robot_2,10,6,1,SimpleHill,0-0,0,32,28-40,26-49;23-33;25-43;35-47;20-39;34-32,26-49,88,0
random,random_robot_2,10,6,1,SimpleHill,0-0,0,33,26-49,19-44;19-53;30-46;23-40;24-45;31-44,24-45,85,-3
random,random_robot_2,10,6,1,SimpleHill,0-0,0,34,24-45,30-49;29-39;32-45;22-52;31-41;18-50,31-41,91,6
random,random_robot_2,10,6,1,SimpleHill,0-0,0,35,31-41,23-45;30-34;28-48;30-32;36-34;28-36,28-48,90,-1
random,random_robot_2,10,6,1,SimpleHill,0-0,0,36,28-48,35-43;30-56;26-46;25-50;28-56;31-43,28-56,89,-1
random,random_robot_2,10,6,1,SimpleHill,0-0,0,37,28-56,24-49;33-61;26-58;23-57;33-58;22-57,26-58,87,-2
random,random_robot_2,10,6,1,SimpleHill,0-0,0,38,26-58,25-67;26-63;29-55;29-56;21-55;22-59,26-63,85,-2
random,random_robot_2,10,6,1,SimpleHill,0-0,0,39,26-63,18-58;26-57;19-62;25-54;30-65;21-57,18-58,78,-7
random,random_robot_2,10,6,1,SimpleHill,0-0,0,40,18-58,20-58;25-65;15-55;18-62;9-58;21-62,15-55,75,-3
random,random_robot_2,10,6,1,SimpleHill,0-0,0,41,15-55,19-57;20-57;21-50;13-54;22-50;9-51,9-51,66,-9
random,random_robot_2,10,6,1,SimpleHill,0-0,0,42,9-51,9-44;13-49;11-47;2-49;4-48;10-52,11-47,69,3
random,random_robot_2,10,6,1,SimpleHill,0-0,0,43,11-47,8-53;3-42;5-55;19-41;17-46;16-46,3-42,54,-15
random,random_robot_2,10,6,1,SimpleHill,0-0,0,44,3-42,9-43;5-46;5-49;9-49;0-50;9-46,9-46,66,12
random,random_robot_2,10,6,1,SimpleHill,0-0,0,45,9-46,11-45;7-38;11-37;16-50;10-50;9-44,11-45,69,3
random,random_robot_2,10,6,1,SimpleHill,0-0,0,46,11-45,11-54;18-40;15-51;7-39;11-53;12-54,18-40,77,8
random,random_robot_2,10,6,1,SimpleHill,0-0,0,47,18-40,24-38;14-31;19-36;9-39;21-46;21-35,24-38,83,6
random,random_robot_2,10,6,1,SimpleHill,0-0,0,48,24-38,32-34;33-36;31-35;30-34;18-41;25-30,31-35,88,5
random,random_robot_2,10,6,1,SimpleHill,0-0,0,49,31-35,30-44;39-30;39-35;24-31;34-29;28-33,28-33,84,-4
random,random_robot_2,10,6,1,SimpleHill,0-0,0,50,28-33,33-41;24-33;30-24;31-35;29-40;24-28,24-33,80,-4
random,random_robot_2,10,6,1,SimpleHill,0-0,0,51,24-33,16-39;30-25;26-41;18-30;25-28;18-31,30-25,79,-1
random,random_robot_2,10,6,1,SimpleHill,0-0,0,52,30-25,33-20;33-22;27-31;22-28;36-22;37-23,33-22,78,-1
random,random_robot_2,10,6,1,SimpleHill,0-0,0,53,33-22,34-17;37-13;36-17;32-31;37-27;26-16,37-27,86,8
random,random_robot_2,10,6,1,SimpleHill,0-0,0,54,37-27,37-28;45-30;41-35;33-22;39-18;35-21,41-35,93,7
random,random_robot_2,10,6,1,SimpleHill,0-0,0,55,41-35,38-36;42-41;40-27;49-37;40-33;37-43,49-37,96,3
random,random_robot_2,10,6,1,SimpleHill,0-0,0,56,49-37,55-34;43-34;58-37;52-37;41-35;46-39,55-34,94,-2
random,random_robot_2,10,6,1,SimpleHill,0-0,0,57,55-34,51-37;53-28;60-32;59-36;48-33;55-27,59-36,94,0
random,random_robot_2,10,6,1,SimpleHill,0-0,0,58,59-36,64-44;55-33;59-41;68-35;53-41;52-36,64-44,95,1
random,random_robot_2,10,6,1,SimpleHill,0-0,0,59,64-44,59-43;65-45;58-39;69-41;66-49;64-39,58-39,96,1
random,random_robot_2,10,6,1,SimpleHill,0-0,0,60,58-39,49-40;62-44;59-43;62-39;55-35;52-43,59-43,97,1
random,random_robot_2,10,6,1,SimpleHill,0-0,0,61,59-43,54-50;53-41;65-47;65-39;62-50;53-46,54-50,99,2
random,random_robot_2,10,6,1,SimpleHill,0-0,0,62,54-50,48-54;61-50;60-55;63-50;47-55;47-53,47-55,99,0
random,random_robot_2,10,6,1,SimpleHill,0-0,0,63,47-55,50-59;43-56;43-63;52-61;52-59;49-60,43-63,95,-4
random,random_robot_2,10,6,1,SimpleHill,0-0,0,64,43-63,51-67;40-63;49-63;52-64;37-58;36-62,51-67,94,-1
random,random_robot_2,10,6,1,SimpleHill,0-0,0,65,51-67,51-58;54-65;55-62;59-62;55-60;56-67,55-62,96,2
random,random_robot_2,10,6,1,SimpleHill,0-0,0,66,55-62,49-57;55-52;54-62;54-61;51-60;53-57,51-60,97,1
random,random_robot_2,10,6,1,SimpleHill,0-0,0,67,51-60,55-68;52-53;44-62;57-56;49-55;54-66,52-53,99,2
random,random_robot_2,10,6,1,SimpleHill,0-0,0,68,52-53,58-45;47-56;51-52;44-59;48-44;46-55,46-55,99,0
random,random_robot_2,10,6,1,SimpleHill,0-0,0,69,46-55,40-60;47-55;40-58;53-49;46-61;51-50,53-49,99,0
random,random_robot_2,10,6,1,SimpleHill,0-0,0,70,53-49,60-43;61-43;61-53;44-49;52-40;53-43,60-43,97,-2
random,random_robot_2,10,6,1,SimpleHill,0-0,0,71,60-43,59-38;59-52;53-47;60-51;65-39;62-46,53-47,99,2
random,random_robot_2,10,6,1,SimpleHill,0-0,0,72,53-47,53-57;45-53;59-43;50-45;47-48;52-47,45-53,99,0
random,random_robot_2,10,6,1,SimpleHill,0-0,0,73,45-53,52-46;52-55;48-55;47-59;41-48;50-55,41-48,98,-1
random,random_robot_2,10,6,1,SimpleHill,0-0,0,74,41-48,34-42;39-39;39-55;41-46;44-43;39-42,34-42,93,-5
random,random_robot_2,10,6,1,SimpleHill,0-0,0,75,34-42,33-43;40-40;42-41;27-44;30-35;35-37,40-40,96,3
random,random_robot_2,10,6,1,SimpleHill,0-0,0,76,40-40,49-39;43-35;32-35;32-45;43-48;47-44,47-44,99,3
random,random_robot_2,10,6,1,SimpleHill,0-0,0,77,47-44,47-41;41-51;53-36;48-37;56-45;42-41,41-51,98,-1
random,random_robot_2,10,6,1,SimpleHill,0-0,0,78,41-51,33-49;43-44;39-48;49-45;33-46;46-51,46-51,99,1
random,random_robot_2,10,6,1,SimpleHill,0-0,0,79,46-51,50-48;38-52;43-55;45-46;38-55;46-51,46-51,99,0
