simulation_type,subj_id,sight_radius,n_gabors,block_ix,landscape_name,starting_pos,starting_score,trial,pos,stims,selected,score,delta
random,random_robot_34,10,6,1,SimpleHill,0-0,0,0,0-0,1-4;7-3;8-1;9-3;3-2;0-0,7-3,18,18
random,random_robot_34,10,6,1,SimpleHill,0-0,0,1,7-3,4-2;3-2;10-1;5-6;3-0;16-0,10-1,19,1
random,random_robot_34,10,6,1,SimpleHill,0-0,0,2,10-1,2-4;8-7;19-1;18-3;5-5;9-4,19-1,32,13
random,random_robot_34,10,6,1,SimpleHill,0-0,0,3,19-1,23-6;22-0;18-0;16-3;24-7;21-7,22-0,34,2
random,random_robot_34,10,6,1,SimpleHill,0-0,0,4,22-0,25-9;19-1;23-2;28-6;14-6;26-8,26-8,53,19
random,random_robot_34,10,6,1,SimpleHill,0-0,0,5,26-8,35-12;23-4;32-15;27-4;24-5;23-13,24-5,45,-8
random,random_robot_34,10,6,1,SimpleHill,0-0,0,6,24-5,17-9;24-10;16-11;18-11;32-4;27-9,18-11,49,4
random,random_robot_34,10,6,1,SimpleHill,0-0,0,7,18-11,25-7;25-11;26-14;15-10;18-2;21-17,21-17,61,12
random,random_robot_34,10,6,1,SimpleHill,0-0,0,8,21-17,27-25;12-14;19-26;22-9;29-15;28-22,22-9,50,-11
random,random_robot_34,10,6,1,SimpleHill,0-0,0,9,22-9,26-17;16-10;19-7;15-5;26-13;23-12,19-7,43,-7
random,random_robot_34,10,6,1,SimpleHill,0-0,0,10,19-7,17-0;11-8;12-1;20-9;25-12;13-1,13-1,24,-19
random,random_robot_34,10,6,1,SimpleHill,0-0,0,11,13-1,10-6;13-6;17-0;19-6;14-6;13-7,17-0,28,4
random,random_robot_34,10,6,1,SimpleHill,0-0,0,12,17-0,16-8;20-1;16-2;18-4;9-6;12-6,12-6,32,4
random,random_robot_34,10,6,1,SimpleHill,0-0,0,13,12-6,6-13;5-10;4-0;11-13;16-9;6-11,5-10,27,-5
random,random_robot_34,10,6,1,SimpleHill,0-0,0,14,5-10,0-14;6-9;9-3;10-14;5-14;8-15,0-14,24,-3
random,random_robot_34,10,6,1,SimpleHill,0-0,0,15,0-14,0-14;8-9;1-8;0-19;0-8;6-8,6-8,26,2
random,random_robot_34,10,6,1,SimpleHill,0-0,0,16,6-8,15-9;7-11;9-11;9-8;11-7;12-12,12-12,42,16
random,random_robot_34,10,6,1,SimpleHill,0-0,0,17,12-12,11-16;12-21;13-11;8-19;14-10;13-14,14-10,42,0
random,random_robot_34,10,6,1,SimpleHill,0-0,0,18,14-10,17-17;14-10;10-9;18-4;9-11;15-16,15-16,52,10
random,random_robot_34,10,6,1,SimpleHill,0-0,0,19,15-16,14-13;8-12;15-16;23-18;17-14;18-15,14-13,46,-6
random,random_robot_34,10,6,1,SimpleHill,0-0,0,20,14-13,6-16;15-19;5-12;7-20;19-17;19-13,19-13,53,7
random,random_robot_34,10,6,1,SimpleHill,0-0,0,21,19-13,16-8;17-7;16-17;19-11;15-5;17-15,15-5,35,-18
random,random_robot_34,10,6,1,SimpleHill,0-0,0,22,15-5,17-3;7-11;16-12;11-10;7-1;8-4,11-10,37,2
random,random_robot_34,10,6,1,SimpleHill,0-0,0,23,11-10,19-5;12-7;12-19;3-10;10-2;12-4,3-10,23,-14
random,random_robot_34,10,6,1,SimpleHill,0-0,0,24,3-10,5-8;3-0;2-11;10-7;9-7;4-4,4-4,15,-8
random,random_robot_34,10,6,1,SimpleHill,0-0,0,25,4-4,12-9;10-3;8-13;6-4;0-7;7-13,7-13,35,20
random,random_robot_34,10,6,1,SimpleHill,0-0,0,26,7-13,15-17;11-20;15-7;14-19;12-18;0-17,15-17,53,18
random,random_robot_34,10,6,1,SimpleHill,0-0,0,27,15-17,23-17;16-19;23-19;8-21;8-12;12-15,23-17,63,10
random,random_robot_34,10,6,1,SimpleHill,0-0,0,28,23-17,22-15;23-9;21-19;25-9;30-22;17-10,21-19,63,0
random,random_robot_34,10,6,1,SimpleHill,0-0,0,29,21-19,24-18;27-24;20-28;26-12;19-19;22-11,22-11,53,-10
random,random_robot_34,10,6,1,SimpleHill,0-0,0,30,22-11,21-17;30-8;25-20;15-14;23-19;30-12,23-19,66,13
random,random_robot_34,10,6,1,SimpleHill,0-0,0,31,23-19,23-22;30-19;19-11;19-27;32-22;16-21,23-22,69,3
random,random_robot_34,10,6,1,SimpleHill,0-0,0,32,23-22,25-30;24-13;28-23;26-14;28-28;22-21,28-23,75,6
random,random_robot_34,10,6,1,SimpleHill,0-0,0,33,28-23,28-25;31-22;30-30;24-16;29-22;26-14,26-14,62,-13
random,random_robot_34,10,6,1,SimpleHill,0-0,0,34,26-14,18-9;32-15;34-11;25-23;20-10;21-21,20-10,50,-12
random,random_robot_34,10,6,1,SimpleHill,0-0,0,35,20-10,15-2;26-16;16-3;14-14;16-12;18-3,16-3,32,-18
random,random_robot_34,10,6,1,SimpleHill,0-0,0,36,16-3,20-4;21-9;18-5;13-4;17-10;21-10,21-10,51,19
random,random_robot_34,10,6,1,SimpleHill,0-0,0,37,21-10,18-12;21-13;20-7;26-6;17-9;19-13,20-7,45,-6
random,random_robot_34,10,6,1,SimpleHill,0-0,0,38,20-7,28-10;15-3;14-5;24-11;19-9;21-14,14-5,33,-12
random,random_robot_34,10,6,1,SimpleHill,0-0,0,39,14-5,20-4;15-1;11-14;11-4;14-15;22-6,11-14,43,10
random,random_robot_34,10,6,1,SimpleHill,0-0,0,40,11-14,11-5;7-18;12-11;7-15;12-15;7-5,7-15,38,-5
random,random_robot_34,10,6,1,SimpleHill,0-0,0,41,7-15,10-7;14-14;4-15;2-9;3-11;4-7,4-15,33,-5
random,random_robot_34,10,6,1,SimpleHill,0-0,0,42,4-15,7-20;4-6;13-14;8-18;8-9;10-12,4-6,18,-15
random,random_robot_34,10,6,1,SimpleHill,0-0,0,43,4-6,4-15;4-3;6-6;10-10;5-8;12-2,6-6,22,4
random,random_robot_34,10,6,1,SimpleHill,0-0,0,44,6-6,11-3;2-14;11-7;6-15;6-3;6-13,11-3,25,3
random,random_robot_34,10,6,1,SimpleHill,0-0,0,45,11-3,9-12;15-3;13-9;8-4;2-7;6-4,13-9,39,14
random,random_robot_34,10,6,1,SimpleHill,0-0,0,46,13-9,16-3;21-3;19-10;11-6;8-14;11-2,19-10,48,9
random,random_robot_34,10,6,1,SimpleHill,0-0,0,47,19-10,20-1;15-13;15-18;20-3;20-11;20-13,20-1,33,-15
random,random_robot_34,10,6,1,SimpleHill,0-0,0,48,20-1,23-5;15-6;29-4;29-5;27-1;29-3,29-5,50,17
random,random_robot_34,10,6,1,SimpleHill,0-0,0,49,29-5,33-8;30-8;24-5;29-4;24-6;31-3,31-3,48,-2
random,random_robot_34,10,6,1,SimpleHill,0-0,0,50,31-3,31-12;25-10;38-9;33-1;32-6;40-4,32-6,54,6
random,random_robot_34,10,6,1,SimpleHill,0-0,0,51,32-6,29-8;32-14;28-11;30-15;36-8;35-5,29-8,55,1
random,random_robot_34,10,6,1,SimpleHill,0-0,0,52,29-8,27-14;37-7;28-16;29-1;31-15;28-8,31-15,68,13
random,random_robot_34,10,6,1,SimpleHill,0-0,0,53,31-15,27-10;29-19;31-14;37-23;37-21;30-17,37-21,79,11
random,random_robot_34,10,6,1,SimpleHill,0-0,0,54,37-21,30-16;30-26;31-14;31-15;41-18;40-14,30-26,80,1
random,random_robot_34,10,6,1,SimpleHill,0-0,0,55,30-26,33-20;25-33;29-26;26-35;27-25;26-19,27-25,76,-4
random,random_robot_34,10,6,1,SimpleHill,0-0,0,56,27-25,24-31;26-17;24-33;20-24;29-31;22-17,24-33,80,4
random,random_robot_34,10,6,1,SimpleHill,0-0,0,57,24-33,15-29;24-41;24-25;15-33;30-39;27-30,24-41,84,4
random,random_robot_34,10,6,1,SimpleHill,0-0,0,58,24-41,20-45;18-48;20-44;32-37;33-42;29-45,29-45,90,6
random,random_robot_34,10,6,1,SimpleHill,0-0,0,59,29-45,36-39;31-39;25-39;28-45;37-42;37-49,37-42,95,5
random,random_robot_34,10,6,1,SimpleHill,0-0,0,60,37-42,31-42;39-50;34-47;29-43;39-33;38-39,29-43,90,-5
random,random_robot_34,10,6,1,SimpleHill,0-0,0,61,29-43,30-39;34-35;29-35;20-44;28-37;38-40,29-35,86,-4
random,random_robot_34,10,6,1,SimpleHill,0-0,0,62,29-35,24-32;34-37;28-36;28-42;34-29;32-31,32-31,86,0
random,random_robot_34,10,6,1,SimpleHill,0-0,0,63,32-31,29-26;38-32;29-25;39-32;27-36;33-23,38-32,90,4
random,random_robot_34,10,6,1,SimpleHill,0-0,0,64,38-32,40-31;36-27;36-35;39-33;46-27;36-33,36-33,90,0
random,random_robot_34,10,6,1,SimpleHill,0-0,0,65,36-33,42-37;30-40;42-34;37-41;43-39;41-41,42-37,95,5
random,random_robot_34,10,6,1,SimpleHill,0-0,0,66,42-37,44-41;46-40;37-45;48-40;45-38;47-37,44-41,97,2
random,random_robot_34,10,6,1,SimpleHill,0-0,0,67,44-41,42-36;40-42;48-35;47-36;41-41;50-45,40-42,96,-1
random,random_robot_34,10,6,1,SimpleHill,0-0,0,68,40-42,39-43;48-43;43-48;46-50;38-42;44-45,38-42,95,-1
random,random_robot_34,10,6,1,SimpleHill,0-0,0,69,38-42,41-41;35-35;37-39;36-38;45-43;30-47,45-43,98,3
random,random_robot_34,10,6,1,SimpleHill,0-0,0,70,45-43,51-38;51-46;54-41;54-45;44-52;44-38,54-41,98,0
random,random_robot_34,10,6,1,SimpleHill,0-0,0,71,54-41,50-44;59-38;57-46;51-36;59-39;45-45,45-45,99,1
random,random_robot_34,10,6,1,SimpleHill,0-0,0,72,45-45,52-50;40-38;48-42;36-42;36-49;44-47,52-50,99,0
random,random_robot_34,10,6,1,SimpleHill,0-0,0,73,52-50,57-51;43-47;47-55;48-42;58-55;57-54,57-54,98,-1
random,random_robot_34,10,6,1,SimpleHill,0-0,0,74,57-54,63-57;56-49;59-53;63-52;48-56;57-63,56-49,99,1
random,random_robot_34,10,6,1,SimpleHill,0-0,0,75,56-49,58-49;59-41;60-58;59-49;59-40;57-56,59-41,96,-3
random,random_robot_34,10,6,1,SimpleHill,0-0,0,76,59-41,58-42;61-35;63-36;53-47;56-44;68-43,68-43,92,-4
random,random_robot_34,10,6,1,SimpleHill,0-0,0,77,68-43,66-38;63-42;69-42;60-45;59-41;62-37,69-42,91,-1
random,random_robot_34,10,6,1,SimpleHill,0-0,0,78,69-42,70-47;66-46;66-41;70-38;67-47;67-38,66-46,94,3
random,random_robot_34,10,6,1,SimpleHill,0-0,0,79,66-46,68-40;59-53;64-47;65-49;66-44;69-43,65-49,95,1
