simulation_type,subj_id,sight_radius,n_gabors,block_ix,landscape_name,starting_pos,starting_score,trial,pos,stims,selected,score,delta
random,random_robot_151,10,6,1,SimpleHill,0-0,0,0,0-0,6-0;7-5;9-2;2-4;6-6;6-2,6-0,11,11
random,random_robot_151,10,6,1,SimpleHill,0-0,0,1,6-0,2-1;3-4;3-5;8-4;6-1;8-1,3-5,15,4
random,random_robot_151,10,6,1,SimpleHill,0-0,0,2,3-5,10-2;9-5;2-1;8-1;8-12;10-8,10-8,32,17
random,random_robot_151,10,6,1,SimpleHill,0-0,0,3,10-8,14-5;1-9;16-7;5-16;10-9;5-4,5-4,17,-15
random,random_robot_151,10,6,1,SimpleHill,0-0,0,4,5-4,11-5;14-5;3-8;2-4;0-8;10-11,0-8,14,-3
random,random_robot_151,10,6,1,SimpleHill,0-0,0,5,0-8,2-12;5-7;5-6;3-15;6-8;5-11,5-6,20,6
random,random_robot_151,10,6,1,SimpleHill,0-0,0,6,5-6,2-12;4-11;10-11;1-6;9-4;4-1,4-1,9,-11
random,random_robot_151,10,6,1,SimpleHill,0-0,0,7,4-1,7-0;2-4;0-3;4-9;5-7;2-0,4-9,24,15
random,random_robot_151,10,6,1,SimpleHill,0-0,0,8,4-9,6-11;11-5;8-14;8-6;7-2;1-5,6-11,30,6
random,random_robot_151,10,6,1,SimpleHill,0-0,0,9,6-11,11-11;2-4;4-18;6-5;4-15;5-3,4-18,37,7
random,random_robot_151,10,6,1,SimpleHill,0-0,0,10,4-18,0-26;0-22;5-14;12-20;1-17;4-15,5-14,33,-4
random,random_robot_151,10,6,1,SimpleHill,0-0,0,11,5-14,7-13;5-4;14-13;5-6;3-6;0-12,5-6,20,-13
random,random_robot_151,10,6,1,SimpleHill,0-0,0,12,5-6,2-7;9-5;6-10;10-2;4-3;9-7,6-10,29,9
random,random_robot_151,10,6,1,SimpleHill,0-0,0,13,6-10,1-16;7-6;7-5;2-6;6-4;5-9,2-6,15,-14
random,random_robot_151,10,6,1,SimpleHill,0-0,0,14,2-6,9-3;5-0;9-11;1-11;9-9;4-4,4-4,15,0
random,random_robot_151,10,6,1,SimpleHill,0-0,0,15,4-4,3-3;6-3;12-6;6-9;5-13;1-6,5-13,32,17
random,random_robot_151,10,6,1,SimpleHill,0-0,0,16,5-13,2-20;12-8;7-21;7-20;4-4;1-18,4-4,15,-17
random,random_robot_151,10,6,1,SimpleHill,0-0,0,17,4-4,9-6;9-7;0-4;1-12;1-3;0-5,0-4,7,-8
random,random_robot_151,10,6,1,SimpleHill,0-0,0,18,0-4,5-1;2-13;7-6;7-2;6-6;4-8,5-1,11,4
random,random_robot_151,10,6,1,SimpleHill,0-0,0,19,5-1,3-10;8-7;1-0;5-3;4-4;12-0,8-7,27,16
random,random_robot_151,10,6,1,SimpleHill,0-0,0,20,8-7,7-15;7-5;10-6;12-13;1-4;15-7,10-6,29,2
random,random_robot_151,10,6,1,SimpleHill,0-0,0,21,10-6,17-2;1-4;6-11;17-8;17-4;5-5,6-11,30,1
random,random_robot_151,10,6,1,SimpleHill,0-0,0,22,6-11,4-8;7-3;8-15;4-16;5-2;12-4,8-15,40,10
random,random_robot_151,10,6,1,SimpleHill,0-0,0,23,8-15,17-14;8-16;16-10;8-14;9-9;8-18,8-18,44,4
random,random_robot_151,10,6,1,SimpleHill,0-0,0,24,8-18,10-17;5-11;13-25;8-18;6-26;5-23,10-17,46,2
random,random_robot_151,10,6,1,SimpleHill,0-0,0,25,10-17,13-12;9-19;10-9;7-16;5-16;16-15,7-16,39,-7
random,random_robot_151,10,6,1,SimpleHill,0-0,0,26,7-16,8-7;14-12;4-10;1-16;8-16;9-9,8-16,41,2
random,random_robot_151,10,6,1,SimpleHill,0-0,0,27,8-16,10-11;5-21;5-19;9-24;16-14;12-25,16-14,50,9
random,random_robot_151,10,6,1,SimpleHill,0-0,0,28,16-14,22-15;22-17;12-22;22-18;10-9;18-10,22-18,63,13
random,random_robot_151,10,6,1,SimpleHill,0-0,0,29,22-18,18-24;25-27;19-10;15-16;16-24;29-22,19-10,48,-15
random,random_robot_151,10,6,1,SimpleHill,0-0,0,30,19-10,21-1;15-11;24-15;20-1;13-16;21-14,21-1,35,-13
random,random_robot_151,10,6,1,SimpleHill,0-0,0,31,21-1,29-7;16-0;21-1;21-2;13-0;15-9,16-0,26,-9
random,random_robot_151,10,6,1,SimpleHill,0-0,0,32,16-0,19-7;14-4;13-6;11-7;7-4;18-1,7-4,20,-6
random,random_robot_151,10,6,1,SimpleHill,0-0,0,33,7-4,10-1;9-11;0-8;6-13;1-6;3-12,10-1,19,-1
random,random_robot_151,10,6,1,SimpleHill,0-0,0,34,10-1,5-3;5-8;19-2;5-9;11-3;9-6,5-3,15,-4
random,random_robot_151,10,6,1,SimpleHill,0-0,0,35,5-3,8-8;9-3;2-1;0-11;11-9;7-7,2-1,5,-10
random,random_robot_151,10,6,1,SimpleHill,0-0,0,36,2-1,8-7;5-6;7-7;6-10;4-7;7-4,4-7,20,15
random,random_robot_151,10,6,1,SimpleHill,0-0,0,37,4-7,1-11;3-3;2-2;4-1;8-13;4-5,2-2,7,-13
random,random_robot_151,10,6,1,SimpleHill,0-0,0,38,2-2,4-10;8-2;7-4;0-8;11-2;5-6,11-2,23,16
random,random_robot_151,10,6,1,SimpleHill,0-0,0,39,11-2,12-7;19-4;14-9;7-6;4-1;4-3,14-9,40,17
random,random_robot_151,10,6,1,SimpleHill,0-0,0,40,14-9,19-8;7-14;12-4;17-11;14-8;15-1,14-8,38,-2
random,random_robot_151,10,6,1,SimpleHill,0-0,0,41,14-8,13-11;13-1;11-0;9-8;4-8;14-18,9-8,31,-7
random,random_robot_151,10,6,1,SimpleHill,0-0,0,42,9-8,18-6;18-10;1-7;10-1;1-9;7-2,18-10,47,16
random,random_robot_151,10,6,1,SimpleHill,0-0,0,43,18-10,21-18;25-9;19-8;18-14;13-10;14-16,18-14,53,6
random,random_robot_151,10,6,1,SimpleHill,0-0,0,44,18-14,20-6;16-19;26-10;20-12;18-22;20-7,26-10,56,3
random,random_robot_151,10,6,1,SimpleHill,0-0,0,45,26-10,29-2;33-11;28-8;20-9;28-19;34-9,29-2,45,-11
random,random_robot_151,10,6,1,SimpleHill,0-0,0,46,29-2,32-7;33-2;29-11;22-1;26-4;38-5,38-5,56,11
random,random_robot_151,10,6,1,SimpleHill,0-0,0,47,38-5,46-4;44-11;37-11;34-14;34-0;47-6,34-0,44,-12
random,random_robot_151,10,6,1,SimpleHill,0-0,0,48,34-0,27-3;35-3;44-0;31-0;33-7;38-7,35-3,51,7
random,random_robot_151,10,6,1,SimpleHill,0-0,0,49,35-3,36-11;40-11;33-4;40-6;31-1;32-12,33-4,51,0
random,random_robot_151,10,6,1,SimpleHill,0-0,0,50,33-4,32-8;37-8;37-0;37-12;35-13;34-13,37-12,67,16
random,random_robot_151,10,6,1,SimpleHill,0-0,0,51,37-12,34-3;39-15;32-20;33-18;41-3;41-5,39-15,73,6
random,random_robot_151,10,6,1,SimpleHill,0-0,0,52,39-15,40-6;33-7;41-18;44-13;41-6;30-18,44-13,71,-2
random,random_robot_151,10,6,1,SimpleHill,0-0,0,53,44-13,42-6;39-19;50-8;47-7;42-19;42-9,42-9,65,-6
random,random_robot_151,10,6,1,SimpleHill,0-0,0,54,42-9,41-13;42-18;35-2;38-3;42-5;43-8,35-2,49,-16
random,random_robot_151,10,6,1,SimpleHill,0-0,0,55,35-2,31-8;41-8;39-6;34-0;28-7;30-4,31-8,57,8
random,random_robot_151,10,6,1,SimpleHill,0-0,0,56,31-8,32-9;30-1;39-13;29-17;32-1;34-7,39-13,70,13
random,random_robot_151,10,6,1,SimpleHill,0-0,0,57,39-13,39-8;47-16;34-18;33-12;41-17;32-10,33-12,65,-5
random,random_robot_151,10,6,1,SimpleHill,0-0,0,58,33-12,35-14;34-19;32-17;25-7;30-8;33-4,33-4,51,-14
random,random_robot_151,10,6,1,SimpleHill,0-0,0,59,33-4,33-10;42-0;36-10;29-8;33-13;28-4,42-0,48,-3
random,random_robot_151,10,6,1,SimpleHill,0-0,0,60,42-0,49-6;35-0;39-5;43-9;46-7;50-4,46-7,62,14
random,random_robot_151,10,6,1,SimpleHill,0-0,0,61,46-7,52-7;40-11;47-3;51-5;54-3;39-10,52-7,62,0
random,random_robot_151,10,6,1,SimpleHill,0-0,0,62,52-7,49-13;50-4;55-4;49-1;56-7;51-12,50-4,57,-5
random,random_robot_151,10,6,1,SimpleHill,0-0,0,63,50-4,45-2;57-3;45-3;51-3;59-0;53-1,51-3,55,-2
random,random_robot_151,10,6,1,SimpleHill,0-0,0,64,51-3,45-3;51-10;52-8;56-4;51-9;51-13,56-4,56,1
random,random_robot_151,10,6,1,SimpleHill,0-0,0,65,56-4,54-2;50-2;52-10;56-6;51-6;51-12,50-2,53,-3
random,random_robot_151,10,6,1,SimpleHill,0-0,0,66,50-2,41-6;50-10;50-7;51-8;43-7;58-1,58-1,50,-3
random,random_robot_151,10,6,1,SimpleHill,0-0,0,67,58-1,67-5;62-10;54-5;54-6;53-2;54-0,67-5,53,3
random,random_robot_151,10,6,1,SimpleHill,0-0,0,68,67-5,64-10;62-11;65-2;63-9;62-13;59-0,63-9,63,10
random,random_robot_151,10,6,1,SimpleHill,0-0,0,69,63-9,54-6;58-11;68-17;64-4;62-6;65-11,62-6,58,-5
random,random_robot_151,10,6,1,SimpleHill,0-0,0,70,62-6,68-10;54-8;54-9;66-2;64-11;57-1,54-9,66,8
random,random_robot_151,10,6,1,SimpleHill,0-0,0,71,54-9,48-16;62-15;50-16;56-14;55-1;48-3,56-14,73,7
random,random_robot_151,10,6,1,SimpleHill,0-0,0,72,56-14,62-12;58-5;59-22;53-20;59-17;51-8,59-17,76,3
random,random_robot_151,10,6,1,SimpleHill,0-0,0,73,59-17,52-17;52-21;54-25;55-17;60-17;62-23,54-25,87,11
random,random_robot_151,10,6,1,SimpleHill,0-0,0,74,54-25,59-22;51-26;52-18;53-31;57-21;49-23,49-23,85,-2
random,random_robot_151,10,6,1,SimpleHill,0-0,0,75,49-23,55-16;41-23;51-25;43-19;57-18;46-21,57-18,78,-7
random,random_robot_151,10,6,1,SimpleHill,0-0,0,76,57-18,57-14;56-14;60-18;59-23;52-16;65-17,65-17,73,-5
random,random_robot_151,10,6,1,SimpleHill,0-0,0,77,65-17,68-17;70-10;59-12;70-9;62-16;69-17,69-17,71,-2
random,random_robot_151,10,6,1,SimpleHill,0-0,0,78,69-17,69-22;67-18;65-22;63-25;62-21;69-15,62-21,80,9
random,random_robot_151,10,6,1,SimpleHill,0-0,0,79,62-21,65-22;67-18;63-23;59-24;61-24;69-24,69-24,79,-1
