simulation_type,subj_id,sight_radius,n_gabors,block_ix,landscape_name,starting_pos,starting_score,trial,pos,stims,selected,score,delta
random,random_robot_146,10,6,1,SimpleHill,0-0,0,0,0-0,7-4;2-9;4-8;8-3;8-0;3-1,8-3,20,20
random,random_robot_146,10,6,1,SimpleHill,0-0,0,1,8-3,5-1;11-8;9-1;16-9;16-1;6-4,9-1,18,-2
random,random_robot_146,10,6,1,SimpleHill,0-0,0,2,9-1,8-0;9-10;10-10;6-1;5-10;6-4,9-10,34,16
random,random_robot_146,10,6,1,SimpleHill,0-0,0,3,9-10,12-14;4-4;14-13;6-15;7-3;15-2,7-3,18,-16
random,random_robot_146,10,6,1,SimpleHill,0-0,0,4,7-3,4-9;5-11;7-3;16-0;1-11;12-8,4-9,24,6
random,random_robot_146,10,6,1,SimpleHill,0-0,0,5,4-9,5-12;0-16;6-10;9-11;8-9;2-4,0-16,26,2
random,random_robot_146,10,6,1,SimpleHill,0-0,0,6,0-16,1-20;3-24;6-13;2-21;3-18;7-21,3-24,42,16
random,random_robot_146,10,6,1,SimpleHill,0-0,0,7,3-24,7-25;1-25;6-28;9-19;3-17;5-32,1-25,39,-3
random,random_robot_146,10,6,1,SimpleHill,0-0,0,8,1-25,9-23;4-30;6-24;6-26;0-30;6-25,0-30,42,3
random,random_robot_146,10,6,1,SimpleHill,0-0,0,9,0-30,7-37;4-30;2-25;0-33;7-35;5-30,5-30,51,9
random,random_robot_146,10,6,1,SimpleHill,0-0,0,10,5-30,8-26;6-36;6-25;3-38;8-31;12-23,12-23,56,5
random,random_robot_146,10,6,1,SimpleHill,0-0,0,11,12-23,9-32;10-28;15-22;4-24;18-16;14-32,15-22,59,3
random,random_robot_146,10,6,1,SimpleHill,0-0,0,12,15-22,20-14;18-17;13-30;14-30;16-24;16-15,16-24,63,4
random,random_robot_146,10,6,1,SimpleHill,0-0,0,13,16-24,12-27;23-19;7-23;25-26;23-25;19-28,23-19,66,3
random,random_robot_146,10,6,1,SimpleHill,0-0,0,14,23-19,26-22;18-23;26-23;20-28;30-24;20-17,26-23,73,7
random,random_robot_146,10,6,1,SimpleHill,0-0,0,15,26-23,33-16;26-18;26-33;18-17;31-25;29-26,18-17,57,-16
random,random_robot_146,10,6,1,SimpleHill,0-0,0,16,18-17,19-21;18-12;24-10;14-9;15-23;27-17,18-12,50,-7
random,random_robot_146,10,6,1,SimpleHill,0-0,0,17,18-12,13-20;18-12;20-6;11-17;10-15;18-3,11-17,47,-3
random,random_robot_146,10,6,1,SimpleHill,0-0,0,18,11-17,5-19;11-21;11-22;19-22;8-24;13-19,19-22,65,18
random,random_robot_146,10,6,1,SimpleHill,0-0,0,19,19-22,15-20;15-17;16-18;24-19;13-22;23-22,15-17,53,-12
random,random_robot_146,10,6,1,SimpleHill,0-0,0,20,15-17,15-25;11-8;22-22;19-21;19-15;22-12,19-21,63,10
random,random_robot_146,10,6,1,SimpleHill,0-0,0,21,19-21,19-15;23-29;19-21;24-26;24-15;17-27,24-15,61,-2
random,random_robot_146,10,6,1,SimpleHill,0-0,0,22,24-15,17-8;21-17;26-11;26-6;28-23;29-13,21-17,61,0
random,random_robot_146,10,6,1,SimpleHill,0-0,0,23,21-17,21-15;27-21;18-15;13-19;24-25;28-16,21-15,58,-3
random,random_robot_146,10,6,1,SimpleHill,0-0,0,24,21-15,24-8;19-22;18-10;19-6;25-15;19-8,19-6,42,-16
random,random_robot_146,10,6,1,SimpleHill,0-0,0,25,19-6,23-3;20-9;21-8;19-5;18-9;17-11,18-9,45,3
random,random_robot_146,10,6,1,SimpleHill,0-0,0,26,18-9,23-12;22-6;24-1;26-10;19-14;9-10,26-10,56,11
random,random_robot_146,10,6,1,SimpleHill,0-0,0,27,26-10,26-2;29-16;32-11;30-17;25-13;31-10,32-11,63,7
random,random_robot_146,10,6,1,SimpleHill,0-0,0,28,32-11,41-10;39-5;24-6;29-16;24-7;36-6,36-6,57,-6
random,random_robot_146,10,6,1,SimpleHill,0-0,0,29,36-6,42-13;36-9;35-12;36-12;40-8;43-2,40-8,62,5
random,random_robot_146,10,6,1,SimpleHill,0-0,0,30,40-8,39-7;34-15;34-13;45-2;44-7;47-10,39-7,60,-2
random,random_robot_146,10,6,1,SimpleHill,0-0,0,31,39-7,41-3;44-1;45-10;46-12;43-16;40-4,46-12,70,10
random,random_robot_146,10,6,1,SimpleHill,0-0,0,32,46-12,39-16;52-15;43-11;45-11;49-7;46-16,45-11,69,-1
random,random_robot_146,10,6,1,SimpleHill,0-0,0,33,45-11,52-5;51-7;42-9;43-8;45-13;49-10,42-9,65,-4
random,random_robot_146,10,6,1,SimpleHill,0-0,0,34,42-9,51-5;39-16;41-12;38-7;41-6;50-15,41-12,69,4
random,random_robot_146,10,6,1,SimpleHill,0-0,0,35,41-12,42-19;41-15;45-10;37-15;36-10;39-19,39-19,78,9
random,random_robot_146,10,6,1,SimpleHill,0-0,0,36,39-19,37-23;42-26;38-19;30-22;40-20;43-22,43-22,83,5
random,random_robot_146,10,6,1,SimpleHill,0-0,0,37,43-22,35-19;46-29;47-13;52-23;42-31;38-24,35-19,76,-7
random,random_robot_146,10,6,1,SimpleHill,0-0,0,38,35-19,38-25;31-25;39-19;30-27;37-14;39-11,31-25,80,4
random,random_robot_146,10,6,1,SimpleHill,0-0,0,39,31-25,28-24;28-22;39-30;34-29;29-29;28-25,28-24,76,-4
random,random_robot_146,10,6,1,SimpleHill,0-0,0,40,28-24,36-20;29-29;28-29;20-23;20-21;26-22,20-23,67,-9
random,random_robot_146,10,6,1,SimpleHill,0-0,0,41,20-23,15-27;19-14;28-19;12-26;15-24;26-15,15-27,64,-3
random,random_robot_146,10,6,1,SimpleHill,0-0,0,42,15-27,9-31;10-30;12-18;14-27;16-35;24-25,9-31,59,-5
random,random_robot_146,10,6,1,SimpleHill,0-0,0,43,9-31,10-39;9-26;6-25;15-38;4-33;9-40,9-40,64,5
random,random_robot_146,10,6,1,SimpleHill,0-0,0,44,9-40,10-32;17-42;12-31;3-45;9-33;9-44,9-33,60,-4
random,random_robot_146,10,6,1,SimpleHill,0-0,0,45,9-33,0-35;14-41;9-23;12-35;13-32;2-36,0-35,45,-15
random,random_robot_146,10,6,1,SimpleHill,0-0,0,46,0-35,5-36;0-28;5-27;1-36;4-26;2-35,5-36,55,10
random,random_robot_146,10,6,1,SimpleHill,0-0,0,47,5-36,7-35;12-33;12-36;12-42;4-33;0-30,7-35,58,3
random,random_robot_146,10,6,1,SimpleHill,0-0,0,48,7-35,8-42;12-30;9-43;9-34;11-36;17-35,8-42,63,5
random,random_robot_146,10,6,1,SimpleHill,0-0,0,49,8-42,15-35;6-39;13-50;14-47;13-48;13-42,13-42,71,8
random,random_robot_146,10,6,1,SimpleHill,0-0,0,50,13-42,8-42;6-46;11-48;14-34;13-40;14-43,13-40,70,-1
random,random_robot_146,10,6,1,SimpleHill,0-0,0,51,13-40,19-48;13-41;13-39;8-36;14-39;16-31,14-39,71,1
random,random_robot_146,10,6,1,SimpleHill,0-0,0,52,14-39,13-43;13-47;18-30;11-35;19-35;23-43,18-30,71,0
random,random_robot_146,10,6,1,SimpleHill,0-0,0,53,18-30,24-24;24-30;19-33;20-38;10-36;14-32,24-30,78,7
random,random_robot_146,10,6,1,SimpleHill,0-0,0,54,24-30,17-35;22-37;28-34;28-25;21-23;27-37,27-37,86,8
random,random_robot_146,10,6,1,SimpleHill,0-0,0,55,27-37,25-32;31-40;25-43;31-38;28-42;21-45,25-43,86,0
random,random_robot_146,10,6,1,SimpleHill,0-0,0,56,25-43,27-42;18-42;29-42;28-42;16-40;29-49,29-49,91,5
random,random_robot_146,10,6,1,SimpleHill,0-0,0,57,29-49,25-54;35-43;32-47;22-56;22-43;29-42,22-43,83,-8
random,random_robot_146,10,6,1,SimpleHill,0-0,0,58,22-43,20-41;15-36;29-47;13-45;16-50;20-45,20-45,81,-2
random,random_robot_146,10,6,1,SimpleHill,0-0,0,59,20-45,13-44;13-52;12-45;19-43;14-42;16-42,12-45,70,-11
random,random_robot_146,10,6,1,SimpleHill,0-0,0,60,12-45,13-40;8-46;13-39;12-42;15-36;11-38,11-38,66,-4
random,random_robot_146,10,6,1,SimpleHill,0-0,0,61,11-38,4-32;13-41;13-34;4-36;11-47;7-38,7-38,60,-6
random,random_robot_146,10,6,1,SimpleHill,0-0,0,62,7-38,14-38;9-39;15-35;8-40;10-44;2-34,14-38,71,11
random,random_robot_146,10,6,1,SimpleHill,0-0,0,63,14-38,21-34;6-42;11-31;16-32;14-42;6-34,21-34,78,7
random,random_robot_146,10,6,1,SimpleHill,0-0,0,64,21-34,14-30;30-38;19-42;26-35;21-31;25-40,26-35,83,5
random,random_robot_146,10,6,1,SimpleHill,0-0,0,65,26-35,24-31;31-34;23-26;27-34;26-45;31-33,31-33,87,4
random,random_robot_146,10,6,1,SimpleHill,0-0,0,66,31-33,22-35;35-29;31-31;27-41;31-34;26-29,26-29,79,-8
random,random_robot_146,10,6,1,SimpleHill,0-0,0,67,26-29,22-38;29-32;23-36;29-37;23-32;28-30,23-36,81,2
random,random_robot_146,10,6,1,SimpleHill,0-0,0,68,23-36,19-40;23-26;24-38;28-35;23-42;25-29,19-40,78,-3
random,random_robot_146,10,6,1,SimpleHill,0-0,0,69,19-40,24-47;13-42;17-43;15-47;10-36;20-47,15-47,75,-3
random,random_robot_146,10,6,1,SimpleHill,0-0,0,70,15-47,23-48;16-52;9-49;23-45;16-42;18-51,16-52,76,1
random,random_robot_146,10,6,1,SimpleHill,0-0,0,71,16-52,16-58;15-57;12-44;18-44;13-47;16-52,12-44,70,-6
random,random_robot_146,10,6,1,SimpleHill,0-0,0,72,12-44,4-39;9-40;12-43;8-49;17-51;20-50,9-40,64,-6
random,random_robot_146,10,6,1,SimpleHill,0-0,0,73,9-40,19-40;4-45;12-45;8-47;5-33;8-35,4-45,57,-7
random,random_robot_146,10,6,1,SimpleHill,0-0,0,74,4-45,9-39;6-42;4-46;1-36;7-39;6-45,7-39,60,3
random,random_robot_146,10,6,1,SimpleHill,0-0,0,75,7-39,12-42;8-44;9-37;2-46;11-44;4-35,2-46,53,-7
random,random_robot_146,10,6,1,SimpleHill,0-0,0,76,2-46,9-45;7-41;10-48;6-47;8-41;2-56,2-56,53,0
random,random_robot_146,10,6,1,SimpleHill,0-0,0,77,2-56,2-49;1-50;7-52;5-64;6-53;7-56,5-64,55,2
random,random_robot_146,10,6,1,SimpleHill,0-0,0,78,5-64,2-62;6-57;1-69;3-68;2-56;11-60,6-57,60,5
random,random_robot_146,10,6,1,SimpleHill,0-0,0,79,6-57,3-50;11-52;5-50;6-67;6-55;9-54,9-54,66,6
