simulation_type,subj_id,sight_radius,n_gabors,block_ix,landscape_name,starting_pos,starting_score,trial,pos,stims,selected,score,delta
random,random_robot_141,10,6,1,SimpleHill,0-0,0,0,0-0,4-9;6-7;7-0;4-7;2-5;3-5,6-7,24,24
random,random_robot_141,10,6,1,SimpleHill,0-0,0,1,6-7,12-0;1-11;11-1;9-13;11-9;1-2,1-11,21,-3
random,random_robot_141,10,6,1,SimpleHill,0-0,0,2,1-11,4-10;6-7;0-13;6-14;11-11;6-4,6-14,35,14
random,random_robot_141,10,6,1,SimpleHill,0-0,0,3,6-14,5-16;3-12;15-16;9-17;6-13;6-23,15-16,52,17
random,random_robot_141,10,6,1,SimpleHill,0-0,0,4,15-16,10-22;20-22;10-17;23-13;11-7;14-23,11-7,32,-20
random,random_robot_141,10,6,1,SimpleHill,0-0,0,5,11-7,11-10;10-3;2-7;6-13;13-6;3-5,11-10,37,5
random,random_robot_141,10,6,1,SimpleHill,0-0,0,6,11-10,18-6;15-8;14-2;8-3;5-14;6-7,15-8,40,3
random,random_robot_141,10,6,1,SimpleHill,0-0,0,7,15-8,14-4;17-8;18-3;15-0;7-6;17-2,14-4,31,-9
random,random_robot_141,10,6,1,SimpleHill,0-0,0,8,14-4,18-1;11-4;15-3;16-7;14-6;23-0,16-7,39,8
random,random_robot_141,10,6,1,SimpleHill,0-0,0,9,16-7,17-13;12-0;7-9;7-6;12-6;18-8,17-13,50,11
random,random_robot_141,10,6,1,SimpleHill,0-0,0,10,17-13,14-5;22-16;21-14;13-22;24-8;12-6,14-5,33,-17
random,random_robot_141,10,6,1,SimpleHill,0-0,0,11,14-5,17-2;13-1;7-8;16-3;10-10;16-12,16-12,48,15
random,random_robot_141,10,6,1,SimpleHill,0-0,0,12,16-12,13-12;17-14;18-18;14-9;15-16;22-11,14-9,40,-8
random,random_robot_141,10,6,1,SimpleHill,0-0,0,13,14-9,6-14;18-9;21-8;8-14;6-7;6-8,8-14,38,-2
random,random_robot_141,10,6,1,SimpleHill,0-0,0,14,8-14,13-13;2-8;7-20;4-5;17-16;6-15,2-8,18,-20
random,random_robot_141,10,6,1,SimpleHill,0-0,0,15,2-8,5-10;2-11;3-0;10-13;6-0;9-11,10-13,40,22
random,random_robot_141,10,6,1,SimpleHill,0-0,0,16,10-13,6-4;3-15;15-20;5-8;16-18;3-11,16-18,56,16
random,random_robot_141,10,6,1,SimpleHill,0-0,0,17,16-18,20-17;18-26;20-9;8-16;10-25;15-23,15-23,60,4
random,random_robot_141,10,6,1,SimpleHill,0-0,0,18,15-23,24-21;24-26;19-20;9-29;17-31;13-16,17-31,71,11
random,random_robot_141,10,6,1,SimpleHill,0-0,0,19,17-31,21-35;17-33;26-32;20-27;19-34;15-39,20-27,71,0
random,random_robot_141,10,6,1,SimpleHill,0-0,0,20,20-27,17-36;17-20;29-31;26-32;27-20;15-27,15-27,64,-7
random,random_robot_141,10,6,1,SimpleHill,0-0,0,21,15-27,10-23;23-28;19-33;16-21;7-31;13-36,16-21,60,-4
random,random_robot_141,10,6,1,SimpleHill,0-0,0,22,16-21,19-14;12-17;9-25;19-19;19-24;16-16,19-24,67,7
random,random_robot_141,10,6,1,SimpleHill,0-0,0,23,19-24,22-21;27-26;21-33;25-25;27-22;19-29,25-25,75,8
random,random_robot_141,10,6,1,SimpleHill,0-0,0,24,25-25,18-25;26-19;34-27;32-31;21-20;25-25,18-25,67,-8
random,random_robot_141,10,6,1,SimpleHill,0-0,0,25,18-25,11-29;23-20;20-21;22-25;13-31;17-30,20-21,65,-2
random,random_robot_141,10,6,1,SimpleHill,0-0,0,26,20-21,15-13;13-19;28-27;25-13;12-16;29-17,29-17,69,4
random,random_robot_141,10,6,1,SimpleHill,0-0,0,27,29-17,37-11;26-10;28-19;21-12;23-24;21-18,28-19,71,2
random,random_robot_141,10,6,1,SimpleHill,0-0,0,28,28-19,28-28;31-26;28-22;31-16;34-26;31-19,31-19,73,2
random,random_robot_141,10,6,1,SimpleHill,0-0,0,29,31-19,35-10;37-11;27-11;31-11;37-23;27-26,27-11,59,-14
random,random_robot_141,10,6,1,SimpleHill,0-0,0,30,27-11,28-16;34-16;26-20;35-6;23-6;35-15,34-16,71,12
random,random_robot_141,10,6,1,SimpleHill,0-0,0,31,34-16,33-12;32-20;33-16;35-15;41-23;35-18,33-12,65,-6
random,random_robot_141,10,6,1,SimpleHill,0-0,0,32,33-12,41-8;26-14;39-18;28-13;33-11;37-20,28-13,62,-3
random,random_robot_141,10,6,1,SimpleHill,0-0,0,33,28-13,26-8;28-22;31-7;23-8;22-12;21-17,23-8,50,-12
random,random_robot_141,10,6,1,SimpleHill,0-0,0,34,23-8,32-10;24-2;18-6;18-3;19-0;31-7,19-0,30,-20
random,random_robot_141,10,6,1,SimpleHill,0-0,0,35,19-0,17-3;19-10;13-8;16-6;19-8;18-5,18-5,39,9
random,random_robot_141,10,6,1,SimpleHill,0-0,0,36,18-5,11-2;22-14;26-11;21-3;14-13;12-8,14-13,46,7
random,random_robot_141,10,6,1,SimpleHill,0-0,0,37,14-13,14-4;22-14;18-19;16-10;18-7;12-10,22-14,58,12
random,random_robot_141,10,6,1,SimpleHill,0-0,0,38,22-14,20-11;21-19;13-18;18-7;24-14;22-16,18-7,42,-16
random,random_robot_141,10,6,1,SimpleHill,0-0,0,39,18-7,26-10;24-5;25-3;12-14;22-15;9-9,25-3,43,1
random,random_robot_141,10,6,1,SimpleHill,0-0,0,40,25-3,34-3;22-6;35-3;21-1;15-3;20-8,35-3,51,8
random,random_robot_141,10,6,1,SimpleHill,0-0,0,41,35-3,28-2;40-0;34-7;35-6;30-6;33-3,28-2,44,-7
random,random_robot_141,10,6,1,SimpleHill,0-0,0,42,28-2,36-5;26-10;22-3;33-6;26-3;25-9,36-5,55,11
random,random_robot_141,10,6,1,SimpleHill,0-0,0,43,36-5,29-4;27-7;43-2;32-0;27-4;36-13,32-0,43,-12
random,random_robot_141,10,6,1,SimpleHill,0-0,0,44,32-0,31-3;40-6;30-3;41-3;38-7;25-2,38-7,60,17
random,random_robot_141,10,6,1,SimpleHill,0-0,0,45,38-7,40-2;35-15;45-12;33-0;41-11;30-6,45-12,70,10
random,random_robot_141,10,6,1,SimpleHill,0-0,0,46,45-12,46-12;45-18;36-14;47-18;40-12;39-5,45-18,79,9
random,random_robot_141,10,6,1,SimpleHill,0-0,0,47,45-18,45-23;50-24;43-11;42-19;51-26;41-18,45-23,84,5
random,random_robot_141,10,6,1,SimpleHill,0-0,0,48,45-23,52-25;38-28;41-26;40-17;40-27;42-25,40-27,87,3
random,random_robot_141,10,6,1,SimpleHill,0-0,0,49,40-27,36-35;45-19;30-27;45-24;41-24;46-26,46-26,88,1
random,random_robot_141,10,6,1,SimpleHill,0-0,0,50,46-26,48-19;43-29;49-18;47-25;49-20;45-33,49-18,79,-9
random,random_robot_141,10,6,1,SimpleHill,0-0,0,51,49-18,46-24;58-22;51-17;54-13;43-12;49-22,54-13,72,-7
random,random_robot_141,10,6,1,SimpleHill,0-0,0,52,54-13,49-6;57-9;53-4;54-4;47-15;49-12,49-6,61,-11
random,random_robot_141,10,6,1,SimpleHill,0-0,0,53,49-6,48-6;57-5;43-9;56-0;48-14;48-7,43-9,65,4
random,random_robot_141,10,6,1,SimpleHill,0-0,0,54,43-9,45-14;37-13;50-15;39-4;44-1;37-16,37-13,69,4
random,random_robot_141,10,6,1,SimpleHill,0-0,0,55,37-13,41-15;38-22;30-10;44-15;32-17;39-4,41-15,73,4
random,random_robot_141,10,6,1,SimpleHill,0-0,0,56,41-15,40-12;36-13;50-16;49-13;49-10;44-21,40-12,69,-4
random,random_robot_141,10,6,1,SimpleHill,0-0,0,57,40-12,43-8;40-7;47-13;33-15;32-14;31-11,33-15,69,0
random,random_robot_141,10,6,1,SimpleHill,0-0,0,58,33-15,31-13;32-23;35-11;26-20;29-23;39-8,26-20,70,1
random,random_robot_141,10,6,1,SimpleHill,0-0,0,59,26-20,33-17;22-12;21-12;30-14;25-29;25-28,25-28,77,7
random,random_robot_141,10,6,1,SimpleHill,0-0,0,60,25-28,25-18;31-29;17-27;34-29;28-29;27-32,17-27,67,-10
random,random_robot_141,10,6,1,SimpleHill,0-0,0,61,17-27,22-33;23-30;14-35;12-20;22-22;22-20,22-20,66,-1
random,random_robot_141,10,6,1,SimpleHill,0-0,0,62,22-20,30-26;31-17;23-29;15-16;27-23;19-22,15-16,52,-14
random,random_robot_141,10,6,1,SimpleHill,0-0,0,63,15-16,14-23;19-20;9-8;21-23;13-16;19-18,14-23,59,7
random,random_robot_141,10,6,1,SimpleHill,0-0,0,64,14-23,19-18;20-17;21-18;7-29;14-17;16-22,14-17,52,-7
random,random_robot_141,10,6,1,SimpleHill,0-0,0,65,14-17,21-11;20-18;20-25;12-14;12-17;19-13,21-11,52,0
random,random_robot_141,10,6,1,SimpleHill,0-0,0,66,21-11,30-11;22-14;26-8;12-15;24-12;29-12,26-8,53,1
random,random_robot_141,10,6,1,SimpleHill,0-0,0,67,26-8,18-4;34-13;17-6;33-6;25-11;22-13,33-6,55,2
random,random_robot_141,10,6,1,SimpleHill,0-0,0,68,33-6,34-4;29-2;40-12;32-11;33-16;36-13,34-4,52,-3
random,random_robot_141,10,6,1,SimpleHill,0-0,0,69,34-4,34-5;36-8;32-1;29-0;31-4;33-5,36-8,60,8
random,random_robot_141,10,6,1,SimpleHill,0-0,0,70,36-8,40-17;30-4;32-6;32-4;38-2;40-4,38-2,51,-9
random,random_robot_141,10,6,1,SimpleHill,0-0,0,71,38-2,43-2;36-0;43-6;32-1;44-3;41-6,41-6,59,8
random,random_robot_141,10,6,1,SimpleHill,0-0,0,72,41-6,45-10;34-5;34-2;43-10;33-8;46-7,45-10,67,8
random,random_robot_141,10,6,1,SimpleHill,0-0,0,73,45-10,43-16;43-9;50-14;46-9;38-3;41-19,43-9,65,-2
random,random_robot_141,10,6,1,SimpleHill,0-0,0,74,43-9,38-4;37-2;52-9;45-10;44-4;41-18,44-4,56,-9
random,random_robot_141,10,6,1,SimpleHill,0-0,0,75,44-4,48-5;38-11;39-3;44-13;36-4;44-11,38-11,66,10
random,random_robot_141,10,6,1,SimpleHill,0-0,0,76,38-11,32-7;34-13;35-10;34-2;45-10;41-16,45-10,67,1
random,random_robot_141,10,6,1,SimpleHill,0-0,0,77,45-10,37-5;46-16;45-10;46-9;52-13;50-12,37-5,56,-11
random,random_robot_141,10,6,1,SimpleHill,0-0,0,78,37-5,34-1;42-12;39-5;33-6;39-8;41-7,39-8,62,6
random,random_robot_141,10,6,1,SimpleHill,0-0,0,79,39-8,40-11;44-8;44-9;45-11;39-8;46-3,44-8,64,2
