simulation_type,subj_id,sight_radius,n_gabors,block_ix,landscape_name,starting_pos,starting_score,trial,pos,stims,selected,score,delta
random,random_robot_42,10,6,1,SimpleHill,0-0,0,0,0-0,9-2;2-0;6-7;3-3;5-6;2-8,3-3,11,11
random,random_robot_42,10,6,1,SimpleHill,0-0,0,1,3-3,3-13;12-1;2-10;9-4;0-8;1-9,0-8,14,3
random,random_robot_42,10,6,1,SimpleHill,0-0,0,2,0-8,9-5;0-13;4-2;6-14;0-12;8-11,4-2,11,-3
random,random_robot_42,10,6,1,SimpleHill,0-0,0,3,4-2,2-5;10-7;0-3;4-4;11-7;2-10,11-7,32,21
random,random_robot_42,10,6,1,SimpleHill,0-0,0,4,11-7,13-4;9-9;5-3;2-6;9-16;13-9,9-16,43,11
random,random_robot_42,10,6,1,SimpleHill,0-0,0,5,9-16,7-19;9-18;7-14;15-24;8-19;9-10,9-18,45,2
random,random_robot_42,10,6,1,SimpleHill,0-0,0,6,9-18,15-22;12-26;6-19;5-22;10-10;9-25,6-19,42,-3
random,random_robot_42,10,6,1,SimpleHill,0-0,0,7,6-19,9-15;7-11;2-11;4-18;12-15;9-14,2-11,23,-19
random,random_robot_42,10,6,1,SimpleHill,0-0,0,8,2-11,2-17;11-10;2-2;2-4;1-10;2-13,2-2,7,-16
random,random_robot_42,10,6,1,SimpleHill,0-0,0,9,2-2,2-9;5-5;2-11;8-8;6-4;9-2,6-4,18,11
random,random_robot_42,10,6,1,SimpleHill,0-0,0,10,6-4,11-9;2-2;7-4;8-7;1-9;6-12,8-7,27,9
random,random_robot_42,10,6,1,SimpleHill,0-0,0,11,8-7,10-6;8-3;2-8;2-7;11-3;9-8,2-8,18,-9
random,random_robot_42,10,6,1,SimpleHill,0-0,0,12,2-8,10-9;6-2;3-2;8-4;6-0;2-9,2-9,20,2
random,random_robot_42,10,6,1,SimpleHill,0-0,0,13,2-9,5-16;0-0;1-5;7-4;1-12;5-2,1-12,23,3
random,random_robot_42,10,6,1,SimpleHill,0-0,0,14,1-12,1-10;7-4;2-11;6-18;9-10;3-15,7-4,20,-3
random,random_robot_42,10,6,1,SimpleHill,0-0,0,15,7-4,3-11;4-3;10-12;12-0;4-1;1-7,12-0,21,1
random,random_robot_42,10,6,1,SimpleHill,0-0,0,16,12-0,20-0;10-1;9-4;15-2;12-5;5-5,5-5,19,-2
random,random_robot_42,10,6,1,SimpleHill,0-0,0,17,5-5,0-10;5-0;2-8;1-10;1-14;2-4,2-4,11,-8
random,random_robot_42,10,6,1,SimpleHill,0-0,0,18,2-4,9-4;1-9;2-7;8-12;2-10;1-4,1-9,18,7
random,random_robot_42,10,6,1,SimpleHill,0-0,0,19,1-9,1-11;9-6;5-4;4-18;6-5;2-12,4-18,37,19
random,random_robot_42,10,6,1,SimpleHill,0-0,0,20,4-18,3-25;12-20;10-17;2-25;13-16;4-25,13-16,49,12
random,random_robot_42,10,6,1,SimpleHill,0-0,0,21,13-16,6-19;15-17;11-19;20-12;11-18;14-16,6-19,42,-7
random,random_robot_42,10,6,1,SimpleHill,0-0,0,22,6-19,0-18;4-12;2-17;3-28;2-19;13-12,3-28,46,4
random,random_robot_42,10,6,1,SimpleHill,0-0,0,23,3-28,4-23;3-32;1-31;8-33;7-21;9-21,3-32,49,3
random,random_robot_42,10,6,1,SimpleHill,0-0,0,24,3-32,8-29;3-42;10-29;9-25;4-28;12-31,12-31,63,14
random,random_robot_42,10,6,1,SimpleHill,0-0,0,25,12-31,11-39;20-25;12-22;10-35;11-23;17-31,11-23,55,-8
random,random_robot_42,10,6,1,SimpleHill,0-0,0,26,11-23,12-24;11-14;14-27;5-17;5-19;18-21,5-17,37,-18
random,random_robot_42,10,6,1,SimpleHill,0-0,0,27,5-17,1-23;4-12;8-21;1-22;13-17;5-15,1-23,37,0
random,random_robot_42,10,6,1,SimpleHill,0-0,0,28,1-23,2-15;6-15;10-24;5-19;1-19;3-29,2-15,29,-8
random,random_robot_42,10,6,1,SimpleHill,0-0,0,29,2-15,11-18;0-14;9-17;1-21;3-13;10-17,9-17,44,15
random,random_robot_42,10,6,1,SimpleHill,0-0,0,30,9-17,8-20;10-26;11-22;0-21;9-24;17-12,11-22,53,9
random,random_robot_42,10,6,1,SimpleHill,0-0,0,31,11-22,10-29;7-21;8-19;6-15;12-16;18-20,7-21,46,-7
random,random_robot_42,10,6,1,SimpleHill,0-0,0,32,7-21,7-30;13-25;3-30;10-12;11-27;7-22,10-12,39,-7
random,random_robot_42,10,6,1,SimpleHill,0-0,0,33,10-12,14-3;14-10;15-10;10-18;15-15;9-7,10-18,47,8
random,random_robot_42,10,6,1,SimpleHill,0-0,0,34,10-18,10-17;15-20;18-19;8-20;4-17;14-25,14-25,61,14
random,random_robot_42,10,6,1,SimpleHill,0-0,0,35,14-25,15-19;14-33;14-22;13-26;12-26;17-24,17-24,64,3
random,random_robot_42,10,6,1,SimpleHill,0-0,0,36,17-24,12-26;17-32;26-25;15-21;14-30;19-19,19-19,61,-3
random,random_robot_42,10,6,1,SimpleHill,0-0,0,37,19-19,11-17;20-15;24-24;24-18;19-29;14-25,24-24,72,11
random,random_robot_42,10,6,1,SimpleHill,0-0,0,38,24-24,17-24;25-28;30-18;25-17;23-31;33-23,25-17,65,-7
random,random_robot_42,10,6,1,SimpleHill,0-0,0,39,25-17,26-23;20-20;25-19;19-12;26-17;18-10,19-12,51,-14
random,random_robot_42,10,6,1,SimpleHill,0-0,0,40,19-12,24-4;25-9;15-15;20-10;23-18;21-21,24-4,44,-7
random,random_robot_42,10,6,1,SimpleHill,0-0,0,41,24-4,19-6;18-10;15-6;16-4;22-5;27-0,15-6,36,-8
random,random_robot_42,10,6,1,SimpleHill,0-0,0,42,15-6,16-11;10-14;10-0;17-10;8-6;18-12,8-6,26,-10
random,random_robot_42,10,6,1,SimpleHill,0-0,0,43,8-6,17-10;10-4;1-9;15-4;9-8;4-13,1-9,18,-8
random,random_robot_42,10,6,1,SimpleHill,0-0,0,44,1-9,6-12;2-12;1-14;6-11;9-11;4-4,9-11,35,17
random,random_robot_42,10,6,1,SimpleHill,0-0,0,45,9-11,10-13;8-17;1-14;9-9;13-2;4-18,10-13,40,5
random,random_robot_42,10,6,1,SimpleHill,0-0,0,46,10-13,5-14;11-10;1-14;14-18;12-5;2-11,11-10,37,-3
random,random_robot_42,10,6,1,SimpleHill,0-0,0,47,11-10,7-17;14-17;14-12;4-8;7-4;13-12,4-8,22,-15
random,random_robot_42,10,6,1,SimpleHill,0-0,0,48,4-8,12-10;3-10;7-8;12-4;9-5;6-4,12-10,39,17
random,random_robot_42,10,6,1,SimpleHill,0-0,0,49,12-10,13-9;10-6;22-10;21-13;21-11;13-13,21-13,55,16
random,random_robot_42,10,6,1,SimpleHill,0-0,0,50,21-13,14-15;14-18;27-8;24-11;23-18;19-18,19-18,60,5
random,random_robot_42,10,6,1,SimpleHill,0-0,0,51,19-18,23-27;25-24;12-20;23-23;28-15;20-26,25-24,73,13
random,random_robot_42,10,6,1,SimpleHill,0-0,0,52,25-24,30-24;20-31;26-30;33-29;23-15;23-19,20-31,74,1
random,random_robot_42,10,6,1,SimpleHill,0-0,0,53,20-31,21-36;23-23;17-25;11-31;15-39;26-26,21-36,79,5
random,random_robot_42,10,6,1,SimpleHill,0-0,0,54,21-36,26-34;27-42;23-39;27-40;18-44;16-29,27-42,88,9
random,random_robot_42,10,6,1,SimpleHill,0-0,0,55,27-42,34-47;27-32;22-42;20-37;36-45;35-46,36-45,95,7
random,random_robot_42,10,6,1,SimpleHill,0-0,0,56,36-45,30-45;34-36;28-40;41-43;38-53;30-51,34-36,90,-5
random,random_robot_42,10,6,1,SimpleHill,0-0,0,57,34-36,31-37;29-37;26-34;40-41;28-28;38-39,40-41,96,6
random,random_robot_42,10,6,1,SimpleHill,0-0,0,58,40-41,34-40;46-42;48-35;39-48;45-35;37-47,39-48,97,1
random,random_robot_42,10,6,1,SimpleHill,0-0,0,59,39-48,32-47;46-46;45-49;36-53;37-40;33-55,36-53,95,-2
random,random_robot_42,10,6,1,SimpleHill,0-0,0,60,36-53,36-50;43-52;40-57;41-61;37-55;35-52,41-61,95,0
random,random_robot_42,10,6,1,SimpleHill,0-0,0,61,41-61,44-58;34-63;41-54;41-51;41-63;32-57,41-63,95,0
random,random_robot_42,10,6,1,SimpleHill,0-0,0,62,41-63,40-64;36-67;40-69;42-69;47-65;40-70,40-69,90,-5
random,random_robot_42,10,6,1,SimpleHill,0-0,0,63,40-69,37-65;49-65;39-70;46-68;35-64;44-61,44-61,96,6
random,random_robot_42,10,6,1,SimpleHill,0-0,0,64,44-61,49-56;43-67;51-68;49-53;45-68;37-59,49-56,99,3
random,random_robot_42,10,6,1,SimpleHill,0-0,0,65,49-56,45-56;49-60;46-58;50-52;43-61;41-62,50-52,99,0
random,random_robot_42,10,6,1,SimpleHill,0-0,0,66,50-52,46-44;55-51;45-54;54-50;50-44;44-45,55-51,99,0
random,random_robot_42,10,6,1,SimpleHill,0-0,0,67,55-51,51-52;52-44;54-53;46-52;58-49;50-53,46-52,99,0
random,random_robot_42,10,6,1,SimpleHill,0-0,0,68,46-52,39-48;50-53;40-60;44-56;43-59;45-43,50-53,99,0
random,random_robot_42,10,6,1,SimpleHill,0-0,0,69,50-53,53-44;58-52;54-54;53-49;55-60;52-57,52-57,98,-1
random,random_robot_42,10,6,1,SimpleHill,0-0,0,70,52-57,49-51;50-66;54-48;51-54;47-50;59-58,59-58,97,-1
random,random_robot_42,10,6,1,SimpleHill,0-0,0,71,59-58,59-63;65-52;64-53;66-63;61-55;60-57,60-57,97,0
random,random_robot_42,10,6,1,SimpleHill,0-0,0,72,60-57,52-54;51-58;51-57;61-61;65-58;57-60,51-58,98,1
random,random_robot_42,10,6,1,SimpleHill,0-0,0,73,51-58,43-52;49-54;51-62;55-57;43-64;42-60,55-57,98,0
random,random_robot_42,10,6,1,SimpleHill,0-0,0,74,55-57,60-56;56-58;52-50;56-60;48-64;63-61,63-61,94,-4
random,random_robot_42,10,6,1,SimpleHill,0-0,0,75,63-61,57-56;56-58;66-63;62-65;64-58;61-59,64-58,94,0
random,random_robot_42,10,6,1,SimpleHill,0-0,0,76,64-58,69-53;59-51;65-50;62-66;69-61;64-68,59-51,98,4
random,random_robot_42,10,6,1,SimpleHill,0-0,0,77,59-51,59-47;58-52;54-44;56-47;50-52;67-48,58-52,98,0
random,random_robot_42,10,6,1,SimpleHill,0-0,0,78,58-52,54-55;55-47;60-46;64-48;58-50;62-57,64-48,96,-2
random,random_robot_42,10,6,1,SimpleHill,0-0,0,79,64-48,64-51;55-51;67-40;68-46;64-58;66-54,55-51,99,3
