simulation_type,subj_id,sight_radius,n_gabors,block_ix,landscape_name,starting_pos,starting_score,trial,pos,stims,selected,score,delta
random,random_robot_50,10,6,1,SimpleHill,0-0,0,0,0-0,5-6;6-5;3-7;3-1;9-1;8-2,5-6,20,20
random,random_robot_50,10,6,1,SimpleHill,0-0,0,1,5-6,9-11;4-6;12-12;13-5;6-15;2-8,9-11,35,15
random,random_robot_50,10,6,1,SimpleHill,0-0,0,2,9-11,9-18;15-12;8-16;10-13;14-19;11-4,10-13,40,5
random,random_robot_50,10,6,1,SimpleHill,0-0,0,3,10-13,1-14;7-12;9-14;16-12;8-16;6-16,6-16,38,-2
random,random_robot_50,10,6,1,SimpleHill,0-0,0,4,6-16,1-17;4-20;6-21;4-18;15-16;5-7,4-20,39,1
random,random_robot_50,10,6,1,SimpleHill,0-0,0,5,4-20,10-25;9-12;8-27;0-12;7-21;7-16,7-21,46,7
random,random_robot_50,10,6,1,SimpleHill,0-0,0,6,7-21,7-13;15-27;14-15;9-17;16-19;15-21,15-21,58,12
random,random_robot_50,10,6,1,SimpleHill,0-0,0,7,15-21,6-23;16-26;9-29;20-29;12-20;23-17,23-17,63,5
random,random_robot_50,10,6,1,SimpleHill,0-0,0,8,23-17,18-13;28-19;27-13;22-21;27-18;31-16,31-16,69,6
random,random_robot_50,10,6,1,SimpleHill,0-0,0,9,31-16,40-18;41-16;39-11;31-25;39-19;24-19,39-11,67,-2
random,random_robot_50,10,6,1,SimpleHill,0-0,0,10,39-11,40-13;45-10;44-13;41-8;35-16;44-5,44-13,71,4
random,random_robot_50,10,6,1,SimpleHill,0-0,0,11,44-13,47-17;35-9;47-15;36-15;44-7;44-10,44-7,62,-9
random,random_robot_50,10,6,1,SimpleHill,0-0,0,12,44-7,44-0;35-4;43-13;52-6;40-9;50-10,52-6,61,-1
random,random_robot_50,10,6,1,SimpleHill,0-0,0,13,52-6,50-5;60-4;51-2;57-6;52-4;46-11,52-4,57,-4
random,random_robot_50,10,6,1,SimpleHill,0-0,0,14,52-4,45-5;52-12;46-11;53-13;49-8;43-0,53-13,72,15
random,random_robot_50,10,6,1,SimpleHill,0-0,0,15,53-13,53-16;53-20;54-21;55-20;54-13;49-7,54-21,82,10
random,random_robot_50,10,6,1,SimpleHill,0-0,0,16,54-21,58-14;46-20;60-17;53-22;50-27;56-25,60-17,76,-6
random,random_robot_50,10,6,1,SimpleHill,0-0,0,17,60-17,69-16;69-15;65-25;67-18;57-19;56-26,57-19,79,3
random,random_robot_50,10,6,1,SimpleHill,0-0,0,18,57-19,51-26;49-21;54-18;50-24;56-14;65-20,50-24,86,7
random,random_robot_50,10,6,1,SimpleHill,0-0,0,19,50-24,44-19;54-16;59-28;57-21;41-24;43-22,54-16,76,-10
random,random_robot_50,10,6,1,SimpleHill,0-0,0,20,54-16,57-18;48-11;61-13;53-12;54-26;47-23,47-23,85,9
random,random_robot_50,10,6,1,SimpleHill,0-0,0,21,47-23,48-29;55-20;41-16;51-22;42-29;39-26,41-16,75,-10
random,random_robot_50,10,6,1,SimpleHill,0-0,0,22,41-16,37-7;45-13;41-24;34-9;35-11;38-17,45-13,72,-3
random,random_robot_50,10,6,1,SimpleHill,0-0,0,23,45-13,44-14;48-22;48-17;49-20;51-7;49-21,44-14,73,1
random,random_robot_50,10,6,1,SimpleHill,0-0,0,24,44-14,50-12;46-11;47-19;38-6;37-10;53-16,38-6,58,-15
random,random_robot_50,10,6,1,SimpleHill,0-0,0,25,38-6,43-8;40-3;38-3;34-7;46-10;31-12,34-7,57,-1
random,random_robot_50,10,6,1,SimpleHill,0-0,0,26,34-7,39-4;38-12;33-15;33-8;33-9;43-3,33-15,69,12
random,random_robot_50,10,6,1,SimpleHill,0-0,0,27,33-15,25-12;28-21;28-17;26-20;29-17;38-8,28-21,73,4
random,random_robot_50,10,6,1,SimpleHill,0-0,0,28,28-21,35-28;29-13;37-23;30-27;36-17;37-19,30-27,81,8
random,random_robot_50,10,6,1,SimpleHill,0-0,0,29,30-27,32-18;29-36;30-21;36-29;30-27;37-21,36-29,87,6
random,random_robot_50,10,6,1,SimpleHill,0-0,0,30,36-29,36-36;29-26;32-29;28-25;32-27;41-24,32-29,84,-3
random,random_robot_50,10,6,1,SimpleHill,0-0,0,31,32-29,36-25;24-35;33-27;33-22;35-29;24-27,35-29,86,2
random,random_robot_50,10,6,1,SimpleHill,0-0,0,32,35-29,40-32;35-28;31-34;36-22;35-25;44-27,36-22,80,-6
random,random_robot_50,10,6,1,SimpleHill,0-0,0,33,36-22,41-28;30-29;30-18;37-14;44-27;34-26,30-18,71,-9
random,random_robot_50,10,6,1,SimpleHill,0-0,0,34,30-18,30-21;26-23;30-12;35-25;33-9;23-19,33-9,60,-11
random,random_robot_50,10,6,1,SimpleHill,0-0,0,35,33-9,38-17;33-14;24-10;25-7;26-10;36-10,38-17,75,15
random,random_robot_50,10,6,1,SimpleHill,0-0,0,36,38-17,35-11;36-16;37-25;44-25;36-11;32-19,44-25,86,11
random,random_robot_50,10,6,1,SimpleHill,0-0,0,37,44-25,44-25;40-26;45-27;44-27;53-27;53-24,45-27,88,2
random,random_robot_50,10,6,1,SimpleHill,0-0,0,38,45-27,52-25;45-26;51-23;41-32;50-25;47-18,51-23,85,-3
random,random_robot_50,10,6,1,SimpleHill,0-0,0,39,51-23,42-22;45-23;48-30;57-16;51-27;47-15,42-22,83,-2
random,random_robot_50,10,6,1,SimpleHill,0-0,0,40,42-22,44-23;38-13;42-15;44-25;40-25;43-26,44-25,86,3
random,random_robot_50,10,6,1,SimpleHill,0-0,0,41,44-25,41-29;48-30;52-20;49-31;35-28;36-23,41-29,89,3
random,random_robot_50,10,6,1,SimpleHill,0-0,0,42,41-29,43-25;43-28;38-23;40-35;40-34;47-30,47-30,91,2
random,random_robot_50,10,6,1,SimpleHill,0-0,0,43,47-30,45-26;44-31;44-32;52-37;42-24;43-35,43-35,94,3
random,random_robot_50,10,6,1,SimpleHill,0-0,0,44,43-35,37-35;41-43;49-32;38-31;37-41;42-44,37-35,92,-2
random,random_robot_50,10,6,1,SimpleHill,0-0,0,45,37-35,38-34;35-36;42-28;37-31;42-32;35-38,37-31,89,-3
random,random_robot_50,10,6,1,SimpleHill,0-0,0,46,37-31,45-30;46-29;32-26;39-38;29-26;43-24,32-26,82,-7
random,random_robot_50,10,6,1,SimpleHill,0-0,0,47,32-26,28-18;25-21;25-32;33-17;27-22;30-18,33-17,72,-10
random,random_robot_50,10,6,1,SimpleHill,0-0,0,48,33-17,27-11;41-11;32-17;27-22;36-23;29-13,36-23,81,9
random,random_robot_50,10,6,1,SimpleHill,0-0,0,49,36-23,31-20;29-27;28-19;40-28;32-32;35-32,31-20,74,-7
random,random_robot_50,10,6,1,SimpleHill,0-0,0,50,31-20,32-23;32-12;24-16;26-20;38-20;37-22,26-20,70,-4
random,random_robot_50,10,6,1,SimpleHill,0-0,0,51,26-20,24-12;24-18;23-28;30-20;31-23;35-16,35-16,72,2
random,random_robot_50,10,6,1,SimpleHill,0-0,0,52,35-16,34-19;37-9;32-13;43-21;30-9;38-17,30-9,58,-14
random,random_robot_50,10,6,1,SimpleHill,0-0,0,53,30-9,25-17;37-11;22-13;26-10;33-1;24-8,33-1,46,-12
random,random_robot_50,10,6,1,SimpleHill,0-0,0,54,33-1,36-2;32-7;34-0;30-2;40-5;35-7,36-2,50,4
random,random_robot_50,10,6,1,SimpleHill,0-0,0,55,36-2,42-4;32-11;33-3;32-6;42-8;44-6,33-3,50,0
random,random_robot_50,10,6,1,SimpleHill,0-0,0,56,33-3,25-7;41-9;32-11;36-12;33-7;38-10,36-12,67,17
random,random_robot_50,10,6,1,SimpleHill,0-0,0,57,36-12,28-18;40-21;30-4;31-18;39-21;35-14,28-18,69,2
random,random_robot_50,10,6,1,SimpleHill,0-0,0,58,28-18,37-15;32-14;22-12;32-19;36-20;21-21,21-21,66,-3
random,random_robot_50,10,6,1,SimpleHill,0-0,0,59,21-21,15-19;24-24;14-20;17-20;18-21;27-14,17-20,60,-6
random,random_robot_50,10,6,1,SimpleHill,0-0,0,60,17-20,17-21;22-12;18-24;20-23;25-17;9-23,18-24,66,6
random,random_robot_50,10,6,1,SimpleHill,0-0,0,61,18-24,9-26;22-22;17-33;11-20;19-30;9-28,9-28,56,-10
random,random_robot_50,10,6,1,SimpleHill,0-0,0,62,9-28,19-28;11-35;7-22;6-33;14-27;12-25,6-33,55,-1
random,random_robot_50,10,6,1,SimpleHill,0-0,0,63,6-33,12-35;3-28;1-32;3-40;14-32;11-28,3-28,46,-9
random,random_robot_50,10,6,1,SimpleHill,0-0,0,64,3-28,5-23;3-25;0-37;0-26;10-23;11-30,11-30,61,15
random,random_robot_50,10,6,1,SimpleHill,0-0,0,65,11-30,6-34;10-37;17-28;4-26;17-25;19-36,10-37,64,3
random,random_robot_50,10,6,1,SimpleHill,0-0,0,66,10-37,18-38;10-28;14-37;2-38;3-31;2-42,2-42,52,-12
random,random_robot_50,10,6,1,SimpleHill,0-0,0,67,2-42,8-37;8-34;2-32;3-34;1-37;9-35,1-37,48,-4
random,random_robot_50,10,6,1,SimpleHill,0-0,0,68,1-37,5-42;4-38;4-31;10-34;4-43;5-30,10-34,62,14
random,random_robot_50,10,6,1,SimpleHill,0-0,0,69,10-34,12-42;11-43;3-39;7-33;16-42;4-38,4-38,54,-8
random,random_robot_50,10,6,1,SimpleHill,0-0,0,70,4-38,4-47;11-38;13-37;4-39;6-36;2-47,4-47,57,3
random,random_robot_50,10,6,1,SimpleHill,0-0,0,71,4-47,13-44;11-50;5-39;0-48;10-54;4-43,0-48,49,-8
random,random_robot_50,10,6,1,SimpleHill,0-0,0,72,0-48,8-49;2-50;4-56;3-41;8-46;8-43,8-43,63,14
random,random_robot_50,10,6,1,SimpleHill,0-0,0,73,8-43,8-48;2-51;6-39;1-48;8-38;11-46,11-46,69,6
random,random_robot_50,10,6,1,SimpleHill,0-0,0,74,11-46,18-46;4-52;17-41;11-38;18-49;8-49,18-49,79,10
random,random_robot_50,10,6,1,SimpleHill,0-0,0,75,18-49,12-42;23-43;18-43;10-53;17-40;17-54,23-43,84,5
random,random_robot_50,10,6,1,SimpleHill,0-0,0,76,23-43,20-45;30-46;23-52;24-39;27-43;16-47,27-43,88,4
random,random_robot_50,10,6,1,SimpleHill,0-0,0,77,27-43,36-41;31-36;27-51;20-37;30-36;28-48,30-36,88,0
random,random_robot_50,10,6,1,SimpleHill,0-0,0,78,30-36,31-32;37-33;28-36;23-36;37-35;30-39,37-35,92,4
random,random_robot_50,10,6,1,SimpleHill,0-0,0,79,37-35,41-29;34-37;38-26;43-28;42-28;32-34,42-28,89,-3
