simulation_type,subj_id,sight_radius,n_gabors,block_ix,landscape_name,starting_pos,starting_score,trial,pos,stims,selected,score,delta
random,random_robot_198,10,6,1,SimpleHill,0-0,0,0,0-0,8-4;0-8;2-9;7-1;0-6;8-6,0-8,14,14
random,random_robot_198,10,6,1,SimpleHill,0-0,0,1,0-8,2-15;3-14;2-0;4-9;2-6;1-8,2-0,3,-11
random,random_robot_198,10,6,1,SimpleHill,0-0,0,2,2-0,0-6;10-6;7-1;4-9;5-0;3-2,10-6,29,26
random,random_robot_198,10,6,1,SimpleHill,0-0,0,3,10-6,9-14;4-5;6-7;2-3;9-1;18-10,6-7,24,-5
random,random_robot_198,10,6,1,SimpleHill,0-0,0,4,6-7,12-12;0-6;3-1;1-1;12-13;11-0,12-13,43,19
random,random_robot_198,10,6,1,SimpleHill,0-0,0,5,12-13,18-14;10-22;19-14;7-8;11-22;14-22,14-22,58,15
random,random_robot_198,10,6,1,SimpleHill,0-0,0,6,14-22,10-18;11-24;5-22;7-28;13-23;17-15,10-18,47,-11
random,random_robot_198,10,6,1,SimpleHill,0-0,0,7,10-18,5-19;6-27;2-14;10-17;8-13;2-16,2-14,28,-19
random,random_robot_198,10,6,1,SimpleHill,0-0,0,8,2-14,1-11;0-13;8-6;11-11;3-7;7-18,8-6,26,-2
random,random_robot_198,10,6,1,SimpleHill,0-0,0,9,8-6,10-4;8-4;14-0;4-4;10-14;6-11,14-0,24,-2
random,random_robot_198,10,6,1,SimpleHill,0-0,0,10,14-0,11-0;9-3;7-3;13-6;24-0;23-3,9-3,22,-2
random,random_robot_198,10,6,1,SimpleHill,0-0,0,11,9-3,5-5;14-6;9-12;5-8;15-3;3-11,14-6,35,13
random,random_robot_198,10,6,1,SimpleHill,0-0,0,12,14-6,22-8;7-1;7-6;11-6;18-2;6-2,11-6,30,-5
random,random_robot_198,10,6,1,SimpleHill,0-0,0,13,11-6,14-2;17-9;2-10;16-10;4-11;5-12,14-2,28,-2
random,random_robot_198,10,6,1,SimpleHill,0-0,0,14,14-2,17-8;20-9;19-1;15-9;18-8;15-4,15-9,41,13
random,random_robot_198,10,6,1,SimpleHill,0-0,0,15,15-9,12-9;12-4;18-15;10-7;13-9;11-15,18-15,55,14
random,random_robot_198,10,6,1,SimpleHill,0-0,0,16,18-15,19-16;18-11;21-8;9-19;12-11;12-13,12-13,43,-12
random,random_robot_198,10,6,1,SimpleHill,0-0,0,17,12-13,11-5;10-20;7-17;10-17;6-8;6-12,11-5,29,-14
random,random_robot_198,10,6,1,SimpleHill,0-0,0,18,11-5,17-1;19-6;16-3;2-6;8-0;4-2,17-1,30,1
random,random_robot_198,10,6,1,SimpleHill,0-0,0,19,17-1,13-0;16-8;9-3;22-0;23-2;19-5,19-5,40,10
random,random_robot_198,10,6,1,SimpleHill,0-0,0,20,19-5,18-7;9-5;11-3;18-12;14-0;16-11,14-0,24,-16
random,random_robot_198,10,6,1,SimpleHill,0-0,0,21,14-0,16-3;13-9;7-7;11-6;5-4;9-4,9-4,24,0
random,random_robot_198,10,6,1,SimpleHill,0-0,0,22,9-4,8-9;13-10;18-6;15-7;10-10;15-5,13-10,40,16
random,random_robot_198,10,6,1,SimpleHill,0-0,0,23,13-10,11-9;11-2;6-12;7-14;15-9;6-8,11-9,35,-5
random,random_robot_198,10,6,1,SimpleHill,0-0,0,24,11-9,6-8;11-15;6-5;4-12;6-9;3-6,6-5,20,-15
random,random_robot_198,10,6,1,SimpleHill,0-0,0,25,6-5,7-0;13-3;4-11;3-3;6-3;3-2,7-0,13,-7
random,random_robot_198,10,6,1,SimpleHill,0-0,0,26,7-0,4-6;4-3;16-2;13-5;2-8;13-1,4-6,18,5
random,random_robot_198,10,6,1,SimpleHill,0-0,0,27,4-6,10-0;2-13;10-14;13-8;5-13;4-7,4-7,20,2
random,random_robot_198,10,6,1,SimpleHill,0-0,0,28,4-7,9-9;4-2;9-10;0-8;9-12;10-12,9-10,34,14
random,random_robot_198,10,6,1,SimpleHill,0-0,0,29,9-10,9-15;18-12;1-12;13-2;2-3;12-13,12-13,43,9
random,random_robot_198,10,6,1,SimpleHill,0-0,0,30,12-13,11-22;19-14;19-8;19-9;18-5;9-22,11-22,53,10
random,random_robot_198,10,6,1,SimpleHill,0-0,0,31,11-22,8-16;8-28;19-24;10-17;17-22;5-19,5-19,40,-13
random,random_robot_198,10,6,1,SimpleHill,0-0,0,32,5-19,0-27;8-25;8-12;6-12;3-10;6-22,8-12,35,-5
random,random_robot_198,10,6,1,SimpleHill,0-0,0,33,8-12,5-10;9-10;11-5;3-16;6-5;1-10,6-5,20,-15
random,random_robot_198,10,6,1,SimpleHill,0-0,0,34,6-5,11-0;12-9;2-4;7-11;1-12;13-9,7-11,32,12
random,random_robot_198,10,6,1,SimpleHill,0-0,0,35,7-11,15-12;9-9;13-12;15-16;11-20;8-20,15-12,46,14
random,random_robot_198,10,6,1,SimpleHill,0-0,0,36,15-12,10-7;14-21;6-13;17-16;23-11;11-4,23-11,55,9
random,random_robot_198,10,6,1,SimpleHill,0-0,0,37,23-11,17-10;27-14;24-16;23-4;16-16;29-16,29-16,68,13
random,random_robot_198,10,6,1,SimpleHill,0-0,0,38,29-16,25-22;33-10;35-20;22-13;35-17;26-22,22-13,56,-12
random,random_robot_198,10,6,1,SimpleHill,0-0,0,39,22-13,19-10;15-6;25-9;22-12;29-10;23-6,29-10,59,3
random,random_robot_198,10,6,1,SimpleHill,0-0,0,40,29-10,27-19;32-7;22-12;22-4;25-1;33-10,33-10,62,3
random,random_robot_198,10,6,1,SimpleHill,0-0,0,41,33-10,40-8;26-6;35-1;28-15;37-5;29-1,29-1,43,-19
random,random_robot_198,10,6,1,SimpleHill,0-0,0,42,29-1,30-5;24-0;25-0;30-9;29-7;38-5,29-7,54,11
random,random_robot_198,10,6,1,SimpleHill,0-0,0,43,29-7,30-13;29-14;28-13;28-6;26-14;32-0,28-6,51,-3
random,random_robot_198,10,6,1,SimpleHill,0-0,0,44,28-6,36-12;20-2;28-6;37-2;23-8;28-12,28-12,61,10
random,random_robot_198,10,6,1,SimpleHill,0-0,0,45,28-12,21-9;33-5;22-6;37-12;31-15;36-7,31-15,68,7
random,random_robot_198,10,6,1,SimpleHill,0-0,0,46,31-15,27-8;37-7;34-19;24-21;34-12;26-23,34-12,66,-2
random,random_robot_198,10,6,1,SimpleHill,0-0,0,47,34-12,28-8;36-10;37-21;43-9;34-16;30-11,34-16,71,5
random,random_robot_198,10,6,1,SimpleHill,0-0,0,48,34-16,41-16;38-10;31-7;42-10;41-20;29-20,41-16,75,4
random,random_robot_198,10,6,1,SimpleHill,0-0,0,49,41-16,39-13;35-24;39-20;44-20;33-19;36-22,35-24,81,6
random,random_robot_198,10,6,1,SimpleHill,0-0,0,50,35-24,34-22;40-28;42-19;29-27;34-27;39-23,40-28,88,7
random,random_robot_198,10,6,1,SimpleHill,0-0,0,51,40-28,35-31;41-26;37-19;40-38;36-22;32-26,41-26,86,-2
random,random_robot_198,10,6,1,SimpleHill,0-0,0,52,41-26,38-33;50-23;48-20;45-26;44-22;40-34,44-22,83,-3
random,random_robot_198,10,6,1,SimpleHill,0-0,0,53,44-22,52-18;35-26;47-23;49-30;38-16;37-24,52-18,79,-4
random,random_robot_198,10,6,1,SimpleHill,0-0,0,54,52-18,47-18;50-12;54-12;58-18;55-9;46-22,54-12,70,-9
random,random_robot_198,10,6,1,SimpleHill,0-0,0,55,54-12,51-18;63-14;52-20;45-15;58-17;61-8,61-8,62,-8
random,random_robot_198,10,6,1,SimpleHill,0-0,0,56,61-8,63-3;55-5;68-6;62-8;68-1;55-11,55-5,59,-3
random,random_robot_198,10,6,1,SimpleHill,0-0,0,57,55-5,47-0;47-11;61-1;54-1;63-1;49-3,63-1,48,-11
random,random_robot_198,10,6,1,SimpleHill,0-0,0,58,63-1,69-7;61-2;59-5;54-2;62-8;58-8,61-2,51,3
random,random_robot_198,10,6,1,SimpleHill,0-0,0,59,61-2,58-0;66-6;65-10;69-2;55-1;55-5,65-10,63,12
random,random_robot_198,10,6,1,SimpleHill,0-0,0,60,65-10,70-10;68-11;64-4;60-11;63-14;68-17,68-17,71,8
random,random_robot_198,10,6,1,SimpleHill,0-0,0,61,68-17,65-21;63-14;62-22;64-25;64-15;67-15,65-21,78,7
random,random_robot_198,10,6,1,SimpleHill,0-0,0,62,65-21,62-28;61-14;68-27;59-28;64-16;65-28,68-27,82,4
random,random_robot_198,10,6,1,SimpleHill,0-0,0,63,68-27,60-23;69-23;61-23;64-27;68-37;68-35,68-37,90,8
random,random_robot_198,10,6,1,SimpleHill,0-0,0,64,68-37,66-45;65-37;60-36;60-41;70-35;64-36,65-37,92,2
random,random_robot_198,10,6,1,SimpleHill,0-0,0,65,65-37,66-29;68-42;61-28;59-33;62-44;66-28,62-44,96,4
random,random_robot_198,10,6,1,SimpleHill,0-0,0,66,62-44,64-50;61-42;62-54;64-36;55-40;59-53,64-50,96,0
random,random_robot_198,10,6,1,SimpleHill,0-0,0,67,64-50,70-55;59-45;60-47;64-46;60-45;68-58,60-47,97,1
random,random_robot_198,10,6,1,SimpleHill,0-0,0,68,60-47,54-54;59-40;52-42;62-43;63-41;60-40,52-42,98,1
random,random_robot_198,10,6,1,SimpleHill,0-0,0,69,52-42,48-40;46-37;43-41;50-44;52-49;58-42,46-37,96,-2
random,random_robot_198,10,6,1,SimpleHill,0-0,0,70,46-37,52-34;42-40;52-42;54-39;45-35;37-40,37-40,94,-2
random,random_robot_198,10,6,1,SimpleHill,0-0,0,71,37-40,33-43;42-38;35-39;42-42;35-47;31-45,35-47,95,1
random,random_robot_198,10,6,1,SimpleHill,0-0,0,72,35-47,42-49;32-45;27-48;30-42;43-52;34-38,27-48,89,-6
random,random_robot_198,10,6,1,SimpleHill,0-0,0,73,27-48,34-51;25-43;22-50;30-46;26-41;19-43,26-41,86,-3
random,random_robot_198,10,6,1,SimpleHill,0-0,0,74,26-41,30-46;24-50;25-37;34-38;28-49;27-49,24-50,86,0
random,random_robot_198,10,6,1,SimpleHill,0-0,0,75,24-50,27-55;22-59;33-53;28-55;26-44;24-59,28-55,89,3
random,random_robot_198,10,6,1,SimpleHill,0-0,0,76,28-55,34-59;34-55;32-63;32-64;37-59;36-61,32-63,90,1
random,random_robot_198,10,6,1,SimpleHill,0-0,0,77,32-63,33-61;31-66;31-63;38-63;35-62;40-67,31-63,89,-1
random,random_robot_198,10,6,1,SimpleHill,0-0,0,78,31-63,32-58;34-70;35-58;41-63;32-57;27-61,32-57,92,3
random,random_robot_198,10,6,1,SimpleHill,0-0,0,79,32-57,26-51;29-55;34-56;29-57;26-49;41-55,34-56,94,2
