simulation_type,subj_id,sight_radius,n_gabors,block_ix,landscape_name,starting_pos,starting_score,trial,pos,stims,selected,score,delta
random,random_robot_117,10,6,1,SimpleHill,0-0,0,0,0-0,3-8;1-9;6-4;6-8;3-9;1-3,3-8,20,20
random,random_robot_117,10,6,1,SimpleHill,0-0,0,1,3-8,0-8;1-1;8-16;7-2;6-11;10-6,0-8,14,-6
random,random_robot_117,10,6,1,SimpleHill,0-0,0,2,0-8,5-4;2-17;7-15;0-10;4-12;4-7,2-17,32,18
random,random_robot_117,10,6,1,SimpleHill,0-0,0,3,2-17,7-21;0-9;7-10;0-18;1-17;9-22,0-18,29,-3
random,random_robot_117,10,6,1,SimpleHill,0-0,0,4,0-18,8-19;7-12;6-10;4-10;3-16;3-20,7-12,34,5
random,random_robot_117,10,6,1,SimpleHill,0-0,0,5,7-12,4-3;9-6;13-9;11-4;13-14;6-9,6-9,27,-7
random,random_robot_117,10,6,1,SimpleHill,0-0,0,6,6-9,9-12;6-12;0-17;3-0;1-17;15-11,6-12,32,5
random,random_robot_117,10,6,1,SimpleHill,0-0,0,7,6-12,4-18;1-15;4-12;4-6;11-18;13-15,4-6,18,-14
random,random_robot_117,10,6,1,SimpleHill,0-0,0,8,4-6,0-2;8-8;7-4;2-2;12-0;4-5,0-2,3,-15
random,random_robot_117,10,6,1,SimpleHill,0-0,0,9,0-2,1-3;3-0;2-1;8-7;8-2;3-2,2-1,5,2
random,random_robot_117,10,6,1,SimpleHill,0-0,0,10,2-1,0-1;4-7;10-0;6-4;4-2;1-2,4-7,20,15
random,random_robot_117,10,6,1,SimpleHill,0-0,0,11,4-7,2-15;4-3;3-3;7-2;13-8;6-7,7-2,16,-4
random,random_robot_117,10,6,1,SimpleHill,0-0,0,12,7-2,0-2;8-9;15-3;13-0;6-5;7-2,15-3,31,15
random,random_robot_117,10,6,1,SimpleHill,0-0,0,13,15-3,18-11;13-5;23-1;24-5;22-9;13-12,23-1,37,6
random,random_robot_117,10,6,1,SimpleHill,0-0,0,14,23-1,15-3;22-0;15-5;21-1;13-1;24-2,21-1,35,-2
random,random_robot_117,10,6,1,SimpleHill,0-0,0,15,21-1,12-0;21-10;24-3;16-7;12-5;26-9,24-3,42,7
random,random_robot_117,10,6,1,SimpleHill,0-0,0,16,24-3,17-8;19-8;33-7;17-10;31-2;19-3,33-7,57,15
random,random_robot_117,10,6,1,SimpleHill,0-0,0,17,33-7,37-3;34-11;30-16;29-2;34-12;27-2,27-2,43,-14
random,random_robot_117,10,6,1,SimpleHill,0-0,0,18,27-2,27-12;27-7;32-10;26-0;33-4;30-7,27-7,52,9
random,random_robot_117,10,6,1,SimpleHill,0-0,0,19,27-7,22-13;23-13;28-2;30-14;30-15;30-12,23-13,58,6
random,random_robot_117,10,6,1,SimpleHill,0-0,0,20,23-13,31-15;27-6;24-21;27-12;28-19;23-13,24-21,69,11
random,random_robot_117,10,6,1,SimpleHill,0-0,0,21,24-21,25-24;27-21;19-26;25-12;27-26;31-14,27-21,72,3
random,random_robot_117,10,6,1,SimpleHill,0-0,0,22,27-21,33-17;33-20;35-17;27-18;34-14;20-23,33-17,72,0
random,random_robot_117,10,6,1,SimpleHill,0-0,0,23,33-17,35-13;28-15;37-17;27-20;33-25;41-14,28-15,65,-7
random,random_robot_117,10,6,1,SimpleHill,0-0,0,24,28-15,22-23;32-20;26-9;31-13;35-12;32-15,32-15,69,4
random,random_robot_117,10,6,1,SimpleHill,0-0,0,25,32-15,29-20;31-15;36-19;36-15;33-18;29-6,33-18,73,4
random,random_robot_117,10,6,1,SimpleHill,0-0,0,26,33-18,38-11;32-23;32-12;36-10;27-22;25-22,25-22,71,-2
random,random_robot_117,10,6,1,SimpleHill,0-0,0,27,25-22,33-18;21-19;32-27;20-26;23-16;34-22,20-26,70,-1
random,random_robot_117,10,6,1,SimpleHill,0-0,0,28,20-26,15-34;19-34;24-22;16-17;22-27;14-34,14-34,68,-2
random,random_robot_117,10,6,1,SimpleHill,0-0,0,29,14-34,9-34;8-36;13-29;16-39;10-31;15-33,15-33,69,1
random,random_robot_117,10,6,1,SimpleHill,0-0,0,30,15-33,17-42;19-34;15-34;6-31;14-34;19-40,17-42,76,7
random,random_robot_117,10,6,1,SimpleHill,0-0,0,31,17-42,14-43;16-33;11-42;8-45;21-33;15-38,15-38,72,-4
random,random_robot_117,10,6,1,SimpleHill,0-0,0,32,15-38,9-35;19-36;6-36;12-46;19-37;13-47,19-37,77,5
random,random_robot_117,10,6,1,SimpleHill,0-0,0,33,19-37,18-39;22-33;19-35;14-35;26-43;16-29,22-33,78,1
random,random_robot_117,10,6,1,SimpleHill,0-0,0,34,22-33,14-32;26-42;18-29;28-37;20-34;20-27,20-34,76,-2
random,random_robot_117,10,6,1,SimpleHill,0-0,0,35,20-34,21-25;28-34;15-33;25-36;23-33;12-40,15-33,69,-7
random,random_robot_117,10,6,1,SimpleHill,0-0,0,36,15-33,8-29;15-33;19-29;8-30;11-32;15-39,8-29,55,-14
random,random_robot_117,10,6,1,SimpleHill,0-0,0,37,8-29,5-21;6-20;2-37;9-38;3-24;13-26,5-21,42,-13
random,random_robot_117,10,6,1,SimpleHill,0-0,0,38,5-21,11-15;0-15;6-18;9-16;4-25;4-30,0-15,25,-17
random,random_robot_117,10,6,1,SimpleHill,0-0,0,39,0-15,6-18;0-7;5-17;5-9;1-15;2-24,5-9,25,0
random,random_robot_117,10,6,1,SimpleHill,0-0,0,40,5-9,3-3;7-4;3-9;6-12;8-5;2-9,8-5,24,-1
random,random_robot_117,10,6,1,SimpleHill,0-0,0,41,8-5,0-9;14-11;12-13;15-3;7-7;13-10,12-13,43,19
random,random_robot_117,10,6,1,SimpleHill,0-0,0,42,12-13,10-14;5-12;12-11;14-15;18-15;16-10,14-15,49,6
random,random_robot_117,10,6,1,SimpleHill,0-0,0,43,14-15,16-10;11-14;13-22;16-24;9-14;16-15,16-15,52,3
random,random_robot_117,10,6,1,SimpleHill,0-0,0,44,16-15,25-18;21-17;24-14;19-7;19-24;19-12,19-24,67,15
random,random_robot_117,10,6,1,SimpleHill,0-0,0,45,19-24,11-24;22-33;18-24;23-27;28-24;13-22,13-22,56,-11
random,random_robot_117,10,6,1,SimpleHill,0-0,0,46,13-22,14-28;13-29;4-25;22-24;14-25;5-17,14-25,61,5
random,random_robot_117,10,6,1,SimpleHill,0-0,0,47,14-25,11-33;19-25;14-29;12-27;8-24;12-30,12-30,63,2
random,random_robot_117,10,6,1,SimpleHill,0-0,0,48,12-30,4-24;18-33;13-26;4-27;17-26;16-31,16-31,69,6
random,random_robot_117,10,6,1,SimpleHill,0-0,0,49,16-31,16-23;16-34;24-36;21-26;10-26;20-36,16-34,71,2
random,random_robot_117,10,6,1,SimpleHill,0-0,0,50,16-34,9-33;16-37;8-33;23-40;16-35;14-37,9-33,60,-11
random,random_robot_117,10,6,1,SimpleHill,0-0,0,51,9-33,10-30;12-42;18-30;5-40;10-38;7-33,12-42,69,9
random,random_robot_117,10,6,1,SimpleHill,0-0,0,52,12-42,15-48;18-41;5-42;20-42;13-41;8-39,20-42,80,11
random,random_robot_117,10,6,1,SimpleHill,0-0,0,53,20-42,21-35;20-41;22-38;11-42;27-42;28-40,22-38,81,1
random,random_robot_117,10,6,1,SimpleHill,0-0,0,54,22-38,30-32;20-34;27-41;26-33;23-33;25-38,23-33,79,-2
random,random_robot_117,10,6,1,SimpleHill,0-0,0,55,23-33,31-28;27-26;18-26;28-39;20-33;28-26,20-33,76,-3
random,random_robot_117,10,6,1,SimpleHill,0-0,0,56,20-33,15-36;21-35;27-36;16-29;19-38;17-31,21-35,78,2
random,random_robot_117,10,6,1,SimpleHill,0-0,0,57,21-35,18-30;26-38;21-43;18-38;21-27;19-38,21-43,82,4
random,random_robot_117,10,6,1,SimpleHill,0-0,0,58,21-43,27-35;26-51;25-44;21-47;17-37;26-42,21-47,83,1
random,random_robot_117,10,6,1,SimpleHill,0-0,0,59,21-47,29-45;14-40;31-47;21-40;29-48;23-55,29-48,91,8
random,random_robot_117,10,6,1,SimpleHill,0-0,0,60,29-48,24-50;28-39;35-54;21-47;24-56;34-42,28-39,87,-4
random,random_robot_117,10,6,1,SimpleHill,0-0,0,61,28-39,23-40;28-31;37-36;29-45;26-44;31-32,26-44,87,0
random,random_robot_117,10,6,1,SimpleHill,0-0,0,62,26-44,22-46;17-44;18-38;32-41;18-41;21-52,22-46,84,-3
random,random_robot_117,10,6,1,SimpleHill,0-0,0,63,22-46,22-41;20-52;19-53;21-54;21-43;24-49,21-54,82,-2
random,random_robot_117,10,6,1,SimpleHill,0-0,0,64,21-54,17-60;25-54;21-47;26-55;27-54;22-51,22-51,84,2
random,random_robot_117,10,6,1,SimpleHill,0-0,0,65,22-51,23-42;21-52;22-44;16-54;19-49;26-52,19-49,80,-4
random,random_robot_117,10,6,1,SimpleHill,0-0,0,66,19-49,22-49;20-55;21-49;19-55;15-50;16-45,19-55,80,0
random,random_robot_117,10,6,1,SimpleHill,0-0,0,67,19-55,20-53;28-56;22-47;10-54;21-47;27-57,22-47,84,4
random,random_robot_117,10,6,1,SimpleHill,0-0,0,68,22-47,19-44;28-45;29-48;29-50;14-50;20-39,29-50,91,7
random,random_robot_117,10,6,1,SimpleHill,0-0,0,69,29-50,21-54;30-45;23-52;26-46;26-50;26-41,26-41,86,-5
random,random_robot_117,10,6,1,SimpleHill,0-0,0,70,26-41,18-35;24-33;30-35;32-36;22-48;17-44,17-44,77,-9
random,random_robot_117,10,6,1,SimpleHill,0-0,0,71,17-44,17-42;11-42;14-36;20-37;14-44;9-46,17-42,76,-1
random,random_robot_117,10,6,1,SimpleHill,0-0,0,72,17-42,23-36;11-46;15-37;19-45;22-40;21-50,23-36,81,5
random,random_robot_117,10,6,1,SimpleHill,0-0,0,73,23-36,22-30;19-38;15-30;22-39;29-40;27-42,29-40,89,8
random,random_robot_117,10,6,1,SimpleHill,0-0,0,74,29-40,25-48;32-46;21-34;20-42;26-32;24-40,26-32,82,-7
random,random_robot_117,10,6,1,SimpleHill,0-0,0,75,26-32,31-39;23-37;32-32;19-27;32-36;21-38,23-37,82,0
random,random_robot_117,10,6,1,SimpleHill,0-0,0,76,23-37,30-30;18-45;15-38;17-41;26-34;26-31,15-38,72,-10
random,random_robot_117,10,6,1,SimpleHill,0-0,0,77,15-38,24-41;22-40;20-34;11-38;6-35;9-46,9-46,66,-6
random,random_robot_117,10,6,1,SimpleHill,0-0,0,78,9-46,13-52;3-45;9-41;4-41;16-52;16-48,4-41,56,-10
random,random_robot_117,10,6,1,SimpleHill,0-0,0,79,4-41,7-45;6-46;11-35;11-44;8-40;12-41,11-35,65,9
