simulation_type,subj_id,sight_radius,n_gabors,block_ix,landscape_name,starting_pos,starting_score,trial,pos,stims,selected,score,delta
random,random_robot_188,10,6,1,SimpleHill,0-0,0,0,0-0,2-1;0-8;3-8;7-3;2-2;3-9,3-8,20,20
random,random_robot_188,10,6,1,SimpleHill,0-0,0,1,3-8,10-14;8-4;0-8;5-3;11-5;9-13,0-8,14,-6
random,random_robot_188,10,6,1,SimpleHill,0-0,0,2,0-8,0-7;4-16;3-9;1-0;3-6;5-3,4-16,34,20
random,random_robot_188,10,6,1,SimpleHill,0-0,0,3,4-16,7-22;5-14;12-17;5-10;11-23;13-13,12-17,49,15
random,random_robot_188,10,6,1,SimpleHill,0-0,0,4,12-17,5-17;15-18;21-20;16-23;18-21;5-12,5-17,37,-12
random,random_robot_188,10,6,1,SimpleHill,0-0,0,5,5-17,3-13;3-20;1-9;12-11;10-14;1-22,3-13,28,-9
random,random_robot_188,10,6,1,SimpleHill,0-0,0,6,3-13,8-12;4-12;6-7;10-17;0-14;8-9,0-14,24,-4
random,random_robot_188,10,6,1,SimpleHill,0-0,0,7,0-14,8-20;3-12;1-20;1-23;2-9;7-17,1-23,37,13
random,random_robot_188,10,6,1,SimpleHill,0-0,0,8,1-23,6-22;3-16;4-21;7-31;9-26;1-32,7-31,55,18
random,random_robot_188,10,6,1,SimpleHill,0-0,0,9,7-31,10-31;14-25;9-30;6-26;9-29;6-30,10-31,60,5
random,random_robot_188,10,6,1,SimpleHill,0-0,0,10,10-31,4-26;7-24;12-31;3-30;18-27;7-32,18-27,68,8
random,random_robot_188,10,6,1,SimpleHill,0-0,0,11,18-27,13-35;14-26;23-33;21-24;12-28;16-34,12-28,61,-7
random,random_robot_188,10,6,1,SimpleHill,0-0,0,12,12-28,9-27;18-33;12-28;15-20;6-24;18-20,12-28,61,0
random,random_robot_188,10,6,1,SimpleHill,0-0,0,13,12-28,16-24;15-19;5-25;8-37;10-19;20-25,8-37,61,0
random,random_robot_188,10,6,1,SimpleHill,0-0,0,14,8-37,4-45;16-33;11-30;5-40;8-30;6-43,6-43,60,-1
random,random_robot_188,10,6,1,SimpleHill,0-0,0,15,6-43,7-39;3-36;11-46;4-45;13-50;9-41,13-50,72,12
random,random_robot_188,10,6,1,SimpleHill,0-0,0,16,13-50,11-41;18-46;7-58;7-43;18-56;21-55,21-55,82,10
random,random_robot_188,10,6,1,SimpleHill,0-0,0,17,21-55,25-54;27-63;20-59;16-51;21-56;30-51,20-59,80,-2
random,random_robot_188,10,6,1,SimpleHill,0-0,0,18,20-59,28-63;19-52;27-58;18-52;29-63;27-57,18-52,79,-1
random,random_robot_188,10,6,1,SimpleHill,0-0,0,19,18-52,17-53;14-50;9-50;13-55;12-60;17-58,13-55,72,-7
random,random_robot_188,10,6,1,SimpleHill,0-0,0,20,13-55,12-51;10-59;13-47;6-61;6-58;13-48,13-48,72,0
random,random_robot_188,10,6,1,SimpleHill,0-0,0,21,13-48,12-52;8-45;17-50;16-40;12-43;14-40,16-40,74,2
random,random_robot_188,10,6,1,SimpleHill,0-0,0,22,16-40,19-44;15-36;25-44;16-45;17-46;16-47,16-47,76,2
random,random_robot_188,10,6,1,SimpleHill,0-0,0,23,16-47,18-51;22-52;7-49;13-49;19-54;18-46,7-49,63,-13
random,random_robot_188,10,6,1,SimpleHill,0-0,0,24,7-49,8-44;7-41;5-50;15-50;3-52;4-54,4-54,57,-6
random,random_robot_188,10,6,1,SimpleHill,0-0,0,25,4-54,7-53;9-62;8-53;1-45;8-52;1-49,7-53,62,5
random,random_robot_188,10,6,1,SimpleHill,0-0,0,26,7-53,0-48;6-52;1-61;10-55;0-57;16-56,1-61,49,-13
random,random_robot_188,10,6,1,SimpleHill,0-0,0,27,1-61,2-52;2-60;1-62;1-63;9-58;8-63,2-60,51,2
random,random_robot_188,10,6,1,SimpleHill,0-0,0,28,2-60,10-66;2-62;3-68;3-59;6-57;7-61,10-66,62,11
random,random_robot_188,10,6,1,SimpleHill,0-0,0,29,10-66,2-66;6-64;17-60;18-64;6-61;5-63,5-63,56,-6
random,random_robot_188,10,6,1,SimpleHill,0-0,0,30,5-63,2-57;6-61;13-68;9-67;7-63;15-63,15-63,72,16
random,random_robot_188,10,6,1,SimpleHill,0-0,0,31,15-63,17-68;14-68;16-54;6-65;8-61;12-65,8-61,62,-10
random,random_robot_188,10,6,1,SimpleHill,0-0,0,32,8-61,9-61;0-62;11-65;0-56;2-68;15-55,0-56,49,-13
random,random_robot_188,10,6,1,SimpleHill,0-0,0,33,0-56,8-56;0-58;0-48;5-61;2-49;1-64,0-48,49,0
random,random_robot_188,10,6,1,SimpleHill,0-0,0,34,0-48,6-54;3-52;4-51;8-53;8-51;7-52,8-51,64,15
random,random_robot_188,10,6,1,SimpleHill,0-0,0,35,8-51,0-55;13-57;10-42;1-50;0-47;14-44,10-42,66,2
random,random_robot_188,10,6,1,SimpleHill,0-0,0,36,10-42,16-49;5-42;1-42;9-47;13-45;16-34,16-34,71,5
random,random_robot_188,10,6,1,SimpleHill,0-0,0,37,16-34,12-34;18-37;22-36;16-37;16-28;23-37,22-36,80,9
random,random_robot_188,10,6,1,SimpleHill,0-0,0,38,22-36,21-32;22-28;14-39;19-39;16-34;23-29,22-28,74,-6
random,random_robot_188,10,6,1,SimpleHill,0-0,0,39,22-28,20-30;29-33;23-21;30-33;21-34;23-26,30-33,86,12
random,random_robot_188,10,6,1,SimpleHill,0-0,0,40,30-33,32-36;23-28;37-40;33-35;27-24;26-36,32-36,89,3
random,random_robot_188,10,6,1,SimpleHill,0-0,0,41,32-36,23-35;33-39;33-41;36-38;32-41;29-34,33-39,91,2
random,random_robot_188,10,6,1,SimpleHill,0-0,0,42,33-39,31-32;35-32;28-41;36-30;33-33;34-32,34-32,88,-3
random,random_robot_188,10,6,1,SimpleHill,0-0,0,43,34-32,34-40;33-38;38-29;40-29;34-36;34-27,33-38,91,3
random,random_robot_188,10,6,1,SimpleHill,0-0,0,44,33-38,35-35;36-41;34-34;41-39;29-42;24-40,41-39,95,4
random,random_robot_188,10,6,1,SimpleHill,0-0,0,45,41-39,40-39;39-41;38-44;40-35;42-37;42-33,39-41,95,0
random,random_robot_188,10,6,1,SimpleHill,0-0,0,46,39-41,37-33;43-41;45-44;45-40;40-43;36-32,45-40,97,2
random,random_robot_188,10,6,1,SimpleHill,0-0,0,47,45-40,53-45;41-38;47-40;38-35;39-41;52-46,39-41,95,-2
random,random_robot_188,10,6,1,SimpleHill,0-0,0,48,39-41,34-41;47-37;35-37;39-43;40-50;43-44,35-37,92,-3
random,random_robot_188,10,6,1,SimpleHill,0-0,0,49,35-37,27-37;34-37;37-37;37-40;42-44;42-34,27-37,86,-6
random,random_robot_188,10,6,1,SimpleHill,0-0,0,50,27-37,33-40;18-38;18-40;23-35;22-30;36-37,33-40,92,6
random,random_robot_188,10,6,1,SimpleHill,0-0,0,51,33-40,33-39;36-43;37-39;34-42;26-37;31-33,34-42,93,1
random,random_robot_188,10,6,1,SimpleHill,0-0,0,52,34-42,27-44;38-37;26-39;35-37;35-34;36-45,36-45,95,2
random,random_robot_188,10,6,1,SimpleHill,0-0,0,53,36-45,27-43;36-48;38-45;37-45;36-45;32-50,36-45,95,0
random,random_robot_188,10,6,1,SimpleHill,0-0,0,54,36-45,34-44;34-39;45-47;38-47;35-48;40-47,34-44,94,-1
random,random_robot_188,10,6,1,SimpleHill,0-0,0,55,34-44,26-39;34-34;25-44;29-49;29-52;30-47,34-34,89,-5
random,random_robot_188,10,6,1,SimpleHill,0-0,0,56,34-34,30-29;34-30;27-34;41-39;40-33;41-28,34-30,86,-3
random,random_robot_188,10,6,1,SimpleHill,0-0,0,57,34-30,42-31;39-35;32-23;39-36;34-20;43-34,32-23,78,-8
random,random_robot_188,10,6,1,SimpleHill,0-0,0,58,32-23,27-30;35-20;28-30;29-19;32-25;30-19,28-30,82,4
random,random_robot_188,10,6,1,SimpleHill,0-0,0,59,28-30,27-38;29-29;25-38;30-28;34-37;24-38,25-38,84,2
random,random_robot_188,10,6,1,SimpleHill,0-0,0,60,25-38,33-36;26-38;25-34;32-44;24-36;22-36,24-36,82,-2
random,random_robot_188,10,6,1,SimpleHill,0-0,0,61,24-36,30-38;30-39;32-34;23-31;29-36;25-35,23-31,78,-4
random,random_robot_188,10,6,1,SimpleHill,0-0,0,62,23-31,32-34;21-27;32-32;21-28;20-31;16-34,21-27,72,-6
random,random_robot_188,10,6,1,SimpleHill,0-0,0,63,21-27,20-34;17-25;26-28;22-31;13-29;23-23,17-25,65,-7
random,random_robot_188,10,6,1,SimpleHill,0-0,0,64,17-25,24-30;10-23;17-22;21-16;26-26;18-24,17-22,62,-3
random,random_robot_188,10,6,1,SimpleHill,0-0,0,65,17-22,14-30;19-13;19-15;16-23;19-18;26-19,26-19,69,7
random,random_robot_188,10,6,1,SimpleHill,0-0,0,66,26-19,25-20;34-14;25-18;30-18;30-13;22-13,30-18,71,2
random,random_robot_188,10,6,1,SimpleHill,0-0,0,67,30-18,39-15;38-19;31-13;25-26;37-24;33-24,31-13,65,-6
random,random_robot_188,10,6,1,SimpleHill,0-0,0,68,31-13,39-18;34-8;27-14;38-12;21-13;40-11,40-11,67,2
random,random_robot_188,10,6,1,SimpleHill,0-0,0,69,40-11,45-5;31-14;38-19;31-10;43-18;45-13,31-14,66,-1
random,random_robot_188,10,6,1,SimpleHill,0-0,0,70,31-14,29-8;27-7;37-18;28-17;26-13;29-9,26-13,61,-5
random,random_robot_188,10,6,1,SimpleHill,0-0,0,71,26-13,23-15;27-9;27-13;18-10;31-7;23-8,23-15,60,-1
random,random_robot_188,10,6,1,SimpleHill,0-0,0,72,23-15,21-9;19-7;31-10;23-15;30-14;20-9,21-9,49,-11
random,random_robot_188,10,6,1,SimpleHill,0-0,0,73,21-9,25-11;17-2;14-7;31-9;27-11;21-8,21-8,47,-2
random,random_robot_188,10,6,1,SimpleHill,0-0,0,74,21-8,16-11;27-3;14-9;17-13;20-17;15-10,20-17,60,13
random,random_robot_188,10,6,1,SimpleHill,0-0,0,75,20-17,17-9;26-24;14-23;20-19;14-10;22-23,17-9,44,-16
random,random_robot_188,10,6,1,SimpleHill,0-0,0,76,17-9,25-5;12-5;10-16;26-6;19-9;23-1,23-1,37,-7
random,random_robot_188,10,6,1,SimpleHill,0-0,0,77,23-1,19-4;14-4;26-0;31-2;18-4;20-8,31-2,46,9
random,random_robot_188,10,6,1,SimpleHill,0-0,0,78,31-2,40-0;36-7;36-4;37-2;39-8;37-6,37-6,57,11
random,random_robot_188,10,6,1,SimpleHill,0-0,0,79,37-6,34-4;36-1;33-4;39-2;31-14;37-4,31-14,66,9
