simulation_type,subj_id,sight_radius,n_gabors,block_ix,landscape_name,starting_pos,starting_score,trial,pos,stims,selected,score,delta
random,random_robot_74,10,6,1,SimpleHill,0-0,0,0,0-0,7-1;9-4;2-2;1-5;4-2;8-5,1-5,11,11
random,random_robot_74,10,6,1,SimpleHill,0-0,0,1,1-5,6-1;8-1;4-11;3-10;2-11;9-9,8-1,16,5
random,random_robot_74,10,6,1,SimpleHill,0-0,0,2,8-1,8-8;12-1;8-2;5-0;6-2;6-8,12-1,23,7
random,random_robot_74,10,6,1,SimpleHill,0-0,0,3,12-1,5-5;8-4;4-6;16-0;8-8;13-3,8-8,29,6
random,random_robot_74,10,6,1,SimpleHill,0-0,0,4,8-8,18-8;8-16;8-17;14-14;1-8;0-6,8-16,41,12
random,random_robot_74,10,6,1,SimpleHill,0-0,0,5,8-16,8-22;5-21;14-15;5-23;10-10;15-20,10-10,36,-5
random,random_robot_74,10,6,1,SimpleHill,0-0,0,6,10-10,13-6;11-16;12-12;4-9;6-14;8-7,12-12,42,6
random,random_robot_74,10,6,1,SimpleHill,0-0,0,7,12-12,14-13;13-17;12-7;7-13;20-7;16-5,16-5,36,-6
random,random_robot_74,10,6,1,SimpleHill,0-0,0,8,16-5,17-11;15-6;17-14;20-11;22-5;10-10,20-11,51,15
random,random_robot_74,10,6,1,SimpleHill,0-0,0,9,20-11,16-13;17-6;18-11;12-15;21-7;30-11,17-6,39,-12
random,random_robot_74,10,6,1,SimpleHill,0-0,0,10,17-6,13-0;22-0;10-1;12-5;15-7;14-1,12-5,30,-9
random,random_robot_74,10,6,1,SimpleHill,0-0,0,11,12-5,18-12;13-4;12-12;12-13;15-11;6-6,12-13,43,13
random,random_robot_74,10,6,1,SimpleHill,0-0,0,12,12-13,21-10;11-13;19-16;19-8;20-12;7-17,21-10,51,8
random,random_robot_74,10,6,1,SimpleHill,0-0,0,13,21-10,15-5;25-12;17-6;14-4;20-6;22-14,17-6,39,-12
random,random_robot_74,10,6,1,SimpleHill,0-0,0,14,17-6,12-2;23-9;9-9;8-10;12-0;21-7,21-7,46,7
random,random_robot_74,10,6,1,SimpleHill,0-0,0,15,21-7,16-10;17-11;12-9;18-2;21-10;17-1,17-1,30,-16
random,random_robot_74,10,6,1,SimpleHill,0-0,0,16,17-1,21-10;11-9;8-3;15-7;23-7;8-5,8-5,24,-6
random,random_robot_74,10,6,1,SimpleHill,0-0,0,17,8-5,13-3;7-13;15-8;14-0;12-3;13-6,15-8,40,16
random,random_robot_74,10,6,1,SimpleHill,0-0,0,18,15-8,13-2;6-12;18-7;14-12;12-1;14-8,14-12,45,5
random,random_robot_74,10,6,1,SimpleHill,0-0,0,19,14-12,9-19;15-9;13-3;21-5;21-11;12-12,21-5,42,-3
random,random_robot_74,10,6,1,SimpleHill,0-0,0,20,21-5,15-4;15-3;22-2;28-12;20-11;24-4,22-2,38,-4
random,random_robot_74,10,6,1,SimpleHill,0-0,0,21,22-2,17-9;27-1;25-11;20-1;19-10;20-0,20-0,32,-6
random,random_robot_74,10,6,1,SimpleHill,0-0,0,22,20-0,26-3;27-4;24-3;24-8;19-4;15-4,27-4,47,15
random,random_robot_74,10,6,1,SimpleHill,0-0,0,23,27-4,27-5;29-6;32-9;33-6;29-13;24-12,33-6,55,8
random,random_robot_74,10,6,1,SimpleHill,0-0,0,24,33-6,38-10;24-3;39-4;38-0;41-0;28-8,39-4,55,0
random,random_robot_74,10,6,1,SimpleHill,0-0,0,25,39-4,44-9;30-4;37-13;34-7;33-6;48-7,33-6,55,0
random,random_robot_74,10,6,1,SimpleHill,0-0,0,26,33-6,29-8;42-6;31-14;40-10;28-1;24-3,28-1,42,-13
random,random_robot_74,10,6,1,SimpleHill,0-0,0,27,28-1,23-4;21-6;36-7;31-1;37-0;29-2,36-7,59,17
random,random_robot_74,10,6,1,SimpleHill,0-0,0,28,36-7,31-15;37-5;27-5;34-6;38-3;42-14,37-5,56,-3
random,random_robot_74,10,6,1,SimpleHill,0-0,0,29,37-5,41-5;43-6;33-4;45-7;35-11;34-6,45-7,62,6
random,random_robot_74,10,6,1,SimpleHill,0-0,0,30,45-7,46-1;49-10;52-2;43-5;47-0;38-3,49-10,67,5
random,random_robot_74,10,6,1,SimpleHill,0-0,0,31,49-10,47-16;40-9;44-8;46-9;47-3;45-15,44-8,64,-3
random,random_robot_74,10,6,1,SimpleHill,0-0,0,32,44-8,36-4;40-0;39-15;38-5;39-6;46-0,40-0,48,-16
random,random_robot_74,10,6,1,SimpleHill,0-0,0,33,40-0,36-6;34-6;49-2;47-3;39-5;37-3,47-3,55,7
random,random_robot_74,10,6,1,SimpleHill,0-0,0,34,47-3,43-8;52-6;56-7;45-12;45-4;41-0,45-12,70,15
random,random_robot_74,10,6,1,SimpleHill,0-0,0,35,45-12,50-8;37-11;45-13;52-18;42-10;40-15,37-11,66,-4
random,random_robot_74,10,6,1,SimpleHill,0-0,0,36,37-11,42-17;46-13;33-8;44-11;29-11;39-17,39-17,75,9
random,random_robot_74,10,6,1,SimpleHill,0-0,0,37,39-17,43-11;40-17;47-23;44-16;39-17;38-24,38-24,83,8
random,random_robot_74,10,6,1,SimpleHill,0-0,0,38,38-24,32-23;39-25;44-17;43-27;38-32;41-17,41-17,76,-7
random,random_robot_74,10,6,1,SimpleHill,0-0,0,39,41-17,35-9;49-18;49-19;39-24;34-20;41-14,49-18,79,3
random,random_robot_74,10,6,1,SimpleHill,0-0,0,40,49-18,51-27;57-23;49-19;41-17;41-18;58-20,41-17,76,-3
random,random_robot_74,10,6,1,SimpleHill,0-0,0,41,41-17,46-13;41-26;39-23;46-16;34-18;40-15,39-23,83,7
random,random_robot_74,10,6,1,SimpleHill,0-0,0,42,39-23,46-24;36-19;32-29;34-28;37-26;39-16,39-16,74,-9
random,random_robot_74,10,6,1,SimpleHill,0-0,0,43,39-16,33-8;35-24;33-17;33-9;42-7;46-14,33-9,60,-14
random,random_robot_74,10,6,1,SimpleHill,0-0,0,44,33-9,37-17;38-17;41-6;30-11;41-7;28-15,28-15,65,5
random,random_robot_74,10,6,1,SimpleHill,0-0,0,45,28-15,34-21;31-7;22-17;33-20;33-17;25-15,33-20,76,11
random,random_robot_74,10,6,1,SimpleHill,0-0,0,46,33-20,41-15;40-20;27-25;31-25;40-26;27-23,41-15,73,-3
random,random_robot_74,10,6,1,SimpleHill,0-0,0,47,41-15,37-18;41-20;33-10;39-7;46-14;36-21,41-20,80,7
random,random_robot_74,10,6,1,SimpleHill,0-0,0,48,41-20,45-25;45-29;39-23;34-15;38-11;41-15,45-25,87,7
random,random_robot_74,10,6,1,SimpleHill,0-0,0,49,45-25,51-19;48-28;42-17;38-28;44-28;36-25,36-25,83,-4
random,random_robot_74,10,6,1,SimpleHill,0-0,0,50,36-25,31-21;44-26;32-21;34-30;42-23;39-34,39-34,92,9
random,random_robot_74,10,6,1,SimpleHill,0-0,0,51,39-34,30-33;39-25;32-40;40-28;47-38;33-33,40-28,88,-4
random,random_robot_74,10,6,1,SimpleHill,0-0,0,52,40-28,43-29;32-26;48-28;47-32;33-35;37-24,37-24,83,-5
random,random_robot_74,10,6,1,SimpleHill,0-0,0,53,37-24,40-29;39-23;41-31;31-26;40-22;43-20,31-26,81,-2
random,random_robot_74,10,6,1,SimpleHill,0-0,0,54,31-26,30-31;30-23;40-24;40-25;38-22;30-33,38-22,81,0
random,random_robot_74,10,6,1,SimpleHill,0-0,0,55,38-22,38-15;32-15;38-18;35-28;39-28;43-23,43-23,84,3
random,random_robot_74,10,6,1,SimpleHill,0-0,0,56,43-23,44-31;51-29;47-23;41-23;38-21;47-22,47-23,85,1
random,random_robot_74,10,6,1,SimpleHill,0-0,0,57,47-23,39-17;44-20;42-28;50-31;38-21;50-18,50-31,92,7
random,random_robot_74,10,6,1,SimpleHill,0-0,0,58,50-31,48-29;49-23;58-37;47-38;55-32;50-25,50-25,87,-5
random,random_robot_74,10,6,1,SimpleHill,0-0,0,59,50-25,54-20;41-29;55-31;56-25;53-20;51-32,53-20,81,-6
random,random_robot_74,10,6,1,SimpleHill,0-0,0,60,53-20,57-28;51-24;52-18;58-27;50-12;54-20,51-24,86,5
random,random_robot_74,10,6,1,SimpleHill,0-0,0,61,51-24,48-30;53-23;49-23;54-32;48-31;48-27,48-30,91,5
random,random_robot_74,10,6,1,SimpleHill,0-0,0,62,48-30,53-24;39-28;56-28;49-23;46-27;45-39,39-28,87,-4
random,random_robot_74,10,6,1,SimpleHill,0-0,0,63,39-28,33-35;45-24;43-20;40-32;44-25;44-34,33-35,89,2
random,random_robot_74,10,6,1,SimpleHill,0-0,0,64,33-35,34-29;25-33;34-43;30-32;32-38;27-28,27-28,79,-10
random,random_robot_74,10,6,1,SimpleHill,0-0,0,65,27-28,31-25;23-23;23-32;36-28;29-26;33-31,36-28,86,7
random,random_robot_74,10,6,1,SimpleHill,0-0,0,66,36-28,33-29;42-22;43-27;34-20;41-33;37-25,42-22,83,-3
random,random_robot_74,10,6,1,SimpleHill,0-0,0,67,42-22,38-17;33-24;43-30;34-21;50-21;44-28,44-28,89,6
random,random_robot_74,10,6,1,SimpleHill,0-0,0,68,44-28,40-26;48-34;50-34;51-27;46-37;46-25,46-37,96,7
random,random_robot_74,10,6,1,SimpleHill,0-0,0,69,46-37,55-39;39-32;46-31;51-44;45-30;40-31,46-31,92,-4
random,random_robot_74,10,6,1,SimpleHill,0-0,0,70,46-31,44-37;39-26;46-40;47-33;50-33;46-27,39-26,86,-6
random,random_robot_74,10,6,1,SimpleHill,0-0,0,71,39-26,40-18;42-21;44-29;40-27;40-21;41-28,44-29,90,4
random,random_robot_74,10,6,1,SimpleHill,0-0,0,72,44-29,43-25;42-38;47-35;51-27;35-32;39-31,42-38,95,5
random,random_robot_74,10,6,1,SimpleHill,0-0,0,73,42-38,40-36;48-41;43-46;51-39;39-40;40-33,40-33,92,-3
random,random_robot_74,10,6,1,SimpleHill,0-0,0,74,40-33,38-27;47-33;47-40;34-26;40-24;31-30,34-26,83,-9
random,random_robot_74,10,6,1,SimpleHill,0-0,0,75,34-26,34-32;38-24;36-20;32-25;34-20;28-34,36-20,78,-5
random,random_robot_74,10,6,1,SimpleHill,0-0,0,76,36-20,38-26;36-13;35-20;33-28;41-25;40-23,33-28,84,6
random,random_robot_74,10,6,1,SimpleHill,0-0,0,77,33-28,28-20;41-22;28-24;29-24;40-32;37-30,37-30,88,4
random,random_robot_74,10,6,1,SimpleHill,0-0,0,78,37-30,29-28;31-26;35-34;43-32;38-33;32-37,32-37,90,2
random,random_robot_74,10,6,1,SimpleHill,0-0,0,79,32-37,39-30;28-36;23-39;25-38;35-40;40-36,40-36,94,4
