subj_id,date,computer,experimenter,version,generation,inherit_from,sight_radius,n_gabors,block_ix,landscape_name,starting_pos,starting_score,trial,pos,stims,selected,rt,score,delta,exp_time,landscape_ix
GEMS126,2018_Oct_04_1437,George,VC,1.2,2,GEMS112,10,6,1,SimpleHill,0-0,0,0,0-0,1-4;7-6;5-3;6-5;8-6;5-2,1-4,53.52,9,9,185.733041729,1
GEMS126,2018_Oct_04_1437,George,VC,1.2,2,GEMS112,10,6,1,SimpleHill,0-0,0,1,1-4,5-8;6-5;6-7;5-6;1-12;7-5,6-5,30.85,20,11,220.72693372,1
GEMS126,2018_Oct_04_1437,George,VC,1.2,2,GEMS112,10,6,1,SimpleHill,0-0,0,2,6-5,5-1;8-10;7-7;9-3;9-9;3-5,3-5,39.29,15,-5,264.087296961,1
GEMS126,2018_Oct_04_1437,George,VC,1.2,2,GEMS112,10,6,1,SimpleHill,0-0,0,3,3-5,5-14;4-13;1-10;12-2;0-7;4-14,0-7,21.36,13,-2,289.530159934,1
GEMS126,2018_Oct_04_1437,George,VC,1.2,2,GEMS112,10,6,1,SimpleHill,0-0,0,4,0-7,2-2;6-6;3-16;1-2;1-5;5-11,6-6,25.84,22,9,319.44958556,1
GEMS126,2018_Oct_04_1437,George,VC,1.2,2,GEMS112,10,6,1,SimpleHill,0-0,0,5,6-6,11-13;15-5;14-0;6-5;8-7;9-4,8-7,46.71,27,5,370.216756853,1
GEMS126,2018_Oct_04_1437,George,VC,1.2,2,GEMS112,10,6,1,SimpleHill,0-0,0,6,8-7,15-1;10-3;13-6;5-7;0-9;13-10,5-7,20.11,22,-5,394.38998718,1
GEMS126,2018_Oct_04_1437,George,VC,1.2,2,GEMS112,10,6,1,SimpleHill,0-0,0,7,5-7,9-15;10-7;14-4;2-5;7-9;9-6,2-5,28.54,13,-9,427.005240558,1
GEMS126,2018_Oct_04_1437,George,VC,1.2,2,GEMS112,10,6,1,SimpleHill,0-0,0,8,2-5,10-1;7-4;0-13;3-0;4-12;3-9,7-4,30.77,20,7,461.824350092,1
GEMS126,2018_Oct_04_1437,George,VC,1.2,2,GEMS112,10,6,1,SimpleHill,0-0,0,9,7-4,5-12;9-12;10-10;15-2;12-11;1-7,1-7,19.73,15,-5,485.630859497,1
GEMS126,2018_Oct_04_1437,George,VC,1.2,2,GEMS112,10,6,1,SimpleHill,0-0,0,10,1-7,9-8;8-3;2-11;2-5;3-14;3-5,9-8,31.8,31,16,521.493712579,1
GEMS126,2018_Oct_04_1437,George,VC,1.2,2,GEMS112,10,6,1,SimpleHill,0-0,0,11,9-8,14-11;11-15;14-4;2-3;1-4;16-14,14-11,20.78,43,12,546.336420307,1
GEMS126,2018_Oct_04_1437,George,VC,1.2,2,GEMS112,10,6,1,SimpleHill,0-0,0,12,14-11,6-15;17-11;14-7;18-17;10-12;8-11,10-12,55.22,39,-4,605.623086046,1
GEMS126,2018_Oct_04_1437,George,VC,1.2,2,GEMS112,10,6,1,SimpleHill,0-0,0,13,10-12,16-14;10-8;18-12;2-6;1-13;9-17,16-14,54.91,50,11,664.58059342,1
GEMS126,2018_Oct_04_1437,George,VC,1.2,2,GEMS112,10,6,1,SimpleHill,0-0,0,14,16-14,20-21;14-15;20-19;14-16;18-10;22-9,14-15,16.38,49,-1,685.017604778,1
GEMS126,2018_Oct_04_1437,George,VC,1.2,2,GEMS112,10,6,1,SimpleHill,0-0,0,15,14-15,17-6;20-22;9-12;13-15;7-21;8-21,13-15,9.65,48,-1,698.705994216,1
GEMS126,2018_Oct_04_1437,George,VC,1.2,2,GEMS112,10,6,1,SimpleHill,0-0,0,16,13-15,17-16;21-21;7-11;18-20;19-9;14-12,17-16,18.06,55,7,720.823708626,1
GEMS126,2018_Oct_04_1437,George,VC,1.2,2,GEMS112,10,6,1,SimpleHill,0-0,0,17,17-16,12-13;25-10;21-25;23-17;21-11;18-22,23-17,18.09,63,8,742.981562661,1
GEMS126,2018_Oct_04_1437,George,VC,1.2,2,GEMS112,10,6,1,SimpleHill,0-0,0,18,23-17,23-11;20-19;18-24;22-22;18-13;24-21,18-13,20.56,52,-11,767.601102079,1
GEMS126,2018_Oct_04_1437,George,VC,1.2,2,GEMS112,10,6,1,SimpleHill,0-0,0,19,18-13,22-19;17-10;16-6;24-13;27-17;25-19,24-13,16.58,59,7,788.252717347,1
GEMS126,2018_Oct_04_1437,George,VC,1.2,2,GEMS112,10,6,1,SimpleHill,0-0,0,20,24-13,31-9;23-22;22-19;21-21;22-20;20-18,20-18,21.13,61,2,813.433850123,1
GEMS126,2018_Oct_04_1437,George,VC,1.2,2,GEMS112,10,6,1,SimpleHill,0-0,0,21,20-18,15-24;22-20;28-15;18-21;26-10;29-19,29-19,23.95,71,10,841.437659546,1
GEMS126,2018_Oct_04_1437,George,VC,1.2,2,GEMS112,10,6,1,SimpleHill,0-0,0,22,29-19,25-15;20-19;31-16;26-27;38-22;22-18,22-18,34.57,63,-8,880.056266855,1
GEMS126,2018_Oct_04_1437,George,VC,1.2,2,GEMS112,10,6,1,SimpleHill,0-0,0,23,22-18,16-14;14-24;30-21;28-25;27-14;20-19,20-19,8.33,62,-1,892.477261415,1
GEMS126,2018_Oct_04_1437,George,VC,1.2,2,GEMS112,10,6,1,SimpleHill,0-0,0,24,20-19,27-18;26-25;15-26;28-13;16-13;23-18,27-18,7.54,68,6,904.067181056,1
GEMS126,2018_Oct_04_1437,George,VC,1.2,2,GEMS112,10,6,1,SimpleHill,0-0,0,25,27-18,27-23;33-13;28-16;27-17;23-14;30-27,27-17,29.7,67,-1,937.834199984,1
GEMS126,2018_Oct_04_1437,George,VC,1.2,2,GEMS112,10,6,1,SimpleHill,0-0,0,26,27-17,28-11;22-24;22-20;24-21;33-17;20-14,33-17,7.93,72,5,949.82144237,1
GEMS126,2018_Oct_04_1437,George,VC,1.2,2,GEMS112,10,6,1,SimpleHill,0-0,0,27,33-17,39-16;39-15;35-25;31-19;34-22;26-12,39-16,13.12,74,2,967.02842071,1
GEMS126,2018_Oct_04_1437,George,VC,1.2,2,GEMS112,10,6,1,SimpleHill,0-0,0,28,39-16,35-18;31-15;42-18;45-9;32-13;46-17,31-15,5.94,68,-6,977.045566796,1
GEMS126,2018_Oct_04_1437,George,VC,1.2,2,GEMS112,10,6,1,SimpleHill,0-0,0,29,31-15,27-15;31-21;37-7;30-23;26-23;33-11,27-15,6.85,64,-4,987.973983826,1
GEMS126,2018_Oct_04_1437,George,VC,1.2,2,GEMS112,10,6,1,SimpleHill,0-0,0,30,27-15,21-8;21-11;35-18;35-10;31-12;32-10,31-12,20.24,63,-1,1012.26719258,1
GEMS126,2018_Oct_04_1437,George,VC,1.2,2,GEMS112,10,6,1,SimpleHill,0-0,0,31,31-12,32-5;28-6;40-8;32-12;28-16;38-12,38-12,7.65,68,5,1023.98169518,1
GEMS126,2018_Oct_04_1437,George,VC,1.2,2,GEMS112,10,6,1,SimpleHill,0-0,0,32,38-12,42-19;31-17;45-5;37-20;32-19;46-14,46-14,4.35,73,5,1032.41376271,1
GEMS126,2018_Oct_04_1437,George,VC,1.2,2,GEMS112,10,6,1,SimpleHill,0-0,0,33,46-14,50-12;49-5;43-12;37-17;43-14;46-12,46-12,17.76,70,-3,1054.25687599,1
GEMS126,2018_Oct_04_1437,George,VC,1.2,2,GEMS112,10,6,1,SimpleHill,0-0,0,34,46-12,40-9;39-17;52-19;46-7;47-7;48-17,48-17,13.61,78,8,1071.93346393,1
GEMS126,2018_Oct_04_1437,George,VC,1.2,2,GEMS112,10,6,1,SimpleHill,0-0,0,35,48-17,46-12;56-17;45-19;49-21;55-12;44-9,45-19,13.12,80,2,1089.13305165,1
GEMS126,2018_Oct_04_1437,George,VC,1.2,2,GEMS112,10,6,1,SimpleHill,0-0,0,36,45-19,48-27;38-26;44-21;48-22;46-17;43-14,46-17,7.4,77,-3,1100.58444029,1
GEMS126,2018_Oct_04_1437,George,VC,1.2,2,GEMS112,10,6,1,SimpleHill,0-0,0,37,46-17,52-22;50-11;51-24;43-19;50-24;55-15,43-19,16.79,79,2,1121.43804014,1
GEMS126,2018_Oct_04_1437,George,VC,1.2,2,GEMS112,10,6,1,SimpleHill,0-0,0,38,43-19,48-14;41-27;42-17;43-9;48-15;51-13,42-17,8.77,76,-3,1134.27586133,1
GEMS126,2018_Oct_04_1437,George,VC,1.2,2,GEMS112,10,6,1,SimpleHill,0-0,0,39,42-17,37-21;42-16;45-24;51-21;45-11;42-20,42-16,2.89,75,-1,1141.23045522,1
GEMS126,2018_Oct_04_1437,George,VC,1.2,2,GEMS112,10,6,2,SimpleHill,0-0,0,0,0-0,4-0;7-5;0-6;6-7;7-6;4-6,0-6,12.53,11,11,1172.84298013,1
GEMS126,2018_Oct_04_1437,George,VC,1.2,2,GEMS112,10,6,2,SimpleHill,0-0,0,1,0-6,9-9;2-11;8-1;0-0;6-10;1-6,1-6,8.85,13,2,1185.77380009,1
GEMS126,2018_Oct_04_1437,George,VC,1.2,2,GEMS112,10,6,2,SimpleHill,0-0,0,2,1-6,1-1;7-0;7-8;10-8;3-3;2-8,10-8,9.4,32,19,1199.26476756,1
GEMS126,2018_Oct_04_1437,George,VC,1.2,2,GEMS112,10,6,2,SimpleHill,0-0,0,3,10-8,7-17;11-2;17-11;11-13;16-6;10-2,17-11,7.82,47,15,1211.15943369,1
GEMS126,2018_Oct_04_1437,George,VC,1.2,2,GEMS112,10,6,2,SimpleHill,0-0,0,4,17-11,21-3;12-4;23-4;22-9;17-19;16-2,22-9,13.59,50,3,1228.825561,1
GEMS126,2018_Oct_04_1437,George,VC,1.2,2,GEMS112,10,6,2,SimpleHill,0-0,0,5,22-9,20-2;26-4;20-14;17-6;23-5;24-2,23-5,16.24,44,-6,1249.13759569,1
GEMS126,2018_Oct_04_1437,George,VC,1.2,2,GEMS112,10,6,2,SimpleHill,0-0,0,6,23-5,27-0;27-14;29-7;23-0;26-13;19-1,29-7,13.5,54,10,1266.70058369,1
GEMS126,2018_Oct_04_1437,George,VC,1.2,2,GEMS112,10,6,2,SimpleHill,0-0,0,7,29-7,30-11;21-6;37-7;22-5;26-6;32-14,26-6,20.61,49,-5,1291.37756662,1
GEMS126,2018_Oct_04_1437,George,VC,1.2,2,GEMS112,10,6,2,SimpleHill,0-0,0,8,26-6,29-6;33-10;34-4;25-15;31-4;29-9,31-4,22.51,50,1,1317.9650558,1
GEMS126,2018_Oct_04_1437,George,VC,1.2,2,GEMS112,10,6,2,SimpleHill,0-0,0,9,31-4,33-8;38-6;35-3;28-8;40-0;29-8,35-3,5.85,51,1,1327.89076036,1
GEMS126,2018_Oct_04_1437,George,VC,1.2,2,GEMS112,10,6,2,SimpleHill,0-0,0,10,35-3,37-0;30-0;41-3;41-1;43-1;29-11,41-3,12.2,54,3,1344.22372655,1
GEMS126,2018_Oct_04_1437,George,VC,1.2,2,GEMS112,10,6,2,SimpleHill,0-0,0,11,41-3,45-9;40-3;43-8;37-5;47-10;37-3,40-3,20.15,53,-1,1368.43353803,1
GEMS126,2018_Oct_04_1437,George,VC,1.2,2,GEMS112,10,6,2,SimpleHill,0-0,0,12,40-3,39-7;34-0;46-9;37-8;32-4;33-8,32-4,14.19,51,-2,1386.69631461,1
GEMS126,2018_Oct_04_1437,George,VC,1.2,2,GEMS112,10,6,2,SimpleHill,0-0,0,13,32-4,35-6;27-5;33-7;23-7;39-8;32-14,27-5,5.59,48,-3,1396.35559834,1
GEMS126,2018_Oct_04_1437,George,VC,1.2,2,GEMS112,10,6,2,SimpleHill,0-0,0,14,27-5,35-1;34-8;26-2;30-6;25-13;23-2,30-6,5.52,53,5,1405.93967693,1
GEMS126,2018_Oct_04_1437,George,VC,1.2,2,GEMS112,10,6,2,SimpleHill,0-0,0,15,30-6,30-9;21-10;32-6;36-14;26-8;28-15,32-6,8.39,54,1,1418.39848084,1
GEMS126,2018_Oct_04_1437,George,VC,1.2,2,GEMS112,10,6,2,SimpleHill,0-0,0,16,32-6,31-3;39-6;31-11;42-6;34-10;23-4,42-6,14.42,60,6,1436.89515876,1
GEMS126,2018_Oct_04_1437,George,VC,1.2,2,GEMS112,10,6,2,SimpleHill,0-0,0,17,42-6,47-8;45-3;39-14;51-6;45-9;36-14,51-6,9.81,61,1,1450.77885948,1
GEMS126,2018_Oct_04_1437,George,VC,1.2,2,GEMS112,10,6,2,SimpleHill,0-0,0,18,51-6,48-1;51-12;52-3;61-6;53-10;53-8,53-8,9.8,64,3,1464.63332965,1
GEMS126,2018_Oct_04_1437,George,VC,1.2,2,GEMS112,10,6,2,SimpleHill,0-0,0,19,53-8,55-0;47-14;57-14;61-4;48-4;57-13,61-4,23.52,55,-9,1492.23228103,1
GEMS126,2018_Oct_04_1437,George,VC,1.2,2,GEMS112,10,6,2,SimpleHill,0-0,0,20,61-4,59-0;67-4;59-12;64-4;56-11;52-4,64-4,11.35,53,-2,1507.65371764,1
GEMS126,2018_Oct_04_1437,George,VC,1.2,2,GEMS112,10,6,2,SimpleHill,0-0,0,21,64-4,70-11;62-3;65-5;62-5;65-1;61-5,65-5,3.84,55,2,1515.57709353,1
GEMS126,2018_Oct_04_1437,George,VC,1.2,2,GEMS112,10,6,2,SimpleHill,0-0,0,22,65-5,60-2;68-2;60-9;63-4;58-8;70-2,63-4,3.58,54,-1,1523.23679434,1
GEMS126,2018_Oct_04_1437,George,VC,1.2,2,GEMS112,10,6,2,SimpleHill,0-0,0,23,63-4,64-11;63-12;70-4;62-9;59-3;57-7,62-9,3.51,63,9,1530.82002436,1
GEMS126,2018_Oct_04_1437,George,VC,1.2,2,GEMS112,10,6,2,SimpleHill,0-0,0,24,62-9,69-4;66-0;53-5;55-11;68-7;62-4,68-7,3.72,56,-7,1538.60706221,1
GEMS126,2018_Oct_04_1437,George,VC,1.2,2,GEMS112,10,6,2,SimpleHill,0-0,0,25,68-7,60-5;68-3;69-16;62-1;60-8;67-9,67-9,10.51,60,4,1553.17579171,1
GEMS126,2018_Oct_04_1437,George,VC,1.2,2,GEMS112,10,6,2,SimpleHill,0-0,0,26,67-9,69-8;70-7;65-18;64-12;63-3;61-10,70-7,15.26,55,-5,1572.5172506,1
GEMS126,2018_Oct_04_1437,George,VC,1.2,2,GEMS112,10,6,2,SimpleHill,0-0,0,27,70-7,69-15;65-5;63-7;68-6;67-13;66-2,63-7,5.97,59,4,1582.56257284,1
GEMS126,2018_Oct_04_1437,George,VC,1.2,2,GEMS112,10,6,2,SimpleHill,0-0,0,28,63-7,61-5;57-11;68-7;57-13;65-6;59-8,68-7,10.09,56,-3,1596.72049954,1
GEMS126,2018_Oct_04_1437,George,VC,1.2,2,GEMS112,10,6,2,SimpleHill,0-0,0,29,68-7,67-5;61-12;70-7;61-13;64-12;66-5,67-5,10.49,53,-3,1611.28105611,1
GEMS126,2018_Oct_04_1437,George,VC,1.2,2,GEMS112,10,6,2,SimpleHill,0-0,0,30,67-5,59-8;59-3;70-7;63-1;65-13;61-1,59-3,9.56,54,1,1624.9082784,1
GEMS126,2018_Oct_04_1437,George,VC,1.2,2,GEMS112,10,6,2,SimpleHill,0-0,0,31,59-3,51-9;55-11;56-9;59-8;58-10;55-0,59-8,6.96,63,9,1635.9307473,1
GEMS126,2018_Oct_04_1437,George,VC,1.2,2,GEMS112,10,6,2,SimpleHill,0-0,0,32,59-8,58-13;63-3;59-15;68-12;59-0;56-16,58-13,11.5,71,8,1651.48206473,1
GEMS126,2018_Oct_04_1437,George,VC,1.2,2,GEMS112,10,6,2,SimpleHill,0-0,0,33,58-13,61-19;58-6;66-13;57-10;63-11;67-15,57-10,8.6,67,-4,1664.15744656,1
GEMS126,2018_Oct_04_1437,George,VC,1.2,2,GEMS112,10,6,2,SimpleHill,0-0,0,34,57-10,60-17;55-1;57-17;49-13;64-6;62-14,64-6,22.12,57,-10,1690.34479521,1
GEMS126,2018_Oct_04_1437,George,VC,1.2,2,GEMS112,10,6,2,SimpleHill,0-0,0,35,64-6,67-12;66-8;57-0;61-8;62-15;60-3,61-8,5.9,62,5,1700.29012242,1
GEMS126,2018_Oct_04_1437,George,VC,1.2,2,GEMS112,10,6,2,SimpleHill,0-0,0,36,61-8,53-4;58-7;66-3;68-11;66-9;61-12,58-7,3.56,61,-1,1707.93475006,1
GEMS126,2018_Oct_04_1437,George,VC,1.2,2,GEMS112,10,6,2,SimpleHill,0-0,0,37,58-7,60-7;50-7;61-10;59-5;51-3;54-4,60-7,11.17,61,0,1723.18411828,1
GEMS126,2018_Oct_04_1437,George,VC,1.2,2,GEMS112,10,6,2,SimpleHill,0-0,0,38,60-7,65-14;55-10;64-10;63-8;66-12;68-9,68-9,16.19,59,-2,1743.42585293,1
GEMS126,2018_Oct_04_1437,George,VC,1.2,2,GEMS112,10,6,2,SimpleHill,0-0,0,39,68-9,62-16;61-6;67-15;59-6;62-3;62-13,62-13,10.55,69,10,1758.03110501,1
