subj_id,date,computer,experimenter,instructions,sight_radius,n_gabors,landscape_ix,landscape_name,starting_pos,starting_score,trial,feedback,pos,stims,selected,rt,score,delta,exp_time
GEMS100b,2018_Feb_27_1354,Kramer,XXX,orientation,8,6,0,OrientationBias,0-0,0,0,training,0-0,4-4;7-3;3-1;7-1;3-5;5-6,4-4,6.7,15,15,65.0222906154
GEMS100b,2018_Feb_27_1354,Kramer,XXX,orientation,8,6,0,OrientationBias,0-0,0,1,training,4-4,6-3;10-3;0-9;11-4;12-4;8-0,12-4,9.86,42,27,89.7364484755
GEMS100b,2018_Feb_27_1354,Kramer,XXX,orientation,8,6,0,OrientationBias,0-0,0,2,training,12-4,19-4;5-1;11-8;7-2;19-1;13-4,7-2,5.16,26,-16,103.962990562
GEMS100b,2018_Feb_27_1354,Kramer,XXX,orientation,8,6,0,OrientationBias,0-0,0,3,training,7-2,8-0;10-7;9-1;6-3;0-5;8-6,8-6,6.66,29,3,120.267384635
GEMS100b,2018_Feb_27_1354,Kramer,XXX,orientation,8,6,0,OrientationBias,0-0,0,4,training,8-6,1-3;13-9;11-4;7-3;6-5;11-2,11-4,5.17,39,10,131.829952354
GEMS100b,2018_Feb_27_1354,Kramer,XXX,orientation,8,6,0,OrientationBias,0-0,0,5,training,11-4,10-0;11-3;15-0;6-6;8-4;14-7,11-3,7.71,39,0,151.225812275
GEMS100b,2018_Feb_27_1354,Kramer,XXX,orientation,8,6,0,OrientationBias,0-0,0,6,training,11-3,16-7;8-2;4-2;10-10;18-3;5-3,8-2,5.94,29,-10,164.182039599
GEMS100b,2018_Feb_27_1354,Kramer,XXX,orientation,8,6,0,OrientationBias,0-0,0,7,training,8-2,8-5;12-0;3-3;0-2;9-0;4-4,8-5,4.75,29,0,174.781770081
GEMS100b,2018_Feb_27_1354,Kramer,XXX,orientation,8,6,0,OrientationBias,0-0,0,8,training,8-5,12-0;4-0;3-1;8-7;6-5;9-9,6-5,5.69,22,-7,186.793580541
GEMS100b,2018_Feb_27_1354,Kramer,XXX,orientation,8,6,0,OrientationBias,0-0,0,9,training,6-5,13-6;7-11;5-11;11-2;8-7;12-4,13-6,4.16,45,23,194.143816369
GEMS100b,2018_Feb_27_1354,Kramer,XXX,orientation,8,6,0,OrientationBias,0-0,0,10,training,13-6,16-2;7-5;14-12;17-9;13-6;13-0,7-5,4.7,26,-19,214.975911104
GEMS100b,2018_Feb_27_1354,Kramer,XXX,orientation,8,6,0,OrientationBias,0-0,0,11,training,7-5,3-3;3-4;2-4;0-4;12-0;1-3,3-3,5.07,11,-15,227.701488911
GEMS100b,2018_Feb_27_1354,Kramer,XXX,orientation,8,6,0,OrientationBias,0-0,0,12,training,3-3,2-10;6-9;3-10;6-7;5-2;3-5,5-2,1.54,19,8,232.100199258
GEMS100b,2018_Feb_27_1354,Kramer,XXX,orientation,8,6,0,OrientationBias,0-0,0,13,training,5-2,9-3;1-1;6-2;7-1;8-6;6-3,9-3,1.31,32,13,237.819379052
GEMS100b,2018_Feb_27_1354,Kramer,XXX,orientation,8,6,0,OrientationBias,0-0,0,14,training,9-3,6-6;3-4;4-2;6-9;8-9;7-6,3-4,4.62,11,-21,245.055720457
GEMS100b,2018_Feb_27_1354,Kramer,XXX,orientation,8,6,0,OrientationBias,0-0,0,15,training,3-4,8-7;4-2;8-0;4-4;4-10;7-9,4-10,1.59,15,4,258.02793481
GEMS100b,2018_Feb_27_1354,Kramer,XXX,orientation,8,6,0,OrientationBias,0-0,0,16,training,4-10,10-13;2-4;5-15;7-4;7-14;10-14,10-13,1.12,36,21,273.215132702
GEMS100b,2018_Feb_27_1354,Kramer,XXX,orientation,8,6,0,OrientationBias,0-0,0,17,training,10-13,10-15;11-9;6-16;6-7;7-14;4-18,4-18,3.63,15,-21,279.652741354
GEMS100b,2018_Feb_27_1354,Kramer,XXX,orientation,8,6,0,OrientationBias,0-0,0,18,training,4-18,11-15;5-12;0-19;9-15;7-20;10-16,11-15,1.91,39,24,285.667708889
GEMS100b,2018_Feb_27_1354,Kramer,XXX,orientation,8,6,0,OrientationBias,0-0,0,19,training,11-15,13-9;12-15;10-19;18-15;16-13;12-9,12-15,5.8,42,3,293.905285211
GEMS100b,2018_Feb_27_1354,Kramer,XXX,orientation,8,6,1,SimpleHill,0-0,0,0,selected,0-0,1-3;1-1;3-5;4-1;2-3;4-2,4-2,5.76,11,11,320.028403746
GEMS100b,2018_Feb_27_1354,Kramer,XXX,orientation,8,6,1,SimpleHill,0-0,0,1,selected,4-2,10-0;3-4;1-7;0-7;2-5;3-3,0-7,5.45,13,2,329.043037104
GEMS100b,2018_Feb_27_1354,Kramer,XXX,orientation,8,6,1,SimpleHill,0-0,0,2,selected,0-7,1-3;1-4;2-8;3-10;3-9;5-11,5-11,2.15,29,16,334.762209216
GEMS100b,2018_Feb_27_1354,Kramer,XXX,orientation,8,6,1,SimpleHill,0-0,0,3,selected,5-11,11-6;11-11;2-5;8-12;5-6;4-9,11-6,2.54,30,1,340.8997236
GEMS100b,2018_Feb_27_1354,Kramer,XXX,orientation,8,6,1,SimpleHill,0-0,0,4,selected,11-6,10-10;17-5;18-5;11-9;7-5;7-6,10-10,2.27,36,6,346.74102292
GEMS100b,2018_Feb_27_1354,Kramer,XXX,orientation,8,6,1,SimpleHill,0-0,0,5,selected,10-10,8-16;4-5;9-7;4-14;15-12;9-12,8-16,0.81,41,5,351.106611995
GEMS100b,2018_Feb_27_1354,Kramer,XXX,orientation,8,6,1,SimpleHill,0-0,0,6,selected,8-16,15-18;9-17;13-10;10-18;7-11;8-21,8-21,3.53,47,6,358.203919855
GEMS100b,2018_Feb_27_1354,Kramer,XXX,orientation,8,6,1,SimpleHill,0-0,0,7,selected,8-21,5-18;15-19;13-25;12-21;4-22;8-24,8-24,2.8,51,4,364.575406958
GEMS100b,2018_Feb_27_1354,Kramer,XXX,orientation,8,6,1,SimpleHill,0-0,0,8,selected,8-24,12-29;4-22;11-23;7-23;13-26;4-30,13-26,5.12,61,10,373.245775177
GEMS100b,2018_Feb_27_1354,Kramer,XXX,orientation,8,6,1,SimpleHill,0-0,0,9,selected,13-26,9-25;10-29;11-31;10-23;17-22;14-32,9-25,2.72,53,-8,379.540490286
GEMS100b,2018_Feb_27_1354,Kramer,XXX,orientation,8,6,1,SimpleHill,0-0,0,10,selected,9-25,11-30;11-28;14-29;3-27;5-27;16-28,16-28,1.4,67,14,384.526044182
GEMS100b,2018_Feb_27_1354,Kramer,XXX,orientation,8,6,1,SimpleHill,0-0,0,11,selected,16-28,22-29;19-30;16-27;17-24;17-27;14-26,14-26,8.96,62,-5,397.064464429
GEMS100b,2018_Feb_27_1354,Kramer,XXX,orientation,8,6,1,SimpleHill,0-0,0,12,selected,14-26,11-25;8-23;16-32;17-30;12-32;9-25,11-25,4.29,57,-5,404.921079865
GEMS100b,2018_Feb_27_1354,Kramer,XXX,orientation,8,6,1,SimpleHill,0-0,0,13,selected,11-25,6-24;5-29;16-21;13-18;15-27;6-30,15-27,3.44,64,7,411.939203193
GEMS100b,2018_Feb_27_1354,Kramer,XXX,orientation,8,6,1,SimpleHill,0-0,0,14,selected,15-27,10-24;9-31;14-26;21-26;13-28;20-25,20-25,3.08,69,5,418.598084885
GEMS100b,2018_Feb_27_1354,Kramer,XXX,orientation,8,6,1,SimpleHill,0-0,0,15,selected,20-25,19-20;14-24;16-30;25-20;14-25;21-26,25-20,5.75,69,0,427.925031089
GEMS100b,2018_Feb_27_1354,Kramer,XXX,orientation,8,6,1,SimpleHill,0-0,0,16,selected,25-20,27-17;19-18;21-14;24-23;20-18;24-21,27-17,1.43,67,-2,432.901240199
GEMS100b,2018_Feb_27_1354,Kramer,XXX,orientation,8,6,1,SimpleHill,0-0,0,17,selected,27-17,29-21;26-18;34-19;25-10;28-23;33-17,33-17,5.41,72,5,441.876072911
GEMS100b,2018_Feb_27_1354,Kramer,XXX,orientation,8,6,1,SimpleHill,0-0,0,18,selected,33-17,32-13;35-22;36-19;31-17;38-19;31-19,38-19,1.87,77,5,447.322021577
GEMS100b,2018_Feb_27_1354,Kramer,XXX,orientation,8,6,1,SimpleHill,0-0,0,19,selected,38-19,35-18;43-20;36-12;36-19;34-25;43-21,35-18,3.04,75,-2,453.932254301
GEMS100b,2018_Feb_27_1354,Kramer,XXX,orientation,8,6,1,SimpleHill,0-0,0,20,selected,35-18,34-24;40-16;39-21;36-16;31-18;38-13,36-16,4.24,72,-3,461.752298826
GEMS100b,2018_Feb_27_1354,Kramer,XXX,orientation,8,6,1,SimpleHill,0-0,0,21,selected,36-16,37-10;42-19;34-17;40-18;32-15;36-23,37-10,3.02,64,-8,468.343250765
GEMS100b,2018_Feb_27_1354,Kramer,XXX,orientation,8,6,1,SimpleHill,0-0,0,22,selected,37-10,36-6;33-12;37-14;41-5;39-11;31-14,33-12,2.6,65,1,474.497346912
GEMS100b,2018_Feb_27_1354,Kramer,XXX,orientation,8,6,1,SimpleHill,0-0,0,23,selected,33-12,34-17;30-17;33-7;34-10;27-14;30-12,34-17,3.46,73,8,481.542640669
GEMS100b,2018_Feb_27_1354,Kramer,XXX,orientation,8,6,1,SimpleHill,0-0,0,24,selected,34-17,35-14;39-18;30-16;37-21;32-23;29-12,30-16,2.69,68,-5,487.809415847
GEMS100b,2018_Feb_27_1354,Kramer,XXX,orientation,8,6,1,SimpleHill,0-0,0,25,selected,30-16,28-13;35-19;23-14;34-14;30-13;38-16,35-19,9.47,76,8,500.858534712
GEMS100b,2018_Feb_27_1354,Kramer,XXX,orientation,8,6,1,SimpleHill,0-0,0,26,selected,35-19,33-19;40-24;33-14;30-23;33-17;39-16,33-17,3.38,72,-4,507.828079812
GEMS100b,2018_Feb_27_1354,Kramer,XXX,orientation,8,6,1,SimpleHill,0-0,0,27,selected,33-17,37-12;29-20;32-10;41-17;33-15;38-16,33-15,1.59,69,-3,512.991981998
GEMS100b,2018_Feb_27_1354,Kramer,XXX,orientation,8,6,1,SimpleHill,0-0,0,28,selected,33-15,27-17;31-13;28-21;33-16;26-12;31-21,28-21,4.43,73,4,520.987452686
GEMS100b,2018_Feb_27_1354,Kramer,XXX,orientation,8,6,1,SimpleHill,0-0,0,29,selected,28-21,30-20;32-25;26-20;31-25;33-18;28-25,32-25,4.5,81,8,529.05158838
GEMS100b,2018_Feb_27_1354,Kramer,XXX,orientation,8,6,1,SimpleHill,0-0,0,30,selected,32-25,33-30;26-22;38-25;31-28;31-19;26-26,33-30,6.65,86,5,539.27845344
GEMS100b,2018_Feb_27_1354,Kramer,XXX,orientation,8,6,1,SimpleHill,0-0,0,31,selected,33-30,35-27;38-31;29-28;39-26;38-33;31-25,38-33,5.02,91,5,547.87783118
GEMS100b,2018_Feb_27_1354,Kramer,XXX,orientation,8,6,1,SimpleHill,0-0,0,32,selected,38-33,40-35;40-27;32-37;40-39;42-36;41-38,40-39,2.82,95,4,554.26028882
GEMS100b,2018_Feb_27_1354,Kramer,XXX,orientation,8,6,1,SimpleHill,0-0,0,33,selected,40-39,40-34;33-39;46-43;42-44;43-32;42-37,42-44,6.43,98,3,564.247504317
GEMS100b,2018_Feb_27_1354,Kramer,XXX,orientation,8,6,1,SimpleHill,0-0,0,34,selected,42-44,37-38;40-43;44-37;42-38;48-49;39-48,39-48,5.92,97,-1,573.734968367
GEMS100b,2018_Feb_27_1354,Kramer,XXX,orientation,8,6,1,SimpleHill,0-0,0,35,selected,39-48,37-52;40-54;35-53;36-52;43-50;36-44,40-54,11.68,97,0,588.980567492
GEMS100b,2018_Feb_27_1354,Kramer,XXX,orientation,8,6,1,SimpleHill,0-0,0,36,selected,40-54,35-58;42-57;43-56;40-56;39-60;35-52,39-60,6.56,95,-2,599.107763368
GEMS100b,2018_Feb_27_1354,Kramer,XXX,orientation,8,6,1,SimpleHill,0-0,0,37,selected,39-60,31-60;39-55;37-60;43-62;37-55;37-62,43-62,1.27,96,1,603.957525299
GEMS100b,2018_Feb_27_1354,Kramer,XXX,orientation,8,6,1,SimpleHill,0-0,0,38,selected,43-62,41-62;48-64;40-59;42-67;35-62;47-62,42-67,4.77,92,-4,612.298801093
GEMS100b,2018_Feb_27_1354,Kramer,XXX,orientation,8,6,1,SimpleHill,0-0,0,39,selected,42-67,41-67;39-63;38-65;42-67;40-60;47-66,42-67,1.41,92,0,617.283638942
GEMS100b,2018_Feb_27_1354,Kramer,XXX,orientation,8,6,2,SimpleHill,0-0,0,0,selected,0-0,4-6;4-3;5-2;6-5;2-3;3-1,3-1,2.69,7,7,632.478218172
GEMS100b,2018_Feb_27_1354,Kramer,XXX,orientation,8,6,2,SimpleHill,0-0,0,1,selected,3-1,5-1;6-4;1-7;1-5;9-2;6-0,6-4,4.21,18,11,640.252687578
GEMS100b,2018_Feb_27_1354,Kramer,XXX,orientation,8,6,2,SimpleHill,0-0,0,2,selected,6-4,8-4;11-7;6-4;1-5;2-8;10-9,6-4,5.03,18,0,648.863853692
GEMS100b,2018_Feb_27_1354,Kramer,XXX,orientation,8,6,2,SimpleHill,0-0,0,3,selected,6-4,8-11;3-0;12-8;1-4;13-7;4-4,3-0,1.45,5,-13,653.879159885
GEMS100b,2018_Feb_27_1354,Kramer,XXX,orientation,8,6,2,SimpleHill,0-0,0,4,selected,3-0,10-3;10-0;10-1;9-4;1-3;2-2,2-2,1.91,7,2,659.348857509
GEMS100b,2018_Feb_27_1354,Kramer,XXX,orientation,8,6,2,SimpleHill,0-0,0,5,selected,2-2,8-1;1-3;8-0;3-4;2-10;1-7,2-10,0.95,21,14,663.878806822
GEMS100b,2018_Feb_27_1354,Kramer,XXX,orientation,8,6,2,SimpleHill,0-0,0,6,selected,2-10,3-13;1-15;6-16;1-10;9-12;4-5,1-15,1.12,27,6,668.55880439
GEMS100b,2018_Feb_27_1354,Kramer,XXX,orientation,8,6,2,SimpleHill,0-0,0,7,selected,1-15,7-18;7-13;7-19;3-19;8-16;1-14,7-19,15.5,43,16,687.645498616
GEMS100b,2018_Feb_27_1354,Kramer,XXX,orientation,8,6,2,SimpleHill,0-0,0,8,selected,7-19,6-15;1-18;0-19;7-24;8-24;7-19,8-24,1.74,51,8,692.944028591
GEMS100b,2018_Feb_27_1354,Kramer,XXX,orientation,8,6,2,SimpleHill,0-0,0,9,selected,8-24,9-25;7-20;3-29;11-25;10-29;7-24,10-29,3.49,59,8,700.001441698
GEMS100b,2018_Feb_27_1354,Kramer,XXX,orientation,8,6,2,SimpleHill,0-0,0,10,selected,10-29,6-30;5-33;14-26;6-28;14-35;3-31,5-33,5.56,53,-6,709.129190694
GEMS100b,2018_Feb_27_1354,Kramer,XXX,orientation,8,6,2,SimpleHill,0-0,0,11,selected,5-33,6-31;1-34;1-31;0-38;8-36;7-39,7-39,1.14,60,7,713.841251947
GEMS100b,2018_Feb_27_1354,Kramer,XXX,orientation,8,6,2,SimpleHill,0-0,0,12,selected,7-39,5-36;13-43;4-39;4-34;7-40;4-44,4-39,2.84,55,-5,720.266349135
GEMS100b,2018_Feb_27_1354,Kramer,XXX,orientation,8,6,2,SimpleH